3327.846219371198
3330.3462554920243
3332.846230839344
3335.346267660771
3337.8463060695235
3342.1796386846345
3344.6796119550577
3347.179585392296
3349.6795598337476
3352.1795357983447
3356.6370126904767
3359.137029549708
3361.6369857897407
3364.137003921688
3366.6370250193163
3371.1161845305182
3373.6161368652965
3376.1160890418496
3378.6161033148464
3381.1161202840826
3387.745326978402
3390.2453284418707
3392.745329309856
3395.245325661029
3398.7035670924115
3398.724441090223
3400.7035675878537
3400.724380572251
3402.7035082743528
3402.7243212654175
3404.70344925986
3404.72432328425
3413.928111739261
3413.948924749637
3416.9280561434966
3416.9488691726365
3427.5737860200634
3427.5946600960074
3430.5737947176744
3430.5946077754115
3433.573745280135
3433.5945583617713
3436.573700882441
3436.5945750523215
3441.035166211688
3444.035235922701
3447.035312623286
3450.0353360992513
3454.5979094182912
3457.597982621268
3460.59800130433
3463.597966568309
3468.385613723496
3471.5105815658467
3474.635490139982
3481.281180921189
3484.4061474580867
3487.531054887905
3494.8017615041126
3497.9267533231064
3501.05174880457
3507.8641207033843
3510.9891165232593
3514.1140549805186
3520.5100712925246
3523.635002651702
3526.7599382875715
3536.551557832882
3539.6764980215357
3546.385384767371
3549.510364319728
3552.635406607351
3559.906299705952
3563.031277786672
3566.156318972515
3572.615184433911
3575.740214515389
3578.865187000544
3585.927699685287
3589.052735724651
3592.1777141381326
3603.0787549419965
3606.2038168925264
3613.953907615427
3617.078914965406
3620.203918116999
3628.1201496056437
3631.2451250026115
3634.3700960641327
3637.495065283807
3643.2032824647645
3646.3281316156267
3649.453099274894
3657.344339148607
3660.719408966385
3664.0944211094493
3672.052891397593
3675.427966275082
3678.802983558745
3682.1780057217243
3687.9040873521753
3692.4039936907047
3701.6329986159826
3705.8829733026723
3715.6535780494505
3719.903584560012
3729.2370307075716
3733.487090381048
3821.1347149576613
3826.1348009053454
3828.9681868531266
3834.259975432821
3839.5100689486135
