3326.27704
3328.55421
3330.83156
3333.11038
3335.38919
3337.68596
3339.93734
3342.23119
3344.49564
3346.78579
3351.34109
3355.89342
3358.17293
3360.44890
3362.72861
3365.00826
3369.56496
3371.84108
3374.12079
3376.39815
3378.68647
3380.95739
3387.79699
3390.05808
3392.34720
3394.63150
3399.18068
3401.45866
3403.73836
3440.18901
3442.46902
3444.74593
3447.02210
3449.30368
3453.85692
3456.13654
3458.41738
3460.69092
3462.97197
3469.80494
3472.09326
3474.36752
3476.65951
3478.93339
3481.19491
3483.46906
3485.75656
3488.03687
3492.57658
3494.88659
3497.15010
3499.42351
3501.70897
3506.25933
3508.53233
3510.80699
3513.08913
3515.37241
3544.99364
3547.27171
3549.55045
3551.82680
3554.10467
3560.94236
3563.21888
3565.49608
3567.77539
3572.34225
3574.60410
3576.89142
3579.16313
3581.46440
3585.99513
3588.29885
3590.55742
3592.83976
3595.12135
3601.94971
3604.22797
3606.50696
3608.78391
3613.34203
3615.62054
3617.92503
3620.17593
3622.45520
3627.01297
3629.27962
3631.57321
3633.84659
3636.12507
3638.40449
3640.67478
3642.96698
3645.24193
3647.51562
3649.78805
3652.07704
3654.34208
3656.63287
3658.91008
3661.18911
3663.46681
3665.74431
3670.30193
3672.58000
3674.85649
3677.13525
3679.41296
3681.68983
