3545.00424
3545.90774
3546.80912
3547.71422
3548.61538
3549.51855
3550.42092
3551.32518
3552.22740
3553.12876
3554.03215
3554.93532
3557.64282
3559.44753
3560.35165
3561.25455
3562.15707
3563.06027
3563.96215
3564.86549
3565.76852
3566.67100
3567.57303
3571.18634
3572.08870
3572.98972
3573.89322
3574.79596
3575.69847
3576.60157
3577.50507
3578.40634
3579.30980
3580.21282
3581.11501
3583.82289
3584.72775
3585.62908
3586.53198
3587.43479
3588.33770
3589.24020
3590.14323
3591.04565
3591.94823
3592.85142
3593.75420
3594.65741
3601.88019
3602.78034
3604.58653
3605.49159
3606.39163
3607.29461
3608.19975
3609.10143
3611.80802
3612.71159
3613.61399
3614.51727
3615.41825
3616.32295
3617.22604
3618.12811
3619.03096
3619.93361
3620.83724
3621.73919
3622.64196
3623.54494
