3354.51820
3355.29915
3356.86087
3357.63954
3358.41892
3359.19835
3359.97894
3360.75868
3362.31884
3363.09915
3363.87847
3364.65921
3365.44000
3366.21894
3369.33934
3370.11981
3370.89898
3371.67834
3372.45816
3374.01726
3374.79871
3375.58577
3376.35890
3377.13990
3379.47867
3386.49828
3387.28773
3388.05897
3388.83637
3389.61824
3390.39784
3391.18204
3391.96139
3393.51847
3394.29846
3397.41928
3398.19451
3400.52691
3401.31152
3402.87367
3403.64220
3404.42073
3405.23063
3438.75795
3439.53724
3440.31741
3441.09413
3441.87738
3442.65683
3443.43784
3444.21786
3444.99729
3445.77699
3446.55665
3447.33662
3448.11593
3448.89693
3449.67733
3452.01764
3452.79689
3453.57685
3454.35596
3455.13571
3455.91695
3456.69658
3457.47718
3458.25675
3459.03655
3459.81756
3460.59740
3461.37747
3462.15583
3462.93731
3463.71901
