3602.30163
3604.65750
3605.84381
3607.01759
3608.20084
3609.38907
3612.93684
3614.11518
3615.29858
3616.48925
3617.66116
3618.84486
3620.02146
3621.21085
3622.38871
3623.57469
3625.93795
3627.11861
3629.48482
3630.67386
3633.03144
3634.21507
3635.39156
3636.57724
3641.31110
3642.48757
3643.67926
3644.85607
3646.04673
3647.21811
3648.40226
3649.58666
3650.76891
3651.94930
3654.31598
3655.49715
3656.68370
3659.04300
3660.23124
3661.41275
3662.59076
3663.77059
3664.95657
3666.13800
3667.32013
3669.68595
3670.86753
3673.23846
3674.42200
3675.60437
3676.77872
3677.96196
3679.14354
3680.32562
3681.50857
