3355.40924
3356.50531
3357.60223
3359.79358
3360.88779
3361.97789
3363.07673
3364.17002
3365.27052
3366.35420
3369.64358
3371.83341
3372.92784
3374.02427
3375.11846
3377.30946
3379.49878
3380.59568
3387.16623
3388.25799
3389.34916
3390.44582
3391.54290
3393.73084
3397.01542
3398.11259
3399.20430
3400.30385
3401.39874
3402.48908
3403.58383
3405.77554
3469.27524
3470.37566
3471.47413
3472.56828
3473.65846
3474.74853
3475.85273
3479.13685
3480.23311
3481.31768
3482.42053
3483.51180
3484.61179
3485.70257
3486.79963
3487.89389
3488.98644
3544.82616
3545.92025
3547.01505
3548.10907
3549.20517
3550.30060
3551.39335
3552.48848
3553.58483
3554.67836
3557.96302
3560.15267
3561.24774
3562.34267
3563.43711
3564.53184
3565.62836
3566.72311
3567.81672
3571.11080
3572.19503
3573.29390
3574.38686
3575.48132
3576.57542
3577.66985
3578.76484
3579.85916
3580.95577
3583.14906
3584.23732
3585.33471
3586.43010
3587.52443
3588.62070
3589.71318
3590.81030
3591.90543
3592.99931
3594.09375
3595.18698
3600.66496
3601.75783
3602.85271
3603.94742
3605.04255
3606.14078
3607.23384
3608.32880
3609.42211
3612.70716
3614.89639
3615.99038
3617.08683
3618.18428
3619.27433
3620.37257
3621.46548
3622.55885
3623.65569
