3439.36157
3440.41318
3441.36945
3445.59680
3446.62004
3447.69500
3448.70767
3449.77903
3451.87307
3452.86677
3453.92654
3454.99435
3457.06266
3458.12207
3459.12661
3460.16672
3461.27138
3463.31650
3469.59601
3470.63182
3473.74404
3475.87754
3478.99778
3480.07230
3481.05247
3485.26372
3486.25613
3487.39138
3488.41776
3489.47088
3492.58639
3493.64751
3494.71163
3495.72404
3496.74558
3497.75140
3498.78534
3499.89619
3500.94881
3501.97983
3505.11080
3506.12992
3507.15066
3509.33361
3510.32017
3511.35872
3512.45726
3513.46644
3514.48304
3515.55538
3626.34210
3632.46932
3635.61027
