3386.28605
3387.57743
3388.86773
3390.15420
3391.44786
3394.01345
3397.88196
3399.16152
3400.45447
3401.73794
3403.02885
3404.31525
3405.59354
3439.05851
3440.35530
3441.63956
3442.91663
3444.20539
3445.49500
3446.78901
3448.07151
3449.36001
3451.93272
3453.22248
3455.80160
3457.07602
3458.37963
3460.93889
3462.22283
3463.52973
3468.66967
3469.96372
3471.24858
3472.53571
3473.82081
3476.38867
3478.96629
3480.25230
3481.54010
3482.82594
3484.11444
3485.40041
3486.68889
3487.97543
3489.26172
3493.13399
3494.40890
3495.69737
3496.97533
3498.27092
3499.55746
3500.84928
3502.13361
3506.00396
3507.29195
3508.57173
3509.86321
3511.14283
3512.43659
3513.72435
3515.00500
3545.89731
3547.18429
3551.04413
3552.32568
3554.90626
3560.05166
3561.34568
3562.63212
3563.92287
3565.20457
3566.49832
3567.77672
