3354.80048
3357.25610
3359.71475
3362.17422
3364.63211
3369.55199
3372.00984
3374.46869
3376.92737
3379.38638
3386.76458
3389.22168
3391.68422
3394.13900
3399.05709
3401.51744
3403.97644
3438.41655
3440.85949
3443.31903
3445.77658
3448.23647
3453.15382
3455.61319
3458.07224
3460.53023
3462.98994
3492.49533
3494.95722
3497.41336
3499.87365
3502.33178
3507.25046
3509.70770
3512.16798
3514.62678
3546.59174
3549.05079
3551.50977
3553.96903
3561.34637
3563.80458
3566.26345
3600.68885
3605.60774
3608.06501
3612.98275
3615.44187
3617.90058
3620.35879
3622.81857
3627.73670
3630.19491
3632.65467
3635.11310
3642.48933
3644.94769
3647.40753
3649.86538
3652.32407
3654.78695
3657.24280
3659.70243
3662.16027
3664.61788
3667.07827
3671.99506
3674.45581
3676.91493
3679.37328
3681.83246
