3327.05670
3328.72690
3330.39995
3332.07174
3333.74532
3335.42201
3337.08937
3340.44120
3342.10952
3343.77913
3345.44643
3347.11523
3350.46482
3352.14440
3355.48330
3357.15419
3360.48851
3362.17188
3363.85051
3365.51987
3370.54341
3372.21373
3373.88642
3375.55869
3377.22895
3378.90425
3380.56871
3387.27009
3388.93410
3390.61476
3392.28389
3393.95875
3402.29653
3404.01263
3405.67305
3439.11204
3440.78666
3442.45855
3444.13171
3445.80688
3447.47870
3449.14979
3452.49531
3454.17420
3455.83363
3457.51335
3459.18542
3460.85826
3462.52547
3469.22375
3470.89380
3472.55512
3474.23602
3475.91215
3479.24876
3482.59329
3484.27545
3489.28410
3492.63767
3494.30981
3495.97915
3497.65038
3499.32983
3500.99701
3502.68308
3506.01549
3507.68810
3509.35328
3511.02073
3512.70727
3514.37746
3544.49011
3546.14858
3547.82989
3549.49909
3551.16921
3552.84654
3554.51471
3557.87036
3559.53323
3561.20727
3562.88794
3564.55418
3566.21480
3567.89885
3571.24586
3572.91906
3574.59170
3576.26534
3577.93571
3579.60923
3581.28205
3584.62629
3586.29630
3587.97023
3589.64093
3591.31368
3592.98473
3594.66106
3603.02805
3604.67659
3606.37986
3608.03877
3611.37073
3613.06072
3614.73133
3616.40413
3618.07603
3619.74911
3621.42256
3623.09587
3626.44057
3629.78412
3631.45555
3633.13083
3634.80171
3636.47481
3638.14381
3641.49167
3643.16531
3644.83471
3646.51140
3648.18401
3649.85566
3651.52733
3654.86698
3656.54415
3658.20374
3659.88934
3661.56660
3663.23519
3664.91047
3666.57933
3669.92745
3671.59824
3673.27013
3674.94347
3676.61376
3678.28820
3679.95977
3681.63358
