3354.36448
3355.29179
3357.14458
3358.06037
3359.92502
3361.78866
3364.56295
3365.49705
3369.20091
3370.12777
3371.05639
3371.98342
3372.90685
3373.83844
3375.69415
3377.55178
3379.40834
3381.25247
3438.79392
3439.69199
3440.62872
3441.57642
3443.40279
3444.33526
3447.10899
3448.95998
3452.67530
3454.52870
3455.46948
3456.38421
3458.24851
3459.17984
3461.03130
3461.95163
3462.87740
3492.56102
3493.48349
3494.41825
3496.27170
3498.12994
3499.05272
3499.97773
3500.90600
3501.83262
3505.54128
3506.47195
3507.40879
3508.32927
3509.25243
3511.11425
3512.04636
3512.96688
3513.89498
3514.81512
3544.43118
3545.44124
3546.35109
3547.27717
3548.20824
3549.13424
3550.07162
3550.99073
3551.91484
3552.84831
3554.70178
3557.48712
3558.42332
3559.33945
3560.26923
3561.19328
3563.05549
3564.90844
3566.76041
3602.00312
3603.86153
3604.79337
3605.72836
3607.57092
3609.42889
3612.21683
3613.14162
3614.99076
3616.84517
3618.69514
3620.56304
3622.40467
