3544.77027
3545.55900
3547.12535
3547.89457
3548.67349
3549.45497
3550.23574
3551.01172
3551.79250
3552.57159
3553.35702
3554.13296
3554.91191
3557.25021
3558.02713
3559.58787
3560.36966
3561.15035
3561.92666
3562.70293
3563.49263
3564.26241
3565.04217
3565.82879
3566.60445
3567.38563
3568.16065
3571.27324
3572.06074
3572.83803
3573.61827
3574.39818
3575.18017
3575.95624
3576.74857
3577.51501
3578.29726
3579.07771
3579.85724
3580.62964
3581.41491
3585.31398
3586.09559
3586.87075
3587.65586
3588.43612
3589.21170
3589.99503
3590.76692
3591.54292
3592.32441
3593.10968
3593.89002
3594.66538
3595.44621
3601.68178
3602.46185
3603.24120
3604.01952
3604.80020
3605.57947
3606.35797
3607.13809
3607.91647
3608.69612
3609.47849
3612.59471
3613.37089
3614.15679
3614.93447
3615.71125
3616.49153
3617.27003
3618.05144
3618.82991
3619.60806
3620.38923
3621.16739
3621.94891
3622.72792
3623.50650
