3325.55455
3326.48352
3328.31863
3331.08339
3332.92449
3333.84610
3334.76635
3335.68462
3336.60981
3337.53159
3341.20869
3342.13272
3343.05223
3343.97120
3344.88828
3345.81634
3346.73433
3350.41824
3352.25963
3355.02302
3355.94357
3356.86236
3357.78233
3359.62494
3360.54762
3361.46841
3362.38799
3363.30882
3364.22673
3365.15042
3366.06650
3369.75197
3371.59690
3374.35762
3375.27595
3377.12434
3378.96028
3379.88680
3380.80575
3386.32528
3387.25185
3388.17041
3389.08813
3390.93051
3393.69915
3397.37720
3398.29177
3399.21905
3400.14012
3401.05669
3402.90162
3403.82501
3405.66278
3438.81099
3439.73402
3440.65294
3441.57187
3442.49465
3443.41510
3444.33542
3445.25540
3446.17749
3447.09825
3448.01836
3448.93828
3452.62270
3453.54285
3454.46504
3455.38459
3456.30568
3457.22588
3458.14757
3459.06768
3459.98748
3460.91002
3461.82838
3462.75076
3463.67569
3492.21487
3493.13534
3494.05978
3494.97838
3495.90127
3496.81862
3497.73780
3498.65986
3499.58267
3500.49948
3501.42226
3502.34445
3505.10713
3506.02927
3506.94581
3507.86699
3508.79092
3509.71120
3510.63201
3511.54910
3512.47162
3513.39227
3514.31489
3515.23640
3544.69548
3545.61892
3546.54059
3547.45906
3548.37880
3549.30263
3551.14945
3552.06838
3552.98399
3553.90879
3554.82860
3557.59083
3559.42665
3560.35232
3561.27212
3562.19647
3563.10992
3564.03330
3564.95752
3565.87726
3566.79608
3567.71661
3571.39966
3572.32257
3573.24329
3574.16400
3575.08658
3576.00444
3576.92555
3577.84604
3578.76822
3580.61072
3583.36774
3584.29084
3585.21165
3586.13432
3587.05189
3587.97542
3588.89606
3589.81664
3590.73755
3591.65681
3592.58493
3593.49762
3594.42092
3595.34125
3600.86376
3601.78506
3602.71191
3604.54759
3605.46882
3606.39058
3607.31137
3608.23031
3609.15171
3611.91460
3612.83457
3613.75550
3614.67632
3615.59882
3616.51739
3617.43778
3618.35853
3619.28039
3620.20098
3621.12217
3622.04304
3622.96487
3625.72620
3626.64666
3627.56739
3629.40944
3630.32993
3631.25107
3632.17128
3633.09216
3634.01246
3634.93434
3635.85559
3636.77520
3638.61661
3640.45807
3641.37949
3642.30023
3644.14108
3645.06157
3645.98278
3646.90326
3647.82350
3648.74477
3649.66723
3650.58654
3651.50785
3652.42780
3654.26883
3655.19279
3656.11164
3657.03217
3657.95386
3658.87381
3659.79473
3660.72007
3661.63618
3662.55613
3663.47682
3664.39950
3665.31820
3666.23913
3667.15966
3668.99820
3669.92279
3670.84365
3671.76421
3672.68592
3673.60542
3674.52606
3676.36731
3677.28876
3678.20950
3679.13052
3680.05133
3680.97170
3681.89277
