3326.18448
3328.35944
3330.53812
3332.71569
3334.89091
3337.06751
3341.42254
3343.60254
3345.77713
3350.13244
3352.30944
3354.48105
3356.66582
3361.01150
3363.19469
3365.37169
3369.72927
3371.90385
3374.08217
3376.25663
3378.43237
3380.61374
3387.14397
3389.31850
3391.49954
3393.67590
3398.03117
3400.20632
3402.38056
3404.55721
3439.39689
3441.57186
3443.74976
3445.92679
3448.10278
3452.45836
3454.63745
3456.81167
3458.99035
3461.17123
3463.34651
3469.87602
3472.05263
3474.22931
3476.40649
3480.76212
3482.93895
3485.11422
3487.29136
3489.47223
3493.82415
3496.00025
3498.17296
3500.34926
3502.52768
3506.88147
3509.06806
3511.24007
3513.41587
3515.59273
3546.07534
3548.25401
3550.42975
3552.60699
3554.78433
3561.31638
3563.49305
3565.66986
3567.84695
3572.20141
3574.37949
3576.55514
3578.73297
3580.90969
3583.08080
3585.26417
3587.44225
3589.61832
3591.79678
3593.97257
3602.68077
3604.85853
3607.03584
3609.21234
3611.38659
3613.56707
3615.74510
3617.92182
3620.09842
3622.27600
3626.63056
3628.81232
3630.97740
3633.16441
3635.34661
3637.51611
3641.86875
3644.04639
3646.21993
3648.40290
3650.57697
3654.93318
3657.11015
3659.28744
3661.46438
3663.64223
3665.82029
3670.17041
3672.36733
3674.52934
3676.70624
3678.88257
3681.05815
