3325.73014
3326.41972
3328.47408
3330.53879
3333.28691
3333.97373
3334.65893
3335.34296
3336.03653
3336.71768
3337.40744
3338.09410
3340.16092
3340.84201
3341.52881
3342.90335
3344.96362
3345.65146
3346.34047
3350.46179
3351.14819
3352.52149
3386.18566
3386.87580
3387.56314
3388.25130
3388.93549
3389.62173
3391.00182
3391.68362
3393.05936
3393.74558
3394.43485
3397.18106
3397.87048
3399.24372
3401.30566
3403.36911
3404.04938
3405.42705
3438.40657
3439.09055
3440.46637
3441.15291
3441.83444
3442.52645
3443.21167
3443.90422
3444.58893
3445.28153
3445.95620
3446.64665
3447.33351
3448.01930
3448.71298
3449.39273
3452.14394
3452.82914
3453.52449
3454.20370
3454.90060
3455.58419
3456.26495
3456.95282
3457.64104
3458.32507
3459.01769
3459.70417
3460.38973
3461.07612
3461.76511
3462.45248
3463.13612
3468.63448
3469.32920
3470.00896
3470.69614
3471.38605
3472.06939
3472.76275
3473.44809
3474.13322
3474.81693
3475.50810
3476.19090
3478.93882
3479.63019
3481.00292
3481.69349
3482.38003
3483.06550
3483.74515
3484.43750
3485.12475
3485.81558
3486.49668
3487.18464
3487.87207
3488.55658
3489.24482
3492.68120
3493.36977
3494.05520
3494.74495
3495.43107
3496.11791
3496.80522
3497.49218
3498.18194
3498.86329
3499.55608
3500.24154
3500.92651
3501.61228
3502.29806
3505.04960
3505.73420
3506.42123
3507.10933
3507.79690
3508.48191
3509.16954
3509.85607
3510.54447
3511.23041
3511.91734
3512.60436
3513.29118
3513.97869
3514.66500
3515.35558
3571.00305
3571.69171
3572.38133
3573.06540
3573.75235
3574.44000
3575.13021
3575.81294
3576.49928
3577.18795
3577.87819
3578.56195
3579.24953
3580.62328
3581.31150
3583.36862
3584.05887
3585.43586
3586.11883
3586.80794
3587.49324
3588.18049
3588.87040
3589.55530
3590.24339
3590.92948
3591.61716
3592.30272
3592.99073
3593.67749
3594.36419
3595.05252
3601.23817
3601.92270
3602.61327
3603.29715
3603.98330
3604.67292
3605.36006
3606.04460
3606.73535
3607.41924
3608.10577
3608.79492
3611.53984
3612.23143
3612.91508
3613.60321
3614.28889
3614.97898
3615.66281
3616.35250
3617.72745
3618.41569
3619.09860
3619.78640
3620.47384
3621.16217
3621.84743
3622.53568
3623.22166
3654.13847
3654.82831
3655.51110
3656.19762
3656.88353
3658.25338
3658.94611
3659.63215
3660.31954
3661.00746
3661.69736
3662.38192
3663.06866
3663.75491
3664.44252
3665.12903
3665.81729
3666.50407
3667.19242
3669.25365
3669.94477
3670.63196
3671.31967
3672.68713
3673.37669
3674.06031
3674.75063
3676.12188
3676.80960
3677.49941
3678.18431
3678.87166
3679.56075
3680.24504
3680.93221
3681.61982
