3326.64009
3328.18483
3329.71620
3331.25279
3334.31236
3335.86336
3337.44046
3340.48556
3342.00060
3343.50117
3345.05222
3346.62776
3351.26749
3352.72923
3386.52855
3388.04833
3389.57953
3394.18153
3397.24751
3398.77463
3400.31512
3403.40545
3404.92054
3492.36753
3573.68160
3575.21351
3581.35691
3584.42066
3587.48610
3590.55694
3592.09233
3593.62725
3595.15685
3602.82434
3604.36105
3605.90074
3607.42238
3608.96370
3613.56842
3615.10108
3616.63448
3618.17172
3619.70835
3621.24262
3622.76881
3654.98912
3656.52236
3659.58436
3661.13185
3662.65656
3664.20043
3665.72249
3667.25846
3670.33209
3671.86541
3673.39506
3674.93433
3676.47186
3677.99309
3679.54125
3681.07491
