3325.91799
3326.91254
3327.91464
3328.90021
3330.89535
3332.88938
3333.89018
3334.89153
3335.88033
3336.89111
3340.86667
3341.86477
3342.86993
3343.86524
3344.86614
3345.85477
3346.83962
3349.84393
3350.85194
3352.83824
3354.81417
3359.81582
3365.78077
3369.77447
3373.75971
3374.76931
3377.77175
3386.73053
3388.72542
3389.72373
3390.71813
3391.70566
3393.70800
3397.69741
3398.69987
3399.69526
3401.68193
3402.67960
3403.68596
3404.66844
3405.67262
3470.48823
3472.46796
3473.48364
3474.47456
3476.48979
3479.44872
3482.46126
3483.45394
3485.44392
3487.43360
3488.44591
3489.41727
3571.19546
3572.18886
3573.18617
3574.18343
3575.17865
3576.17939
3577.17906
3578.17254
3579.17354
3580.16746
3581.16404
3584.15819
3585.14979
3586.15249
3587.14792
3588.14134
3589.14442
3590.14443
3591.13712
3592.13137
3593.12930
3594.12911
3595.12661
3654.94847
3655.94690
3656.93791
3657.95904
3658.93709
3659.93049
3661.93270
3662.92424
3663.91487
3664.91485
3665.91963
3666.91409
3669.90597
3670.90000
3671.89747
3672.90867
3673.89808
3674.89817
3675.88679
3676.88282
3677.88305
3678.87864
3679.88010
3680.87072
3681.87956
