3358.51892
3363.08575
3372.22223
3376.79264
3381.33169
3390.44975
3399.56715
3404.13016
3440.58969
3445.14624
3449.71405
3454.27350
3458.85383
3463.39740
3472.50868
3481.64550
3486.21086
3495.30147
3499.86500
3508.98266
3513.57345
3545.47153
3550.02066
3554.57788
3559.16163
3563.70336
3568.24879
3572.83453
3577.39303
3586.51009
3591.06761
3604.74894
3609.34120
3613.85416
3618.42418
3623.00336
3627.52377
3632.10719
3636.66410
3641.20704
3645.77412
3650.33459
3654.89572
3659.45659
3664.00699
3673.14964
3677.71161
