3325.81990
3326.90362
3327.98554
3329.07802
3331.22753
3333.39760
3334.47995
3335.56653
3336.64714
3337.72344
3340.97575
3342.05806
3343.14051
3344.22630
3345.30510
3346.38787
3350.71877
3352.88459
3386.43681
3387.51916
3388.60201
3389.68411
3390.76718
3392.93221
3394.02369
3397.26177
3398.34529
3399.42857
3400.50949
3401.59360
3404.83874
3405.92489
3438.39614
3439.47724
3440.55992
3441.64110
3442.72481
3443.80722
3444.88918
3445.97175
3447.05268
3448.13600
3449.21930
3452.46633
3453.54822
3454.62993
3455.71383
3456.79607
3457.87920
3458.96081
3460.04525
3461.12582
3462.20825
3463.29005
3468.70240
3469.78538
3470.86744
3471.95072
3473.03276
3474.11844
3475.19721
3476.28016
3479.52650
3480.61107
3481.69280
3482.77283
3483.85848
3484.93778
3486.02308
3487.10516
3488.19758
3489.26427
3492.51620
3493.60013
3494.67993
3495.76345
3496.84583
3497.93023
3499.01066
3500.09188
3501.17537
3502.25851
3505.50670
3506.58790
3507.67141
3508.75251
3509.83569
3510.91675
3512.00133
3513.08148
3514.16718
3515.24802
3571.53535
3572.61516
3573.70078
3574.78565
3575.86358
3576.94623
3578.03248
3579.11089
3580.19465
3581.27757
3583.43976
3584.52530
3585.60723
3586.68905
3587.77098
3588.85335
3589.94290
3591.01920
3592.10134
3593.18501
3594.26482
3595.34773
3600.75344
3601.84251
3602.92488
3604.00763
3605.08926
3606.18159
3607.25506
3608.33727
3611.58443
3612.66790
3613.75077
3614.83167
3615.91553
3616.99639
3618.08030
3619.16471
3620.24279
3621.32797
3622.40935
3623.49152
3625.65749
3626.73906
3627.82171
3629.98544
3631.06864
3632.15712
3633.23417
3634.32086
3635.39626
3636.48074
3638.64556
3640.81091
3641.89399
3642.97583
3644.06263
3645.14227
3646.22675
3647.30533
3648.38932
3649.46831
3650.55302
3651.63556
3654.88340
3655.96660
3657.04610
3658.13001
3659.21359
3660.29549
3661.37805
3662.46060
3663.54361
3665.70632
3666.78890
3670.03732
3671.12138
3673.28363
3674.37677
3676.53539
3677.61269
3678.69627
3679.77763
3680.85987
3681.94254
