3325.62629
3326.69658
3330.93022
3333.04881
3341.52357
3343.63967
3349.99719
3351.05435
3352.11008
3358.46528
3364.82609
3365.88421
3370.11624
3371.18488
3372.23907
3374.35618
3377.56196
3379.64991
3387.07385
3388.12515
3393.43103
3394.48239
3400.84236
3401.89426
3405.07837
3469.67026
3472.89810
3473.93505
3474.98472
3476.05913
3479.21917
3480.28982
3481.34790
3482.40921
3484.52791
3485.58616
3486.64973
3487.70456
3488.76442
3489.82516
3494.05431
3497.23172
3498.29726
3500.41047
3501.47942
3502.53577
3507.84491
3509.96085
3513.12416
3514.17733
3515.24433
3545.98437
3548.09366
3549.13414
3551.25151
3552.31953
3554.43901
3557.59100
3560.79417
3561.84581
3562.91422
3563.96921
3566.08466
3567.14123
3568.20167
3571.39143
3572.44279
3573.51624
3576.67813
3577.74622
3580.91096
3585.14832
3587.26715
3590.44144
3593.62776
3594.68837
3601.03717
3602.09569
3603.15639
3604.21942
3605.27521
3606.34318
3607.39018
3608.45932
3614.81541
3615.88135
3616.92460
3617.99949
3619.04532
3622.23287
3623.28104
3626.44715
3630.71444
3632.80206
3633.87157
3634.94494
3635.98956
3637.07071
3644.47494
3646.58187
3647.65257
3649.77003
3650.82007
3651.89093
3656.11328
3657.20608
3658.23546
3663.53150
3665.65302
3669.89740
3673.05134
3678.36463
3679.42514
