3387.15766
3388.26735
3389.36176
3390.49170
3391.60164
3392.70652
3393.84705
3397.16759
3399.39637
3400.48625
3401.65173
3402.71977
3403.83486
3404.95220
3439.43691
3440.54394
3441.68417
3442.76923
3443.88839
3444.98536
3446.12987
3447.23378
3448.35969
3449.44361
3452.79135
3453.89993
3455.02656
3456.11805
3457.24940
3458.34650
3459.45630
3460.57103
3461.68044
3462.78945
3469.49165
3470.59253
3471.70067
3472.81110
3473.92370
3475.01304
3476.15885
3479.49072
3480.60690
3481.69864
3482.84326
3483.90507
3485.04546
3486.16847
3487.27968
3488.39176
3489.49896
3492.82424
3493.93287
3495.08982
3496.15347
3497.28026
3498.38395
3499.48557
3500.63116
3501.71462
3502.83379
3505.07915
3506.17393
3507.33354
3508.41819
3509.51078
3510.63610
3511.73110
3512.87897
3513.95936
3515.07049
3545.11983
3546.24353
3547.34601
3548.48044
3549.56324
3550.70036
3551.81070
3552.91393
3554.03454
3555.13989
3557.29527
3558.46879
3559.61476
3560.69640
3561.78868
3562.91863
3564.00208
3565.13290
3566.27469
3567.38075
3600.78469
3601.85855
3602.98188
3604.08799
3605.20571
3606.32179
3607.41673
3608.51723
3615.23539
3616.32449
3617.44718
3618.52886
3619.67250
3620.80252
3621.88277
3623.01752
3654.20152
3656.35785
3658.56687
3659.77545
3660.82766
3661.94534
3663.09053
3669.76208
3670.87657
3671.94814
3674.13688
3676.34437
3678.57842
3679.69491
3680.83113
