3356.38276
3358.92252
3361.46066
3364.00325
3366.53689
3369.07757
3371.61671
3374.15517
3376.69466
3379.23396
3386.85429
3391.93304
3394.46764
3397.00556
3399.54657
3402.08499
3470.63928
3473.17840
3475.71733
3480.79561
3483.33467
3485.87552
3488.41340
3493.49021
3496.02923
3498.56860
3501.10781
3506.18790
3508.72652
3511.26511
3513.80290
3544.27111
3546.81250
3549.35003
3551.88866
3554.42703
3559.50527
3562.04472
3564.58411
3567.12425
3602.66907
3605.20839
3607.74939
3612.82155
3615.36471
3617.90394
3620.44275
3622.98188
3625.52141
3630.59846
3633.13784
3635.68081
3640.76008
3643.30532
3645.83563
3648.37307
3650.90932
3655.98867
3658.52787
3661.06734
3663.60675
3666.14804
3671.22398
3673.76215
3676.30090
3678.84102
3681.37920
