3354.71491
3357.59377
3359.02931
3360.46755
3361.90731
3363.34563
3364.78504
3366.21814
3369.10017
3370.54051
3371.97555
3373.41915
3374.85272
3376.29300
3377.73220
3379.16998
3380.60831
3439.58951
3441.02433
3442.46457
3443.90286
3445.34119
3446.78015
3448.21813
3449.65695
3452.53474
3453.97298
3455.41135
3456.84999
3458.28839
3459.72676
3461.16537
3462.60414
3544.59586
3546.03890
3547.47539
3548.91542
3550.35210
3551.79052
3553.23003
3554.66928
3557.54542
3560.42105
3561.86076
3563.29927
3564.73682
3566.17583
3567.61618
3625.15303
3626.59409
3628.03299
3629.47008
3630.90897
3632.34787
3633.78591
3635.22528
3636.66260
3642.41771
3643.85545
3645.29416
3646.73325
3648.17095
3649.60955
3651.04905
3652.48713
3655.36353
3656.80317
3658.24064
3659.67846
3661.11594
3662.55537
3663.99568
3665.43404
3666.87316
3669.74931
3671.18761
3674.06441
3675.50102
3676.94151
3678.38071
3679.81639
3681.25444
