3684.52830
3685.09437
3685.65156
3686.21438
3686.77736
3687.33566
3689.59295
3690.15002
3690.71333
3691.27386
3693.52123
3694.09077
3694.64485
3695.21346
3695.77683
3698.02216
3698.57837
3699.14880
3699.71067
3700.27366
3700.83847
3701.39892
3702.52101
3703.08690
3703.64923
3704.21353
3704.77138
3705.33328
3707.02352
3707.58251
3708.14585
3708.70989
3709.27274
3709.83770
3712.64524
3713.21029
3713.77255
3714.33584
3714.89459
3715.46108
3716.02338
3716.57437
3717.14134
3717.70559
3718.26715
3718.82849
3719.39122
3720.52325
3721.07805
3721.64370
3722.76810
3723.33175
3726.14166
3726.70420
3727.26696
3727.83074
3728.39115
3728.94643
3730.07017
3730.64138
3731.20467
3731.76623
3732.32878
3732.89176
3733.45289
3734.01839
3734.57838
3735.14052
3735.70322
3736.26592
3736.82410
