3326.58116
3327.61724
3328.66424
3329.70562
3330.73251
3333.84182
3335.91422
3336.94681
3337.97176
3341.08769
3342.11871
3343.15800
3345.23290
3346.27005
3350.41239
3351.45007
3352.48056
3355.58595
3356.62315
3357.64749
3359.72827
3360.76786
3361.80024
3363.87616
3364.90284
3369.05954
3370.08931
3371.11872
3372.15503
3374.22750
3376.29861
3377.33683
3379.40140
3386.65211
3388.73079
3389.75997
3390.79726
3392.86899
3393.89708
3397.01515
3400.12261
3401.14967
3402.19076
3403.22416
3404.24812
3405.28617
3438.44397
3439.46604
3440.50170
3442.57852
3443.60914
3444.64716
3445.68371
3446.71592
3447.75165
3448.79155
3449.81842
3451.89912
3452.93414
3453.96551
3455.00133
3456.04153
3457.07700
3458.10790
3459.14506
3460.18328
3461.21462
3462.25128
3463.28982
3469.50010
3470.53800
3472.60979
3473.64467
3474.68312
3475.71231
3478.82250
3479.85488
3480.89488
3481.93010
3482.96363
3483.99942
3485.03971
3486.06961
3487.10682
3488.14216
3489.17683
3492.28403
3493.32776
3494.36467
3495.40219
3496.43482
3497.45768
3498.49164
3499.54214
3500.58502
3501.59792
3502.64724
3505.76092
3506.77636
3507.82411
3508.85448
3509.88617
3511.96277
3513.01216
3515.07407
3545.09772
3546.13602
3547.16778
3548.20419
3549.24267
3550.27845
3551.31190
3552.34941
3553.38494
3554.41623
3559.59972
3560.63343
3561.66484
3562.70442
3563.73883
3564.77298
3565.81017
3566.84702
3567.88324
3570.98753
3572.02109
3573.05881
3574.09556
3575.13227
3576.16408
3577.20158
3578.23818
3579.27038
3580.30831
3581.34581
3583.41463
3584.45148
3585.48592
3586.51630
3587.55667
3588.59506
3589.62618
3590.66451
3591.70016
3592.73504
3593.76927
3594.80680
3602.05653
3603.09237
3604.12340
3605.16230
3606.19824
3607.23432
3608.27082
3609.30565
3612.40985
3613.44685
3614.47827
3615.51724
3616.55608
3617.59189
3618.62394
3619.66073
3620.69910
3621.73329
3622.76969
3625.86468
3626.91294
3627.94968
3628.99633
3630.01117
3631.05387
3633.11985
3634.16190
3635.18422
3636.23331
3637.26609
3641.40765
3642.44511
3643.47493
3644.51335
3645.55129
3646.58569
3647.62035
3648.65488
3649.69461
3650.72810
3651.76522
3654.86137
3655.90861
3656.94244
3659.01332
3660.04901
3661.07527
3662.11836
3663.15540
3666.26205
3667.30034
3669.36744
3670.40435
3671.44219
3673.51299
3674.54688
3675.59143
3676.61792
3677.65375
3678.68609
3679.72600
3680.76040
3681.79649
