3325.62835
3326.17093
3328.33512
3330.49967
3331.04063
3333.20597
3333.74724
3334.28615
3334.82826
3335.91141
3336.45238
3336.99391
3338.07613
3340.24033
3340.78174
3341.32275
3341.86423
3342.94632
3344.02845
3345.11130
3345.65241
3346.19340
3349.98167
3350.52286
3351.06359
3352.68763
3354.85328
3355.93466
3356.47581
3358.64154
3359.72224
3360.26558
3360.80532
3361.34552
3361.88726
3362.42868
3363.51092
3364.05222
3364.59309
3365.13478
3365.67536
3366.21691
3366.75806
3368.92280
3369.46399
3371.62868
3372.16984
3372.71047
3373.79300
3374.33437
3374.87427
3375.41668
3376.49896
3377.03989
3377.58155
3379.20485
3379.74626
3386.23942
3386.78137
3388.40464
3388.94488
3389.48673
3390.56882
3391.10817
3391.65014
3393.27425
3393.81603
3394.35823
3397.06462
3397.60565
3399.76781
3400.31106
3400.85435
3401.39306
3403.01484
3404.10132
3438.73199
3439.27390
3439.81556
3440.35672
3440.89805
3441.43830
3441.98021
3442.52198
3443.06306
3443.60345
3444.68615
3445.22781
3445.76869
3446.31023
3446.85103
3447.39253
3447.93352
3448.47462
3449.01549
3449.55685
3452.26171
3452.80303
3453.34539
3453.88554
3454.42648
3454.96905
3455.50897
3456.05120
3456.59139
3457.13354
3457.67376
3458.21521
3458.75799
3459.29755
3459.83828
3460.37948
3460.92106
3461.46156
3462.00250
3462.54486
3463.08609
3469.58291
3470.12119
3470.66245
3471.20155
3472.28882
3472.82800
3473.36989
3473.91037
3474.45057
3474.99303
3475.53221
3476.07525
3476.61499
3478.78298
3479.31848
3482.02108
3483.10917
3484.19311
3484.72953
3485.27759
3485.80805
3486.35745
3486.89368
3487.43610
3487.97763
3489.06312
3492.85183
3493.92873
3495.01171
3495.55362
3496.09694
3496.64501
3498.26620
3498.80223
3499.33893
3500.42522
3500.96841
3502.05179
3506.38244
3506.91860
3507.46349
3508.00162
3508.54116
3509.61921
3510.16617
3511.25352
3512.32892
3512.87780
3513.95733
3514.49445
3544.80219
3545.34407
3545.88473
3546.42662
3546.96857
3547.50799
3548.04883
3548.59013
3549.13198
3549.67292
3550.21386
3550.75587
3551.29615
3551.83751
3552.37854
3552.91975
3553.46093
3554.00219
3554.54302
3555.08493
3557.79044
3558.33126
3559.41441
3560.49599
3561.03773
3561.57879
3562.11968
3562.66013
3563.20366
3563.74245
3564.28560
3564.82595
3565.36786
3565.90783
3566.44912
3566.99030
3567.53133
3568.07296
3570.77826
3571.31888
3571.86033
3572.40155
3572.94291
3573.48408
3574.02531
3574.56627
3575.10759
3575.64849
3576.18985
3576.73087
3577.27212
3577.81348
3578.35464
3579.43705
3580.51971
3581.06037
3583.22537
3583.76617
3584.30732
3584.84873
3585.38974
3585.93099
3587.01309
3587.55424
3588.09555
3588.63668
3589.17798
3589.71861
3590.26032
3590.80130
3591.34273
3591.88379
3592.42323
3592.96518
3593.50733
3594.04834
3594.58945
3595.13060
3601.62523
3602.16568
3602.70741
3603.24906
3603.78902
3604.33090
3604.87221
3605.41269
3605.95427
3606.49587
3607.03664
3607.57689
3608.11811
3608.66006
3609.19989
3611.90688
3612.44787
3612.98921
3613.53030
3614.61211
3615.15372
3615.69519
3616.23595
3616.77712
3617.31853
3617.85939
3618.40093
3618.94211
3619.48315
3620.02435
3620.56515
3621.10664
3621.64770
3622.18891
3622.73017
3623.27213
3625.43626
3625.97768
3626.51787
3627.05947
3627.60126
3629.76580
3630.30672
3630.84751
3632.47233
3633.01219
3633.55401
3634.09519
3634.63554
3635.71810
3636.26006
3636.80015
3637.34189
3640.58777
3641.13051
3641.67082
3642.21228
3642.75372
3643.83571
3644.37684
3644.91785
3645.45923
3646.00078
3646.54158
3647.08274
3647.62409
3648.16531
3648.70661
3649.24720
3649.78890
3650.33012
3650.87127
3651.41208
3651.95339
3652.49440
3655.74175
3656.28239
3656.82410
3658.44790
3658.98843
3659.52744
3660.07090
3660.61209
3661.69312
3662.23543
3662.77668
3663.31613
3663.85910
3664.39807
3665.48234
3666.02371
3666.56457
3667.10564
3669.27163
3669.81290
3670.35389
3670.89396
3671.43527
3671.98095
3673.60046
3674.14164
3674.68284
3675.22425
3675.76438
3676.30609
3676.84714
3677.38819
3677.92949
3678.47111
3679.01192
3679.55241
3680.09444
3680.63570
3681.17630
3681.71688
