3325.78410
3326.65147
3327.50226
3328.36130
3330.93744
3331.79698
3332.65552
3333.51511
3334.37181
3335.23172
3336.08963
3336.94804
3337.80982
3340.38586
3341.24275
3342.10763
3342.95969
3343.81868
3345.53569
3346.39525
3347.25833
3349.83146
3350.68799
3351.54922
3352.40671
3354.98319
3355.84091
3356.70017
3357.56155
3358.41748
3359.27744
3360.13535
3361.85360
3362.71153
3364.42949
3365.28919
3366.15026
3369.58191
3370.44136
3371.30003
3372.15940
3373.01929
3373.87826
3374.73993
3375.60131
3376.45335
3377.31562
3378.17049
3379.03121
3379.89205
3380.75182
3386.76132
3387.61924
3388.47645
3389.33428
3391.05376
3391.91238
3393.63202
3394.49025
3397.06136
3397.91662
