3493.04501
3494.31901
3495.59439
3496.87289
3498.14889
3499.42679
3500.70617
3501.98292
3505.81246
3507.09096
3508.36949
3509.64126
3510.92452
3512.20243
3513.47807
3514.75337
3544.13686
3545.40864
3546.68751
3547.96333
3549.24069
3550.51902
3551.79458
3553.07190
3554.35152
3558.18352
3559.45975
3560.73731
3562.01414
3563.29372
3564.56869
3565.84603
3567.12511
3569.67433
3570.95997
3572.23200
3573.50945
3574.79078
3576.06416
3577.34162
3578.61998
3579.90543
3581.17319
3586.29158
3587.55838
3588.83668
3590.11066
3591.39108
3592.66883
3593.94533
3595.22639
