3354.84595
3355.97515
3357.10352
3358.23263
3359.36199
3360.48978
3362.74822
3363.87873
3365.00709
3366.13579
3369.52383
3371.78176
3372.90966
3374.03905
3375.16827
3376.29733
3377.42579
3379.68456
3386.45751
3387.58787
3388.71621
3390.97355
3392.10385
3393.23324
3394.36220
3397.74842
3398.87929
3400.00639
3401.13476
3402.26412
3403.39452
3404.52457
3405.65153
3438.38744
3439.52182
3440.65112
3441.78050
3442.90851
3444.03908
3445.16636
3446.29663
3447.42505
3448.55471
3449.68179
3451.94168
3453.07040
3454.20060
3455.32862
3456.45712
3457.58571
3458.71671
3459.84524
3460.97222
3462.10778
3463.23163
3470.00612
3471.13392
3472.26186
3473.39327
3474.52102
3475.65112
3479.03804
3480.16645
3481.29619
3482.42476
3483.55337
3484.68284
3485.81254
3486.94040
3488.07070
3489.19864
3492.58573
3493.71258
3494.83999
3495.97268
3497.10319
3498.23068
3499.36099
3500.49048
3501.61687
3505.00685
3506.13438
3507.26319
3508.39280
3509.52152
3510.65037
3511.77859
3512.90902
3514.03824
3515.16559
3544.52073
3545.65057
3546.77896
3547.90815
3549.03714
3550.16620
3551.29532
3552.42427
3553.55351
3554.68217
3558.06878
3559.19861
3560.32706
3561.45723
3562.58469
3563.71447
3564.84309
3565.97250
3567.10165
3568.23046
3571.61745
3572.74606
3573.87515
3575.00497
3576.13263
3577.26252
3578.39055
3579.52103
3580.64927
3584.03651
3585.16591
3586.29283
3587.42504
3588.55110
3589.68196
3590.80991
3591.94036
3593.06837
3594.19800
3595.32631
3602.09974
3603.23052
3604.35863
3605.48824
3606.61615
3607.74523
3608.87435
3612.26166
3613.39021
3614.52093
3615.64925
3616.77927
3617.90720
3619.03615
3620.17088
3621.29434
3622.42296
3623.55220
3625.81068
3626.93879
3629.19557
3630.32592
3631.45275
3632.58422
3633.71206
3634.84378
3635.97254
3637.10129
3638.22993
3640.48838
3641.61628
3642.74817
3643.87588
3645.00413
3646.13325
3647.26175
3648.39185
3649.51951
3650.64943
3651.77840
3655.16461
3656.29448
3658.55091
3659.68079
3661.94081
3663.06804
3666.45490
3669.84237
3670.97253
3673.22801
3674.35760
3676.61662
3677.74518
3678.87398
3680.00342
3681.13207
