3326.24207
3327.04417
3327.83407
3328.62803
3329.42420
3331.01299
3331.80876
3332.60502
3333.39877
3334.19381
3334.98702
3335.78483
3336.58267
3337.37915
3338.16974
3340.55446
3341.35027
3342.14717
3342.94065
3343.73549
3345.32503
3346.12014
3346.91524
3350.09551
3350.89078
3352.48249
3354.87217
3355.66329
3356.45625
3357.25382
3358.04539
3359.63696
3360.43152
3362.01978
3362.81828
3364.40772
3365.20794
3366.79348
3369.17826
3369.96547
3371.56231
3372.36167
3373.94714
3374.74332
3375.54184
3376.33336
3377.13262
3379.51416
3438.35315
3439.14630
3439.94287
3440.73738
3441.53415
3442.32589
3443.12080
3443.92068
3444.71004
3445.50736
3446.30112
3447.09304
3447.89533
3448.68604
3449.48209
3451.86483
3452.66029
3453.45750
3454.25079
3455.04614
3455.84291
3456.64033
3457.43176
3458.23137
3459.02562
3459.81765
3460.61527
3461.40939
3462.20432
3462.99860
3468.56900
3469.36063
3470.15603
3470.94978
3472.54037
3473.33612
3474.13591
3474.92651
3475.71755
3476.51458
3478.90921
3479.68328
3480.50056
3481.28742
3482.88317
3484.47398
3485.25772
3486.05054
3487.64920
3488.43147
3489.23743
3492.41667
3493.20256
3494.00635
3495.59182
3496.38641
3497.19973
3497.98665
3498.77466
3499.57198
3500.38363
3501.16839
3501.96019
3505.93288
3506.72412
3507.52145
3508.31455
3509.90906
3510.70597
3511.49283
3512.28790
3513.08305
3513.88381
3514.67784
3515.47669
3544.89349
3545.68672
3546.48439
3547.28054
3548.07419
3548.86951
3549.66411
3550.45786
3551.25737
3552.04860
3552.84341
3553.63809
3554.43487
3555.23361
3558.41129
3559.20643
3559.99710
3560.79453
3561.58838
3562.38527
3563.18111
3563.97554
3564.77053
3565.56522
3566.36084
3567.15509
3567.95073
3600.55735
3602.14940
3602.94497
3603.72068
3604.51867
3605.31524
3606.12263
3606.92367
3607.70543
3608.49843
3609.30331
3611.68136
3612.47627
3613.27124
3614.06652
3614.86112
3615.65602
3616.45123
3617.24658
3618.04159
3618.83677
3619.63266
3620.42837
3621.22244
3622.01741
3622.81228
3623.60772
3625.99083
3626.78760
3627.58222
3629.17463
3629.96766
3630.76285
3631.55972
3632.35511
3633.14930
3633.94195
3634.74100
3635.53614
3636.32992
3637.12189
3641.09946
3641.89464
3642.69004
3643.48514
3644.28138
3645.07432
3645.86965
3646.66733
3647.46054
3648.25547
3649.05066
3649.84501
3650.64046
3651.43594
3652.23028
