3684.95319
3685.56239
3686.17391
3686.78518
3687.39469
3689.22766
3689.83567
3690.44831
3691.05905
3691.67096
3692.28052
3693.50405
3694.11029
3694.72384
3695.33261
3695.94443
3698.38432
3698.99846
3699.60637
3700.21732
3700.82899
3701.43856
3702.05097
3703.88176
3704.49208
3705.10216
3705.71366
3706.93329
3707.54458
3708.15505
3708.76635
3709.37592
3709.98691
3712.42955
3713.03977
3713.65085
3714.26104
3714.87185
3715.48271
3716.09398
3716.70394
3717.31219
3717.92478
3718.53562
3719.14573
3719.75673
3721.58812
3722.20081
3722.81029
3723.42015
3726.47335
3727.08313
3727.69482
3728.30568
3728.91498
3730.13651
3730.74813
3731.35807
3731.96814
3732.57909
3733.18904
3733.80045
3734.41130
3735.02108
3735.63153
3736.24336
3736.85361
