3683.81220
3685.18150
3686.55031
3689.28705
3690.65659
3692.02593
3693.39329
3694.76026
3698.86890
3700.23818
3701.60850
3702.97514
3704.34458
3705.71257
3707.08159
3708.45011
3709.81873
3712.55626
3713.92516
3715.29461
3716.66184
3718.03199
3719.39995
3720.76999
3722.13969
3723.50573
3726.24230
3727.61309
3728.98157
3730.35054
3731.72017
3733.08790
3734.45707
3735.82689
3737.19473
3739.93129
3741.29977
3742.66873
3744.03829
3745.40671
3746.77473
3748.14395
3749.51234
3752.24979
3753.61780
3754.98842
3756.35571
3757.72519
3759.09368
3760.46307
3761.83110
3817.95094
3819.31932
3820.68740
3822.05775
3823.42469
3824.79438
3826.16564
3827.53076
3830.26847
3831.63857
3833.00674
3834.37581
3835.74991
3837.11412
3838.48147
