3325.62408
3326.59352
3327.55722
3328.52570
3329.48886
3330.45977
3331.42591
3333.35963
3334.32591
3336.26107
3337.22675
3338.19491
3340.12365
3341.09589
3342.05951
3343.02717
3343.99433
3344.96007
3345.92789
3346.89318
3349.79565
3350.76205
3352.69343
3354.62848
3355.59408
3356.56478
3357.53383
3358.49531
3359.46351
3360.42822
3361.39770
3362.36227
3363.33041
3364.29675
3366.22792
3369.12960
3370.09791
3371.06796
3372.02905
3372.99615
3373.96547
3374.93531
3376.86435
3378.79804
3379.76555
3380.73262
3386.53263
3387.49850
3388.46548
3389.43211
3390.39981
3391.36713
3392.33334
3393.30042
3394.26662
3397.16657
3398.13343
3399.09922
3400.06778
3401.03494
3401.99899
3402.96661
3403.93417
3404.90087
3405.86572
3438.73939
3439.70504
3440.67188
3441.63633
3442.60503
3443.57191
3444.53966
3445.50560
3446.47186
3447.43837
3448.40651
3449.37257
3452.27289
3453.23855
3454.20664
3455.17349
3456.14043
3457.10696
3458.07356
3459.04047
3460.00779
3460.97387
3461.94025
3462.90741
3492.87642
3493.84411
3494.81151
3495.77783
3496.74482
3497.71120
3498.67918
3499.64492
3500.61201
3501.57853
3502.54496
3505.44601
3506.41432
3507.37930
3508.34502
3509.31220
3510.28040
3511.24739
3512.21339
3513.17897
3514.14508
3515.11406
3545.08390
3546.04965
3547.01666
3547.98314
3548.95114
3549.91751
3550.88498
3551.85000
3552.81742
3553.78398
3554.75218
3557.65282
3559.58637
3560.55151
3561.51849
3562.48600
3563.45200
3564.41942
3565.38564
3566.35371
3567.31941
3568.28738
3571.18739
3572.15271
3573.11933
3574.08571
3575.05297
3576.02154
3576.98672
3577.95318
3578.92006
3579.89117
3580.85373
3583.75471
3584.72092
3585.68774
3586.65540
3587.62234
3588.58787
3589.55479
3590.52079
3591.48911
3592.45588
3593.42233
3594.38899
3595.35596
3601.15694
3602.12496
3603.08592
3604.05831
3605.02363
3605.98988
3606.95826
3607.92249
3608.89195
3611.78777
3612.75628
3613.72744
3615.65965
3616.62308
3617.59092
3618.55732
3619.52373
3620.49298
3621.45865
3622.42412
3623.39670
3625.32289
3626.29427
3627.25951
3629.19264
3630.15935
3631.12567
3633.05988
3634.02538
3634.99376
3635.96028
3636.92597
3640.79532
3641.76049
3642.72860
3643.69469
3644.66193
3645.62809
3646.59455
3647.56123
3648.52808
3649.49590
3650.46137
3651.42864
3652.39513
3654.32395
3655.29455
3656.26144
3657.23205
3658.19816
3659.16049
3660.12732
3661.09497
3662.06493
3663.02874
3663.99820
3664.96283
3665.93099
3666.89866
3669.79706
3670.76120
3671.72944
3672.69795
3673.66306
3674.63128
3675.59806
3676.56439
3677.53079
3678.49826
3679.46475
3680.43170
3681.39836
