3354.55858
3356.39176
3358.22369
3360.05366
3361.88680
3365.54997
3369.21587
3371.04842
3372.88292
3374.70795
3376.54484
3378.37999
3380.23926
3387.53096
3389.36617
3391.19737
3393.03660
3398.52728
3400.35770
3402.18717
3404.02313
3405.84909
3440.65268
3442.49255
3444.34333
3446.15199
3447.97987
3453.47456
3455.31409
3457.13669
3458.97424
3460.83030
3462.63754
3493.77117
3495.60181
3497.46682
3499.28352
3501.08839
3506.62803
3508.46272
3512.09227
3513.93202
3515.76901
3545.08363
3546.91896
3548.74354
3550.57010
3552.40451
3554.23802
3557.90048
3559.73428
3561.56515
3563.39757
3565.22570
3567.05650
3572.55188
3574.38827
3576.21913
3578.04658
3579.88052
3583.51685
3585.37578
3587.21307
3589.05066
3590.87493
3592.70954
3594.54328
3601.87571
3603.69605
3605.53001
3607.36759
3609.18998
3616.51552
3618.34445
3620.18958
3622.00777
3625.69640
3627.49855
3629.33790
3631.17503
3632.99807
3634.83195
3636.66794
3638.52784
3640.37185
3642.16725
3644.01059
3645.82566
3647.65306
3649.51139
3651.32431
3654.99760
3656.82408
3658.65199
3660.48739
3662.31909
3665.98196
3669.64218
3671.47644
3673.30346
3675.13902
3676.96833
3678.80391
3680.63850
