3326.05556
3326.83279
3328.39645
3329.14410
3330.70855
3335.32707
3336.89625
3340.74214
3343.07917
3343.84156
3345.35616
3346.12926
3346.91156
3350.01951
3350.77180
3351.52572
3359.22084
3363.88264
3364.63743
3376.98784
3386.23152
3393.21083
3397.09554
3399.39040
3468.78525
3469.55126
3470.32438
3471.87623
3472.64866
3473.41651
3474.16581
3474.95340
3475.74528
3476.51661
3478.80108
3479.58070
3480.34347
3481.15134
3481.88641
3482.65452
3483.44156
3484.23728
3484.97931
3485.72853
3486.52694
3487.30731
3488.04755
3488.82258
3489.61853
3491.92752
3492.68310
3493.46016
3494.22856
3495.00457
3495.77172
3496.56091
3497.31585
3498.09591
3498.87580
3499.63271
3500.40847
3501.18059
3501.95047
3505.80824
3506.56926
3507.35165
3508.11673
3508.89534
3509.65449
3510.42940
3511.21209
3511.97503
3512.75232
3513.52652
3514.29151
3515.05534
3515.82409
3544.36102
3545.92772
3547.45249
3548.19577
3549.00205
3549.76354
3550.54271
3551.30747
3552.11679
3553.63106
3555.17018
3558.26326
3560.56473
3562.11787
3562.86568
3564.42929
3565.18585
3566.75526
3572.93967
3574.45812
3575.22280
3576.01801
3578.32452
3579.87024
3581.40449
3586.80475
3587.60044
3589.11457
3589.89298
3593.74178
3601.45334
3602.22655
3602.98865
3603.78441
3604.55272
3605.29868
3606.08845
3607.62527
3608.38698
3609.17021
3613.02778
3613.79725
3614.59604
3615.35074
3616.88841
3617.65468
3618.41638
3619.20542
3619.96739
3620.73967
3621.51278
3622.27277
3623.05777
3626.16398
3627.67321
3630.00345
3630.75379
3631.52998
3633.08103
3634.61956
3635.40956
3636.92325
3641.56815
3643.10891
3644.66085
3645.43120
3646.18280
3646.97999
3647.75850
3648.51065
3649.26438
3650.04642
3650.81284
3651.60189
3655.41342
3660.08945
3661.63527
3662.39257
3663.94429
3666.26690
3669.34713
3670.15880
3670.86357
3672.42011
3676.28593
3677.05167
3677.83610
3678.58856
3679.37336
3680.15221
3680.90147
3681.66204
