3355.96610
3356.46755
3357.44356
3358.44607
3361.45477
3361.92411
3362.42174
3369.35574
3371.33708
3372.82624
3374.81070
3376.30176
3438.77185
3439.77797
3440.76975
3442.73881
3443.73589
3445.73307
3446.22786
3446.70990
3447.70157
3449.19904
3452.66087
3453.17060
3453.65841
3455.14560
3455.64570
3458.61648
3461.59298
3462.57928
3463.08513
3468.53855
3469.04391
3470.50961
3471.02320
3472.50945
3472.98727
3473.50171
3473.97062
3475.48009
3475.97378
3481.44602
3482.40545
3482.92091
3483.90573
3484.40472
3484.90964
3485.38720
3485.89743
3488.38611
3489.37019
3492.34103
3492.81613
3493.32428
3494.31600
3495.30314
3496.29418
3496.79776
3497.29590
3498.28142
3499.27587
3499.77649
3500.26497
3500.76152
3501.25823
3501.77866
3505.22391
3505.71827
3506.22028
3507.70604
3508.19423
3508.69985
3509.19433
3510.17678
3511.17926
3512.17213
3513.16005
3514.65125
3515.14221
3515.65233
3544.89735
3546.87885
3548.36677
3548.89069
3549.86405
3550.36884
3550.84473
3552.82962
3558.33212
3559.28134
3562.75063
3567.71468
3626.21805
3626.73845
3627.71492
3629.19696
3630.67918
3632.66932
3633.16269
3634.15506
3636.15246
3636.65398
3637.13505
3642.09024
3642.58940
3643.08507
3643.57803
3644.06408
3645.07059
3645.57008
3646.06469
3647.04421
3647.54217
3648.03535
3649.03258
3650.02222
3651.01952
3652.01814
3655.98211
3656.98323
3658.95834
3662.93886
3663.41704
3663.90241
3666.88738
3669.37704
3670.33837
3671.83575
3673.84231
3674.82231
3675.81064
3680.77551
3681.28821
