3325.75592
3326.30383
3326.86113
3327.96629
3328.51633
3330.73794
3332.95862
3333.51056
3334.06355
3335.72976
3336.28220
3336.83761
3337.94469
3340.16489
3340.71965
3341.27835
3341.82608
3342.38098
3342.93477
3344.04571
3345.15874
3345.70458
3346.26142
3346.81653
3350.14018
3350.69579
3352.36028
3352.91406
3354.57664
3355.13100
3355.68655
3356.79477
3357.35325
3357.90418
3358.45663
3359.01130
3359.56537
3360.12115
3360.67290
3361.78391
3362.33640
3363.44987
3364.00174
3364.55507
3365.11000
3365.66590
3366.77041
3368.98956
3369.54428
3370.09896
3371.75864
3372.31466
3372.87735
3373.98844
3374.53132
3375.08758
3376.75155
3377.30385
3378.96711
3379.52384
3380.07762
3386.17407
3386.73428
3388.39294
3388.94498
3390.60653
3391.71722
3393.38114
3393.93221
3394.48891
3397.26376
3397.81603
3398.37094
3399.48053
3401.14465
3402.24788
3403.35974
3403.92253
3405.02469
3438.28240
3438.83824
3439.39284
3439.94613
3440.49977
3442.16714
3442.71689
3443.27379
3443.82650
3444.38296
3444.93523
3445.49022
3446.04524
3446.60077
3447.15314
3447.71017
3448.26223
3448.81552
3449.37088
3452.14663
3452.69654
3453.24905
3453.80741
3454.36608
3454.91562
3455.46836
3456.02396
3456.57854
3457.13499
3457.68679
3458.24123
3458.79515
3459.35184
3459.90529
3460.45767
3461.01563
3461.56532
3462.11967
3462.67549
3463.23053
3468.77309
3469.32768
3469.88327
3470.43456
3470.99069
3472.10422
3472.65322
3473.21327
3473.76101
3474.31609
3474.87217
3475.42467
3475.97979
3476.53552
3478.75194
3479.30715
3479.85942
3480.41453
3480.96791
3481.52325
3482.07769
3482.63418
3483.18641
3483.74040
3484.29477
3484.85063
3485.40466
3485.95726
3486.51298
3487.06689
3487.62269
3488.17523
3488.72912
3489.28474
3489.83880
3544.16393
3544.71979
3545.27330
3545.82892
3546.38289
3546.93543
3547.49192
3548.04621
3548.60081
3549.15608
3549.71528
3550.26462
3550.81887
3551.37225
3551.92630
3552.48042
3553.03489
3553.59029
3554.14187
3554.69825
3557.47042
3558.02301
3559.68710
3560.24266
3560.79525
3561.35050
3561.90377
3562.45879
3563.01149
3563.56869
3564.12042
3564.67614
3565.23207
3565.78611
3566.34030
3566.89901
3567.44872
3568.00156
3601.26372
3601.81669
3602.37294
3602.92512
3604.03663
3604.58779
3605.14371
3605.69984
3606.25582
3606.81432
3607.36318
3607.91727
3608.47076
3609.02375
3611.78800
3612.35353
3612.90698
3613.45743
3614.56596
3615.12141
3615.67666
3616.23637
3616.78861
3617.33938
3617.89426
3618.44732
3619.00220
3619.55801
3620.11106
3620.66424
3621.21946
3621.77422
3622.33293
3622.88244
3623.43906
3625.65415
3626.21003
3626.76715
3627.31699
3627.87428
3630.09009
3630.64557
3632.86107
3633.41817
3633.97510
3634.52478
3635.07642
3635.62871
3636.18804
3636.74252
3637.29482
3640.62175
3641.17887
3641.73169
3642.28445
3642.84129
3643.94967
3644.50676
3645.05970
3645.61337
3646.16452
3646.73043
3647.27410
3647.82937
3648.38198
3648.93860
3649.49625
3650.05168
3650.59936
3651.15399
3651.71073
3652.26570
