3354.62867
3355.44542
3357.07964
3357.89698
3359.53166
3361.98212
3362.79941
3364.43383
3365.25064
3366.88465
3369.33546
3370.15155
3370.96990
3371.78641
3372.60374
3374.23780
3375.05453
3376.68926
3377.50621
3378.32172
3379.13988
3379.95703
3386.49408
3387.30853
3388.12733
3388.94345
3389.76143
3390.57832
3391.39592
3393.03005
3393.84692
3397.11429
3397.93297
3399.56664
3400.38244
3401.20005
3402.83501
3404.46591
3405.28553
3469.01535
3469.83146
3470.64878
3471.46308
3472.28272
3473.10003
3473.91711
3475.55204
3476.36814
3478.81992
3479.63637
3480.45335
3481.27097
3482.08742
3482.90456
3483.72172
3484.53846
3485.35576
3486.17321
3486.98975
3487.80656
3488.62388
3489.44091
3544.18293
3544.99994
3545.81733
3546.63422
3547.45097
3548.26771
3549.08506
3549.90293
3550.71920
3551.53617
3552.35347
3553.17063
3553.98775
3554.80418
3557.25501
3558.07367
3559.70683
3560.52425
3561.34177
3562.15784
3562.97579
3563.79250
3564.60905
3565.42612
3566.24344
3567.06009
3567.87711
3571.14535
3571.96218
3572.78019
3573.59652
3574.41304
3575.23101
3576.04812
3576.86496
3577.68166
3578.49872
3579.31555
3580.13325
3580.94978
3583.40184
3584.21943
3585.03492
3585.85233
3586.66911
3587.48664
3588.30367
3589.12024
3589.93743
3590.75489
3591.57235
3592.38977
3593.20581
3594.02292
3594.84020
