3341.96999
3351.18051
3360.93697
3362.08365
3369.00254
3371.84761
3377.63145
3387.94920
3397.13305
3402.88514
3439.08341
3439.67643
3440.24450
3441.97111
3442.53414
3444.26855
3448.87342
3458.06151
3469.55239
3470.13003
3470.71214
3471.28428
3472.44125
3473.01015
3474.15528
3475.30727
3475.87783
3478.75332
3479.32619
3479.91224
3481.05142
3485.07546
3486.23196
3486.79284
3487.37992
3489.10293
3491.97444
3492.54059
3493.12595
3495.42300
3498.29387
3500.01427
3506.33639
3509.21092
3513.23337
3514.38299
3514.95465
3544.85229
3545.98909
3546.57837
3547.70990
3550.01592
3552.90313
3553.46277
3554.61370
3555.19009
3558.06085
3559.21304
3559.79368
3560.92551
3563.24017
3566.11083
3566.67955
3567.84591
3571.85699
3573.57613
3574.15060
3586.22145
3593.12091
3594.26551
3612.66312
3614.37886
3614.95618
3615.54888
3616.10664
3621.27217
3622.99830
3627.60587
3641.40176
3645.99361
3655.20874
3659.20012
3660.36612
3662.08979
3662.65093
3665.52802
3675.29706
3675.88349
3677.59638
3679.90155
3680.46689
3681.61426
