3325.54970
3326.53776
3328.00539
3328.98866
3330.46278
3330.95617
3335.86166
3336.35317
3336.84320
3340.27889
3340.77463
3341.26398
3343.24352
3343.71596
3345.19059
3345.68388
3346.17114
3350.10673
3350.58851
3352.55564
3355.99241
3358.94355
3362.37843
3363.36068
3365.79948
3371.71332
3376.60987
3377.59152
3438.47637
3438.96155
3439.46802
3439.94425
3440.46095
3440.92647
3441.41962
3441.90908
3442.40082
3442.89710
3443.38051
3444.36223
3444.85619
3445.34645
3445.83727
3446.33235
3446.81769
3447.79898
3448.78477
3449.27605
3449.76771
3452.21803
3452.71111
3453.20349
3453.69191
3454.18856
3455.18216
3455.65468
3456.63888
3457.12913
3458.11007
3458.62319
3459.09113
3459.58510
3460.07617
3461.06067
3461.54677
3462.05795
3462.52880
3463.51434
3468.92038
3469.40081
3470.38505
3470.87681
3471.36875
3471.85717
3472.35510
3472.84143
3473.82348
3474.31438
3474.80839
3475.29532
3475.78555
3476.27667
3478.73152
3479.23595
3479.71330
3480.21269
3480.69280
3481.67641
3482.16886
3482.65890
3483.14961
3483.65630
3484.13097
3484.63543
3485.11172
3486.09984
3486.58706
3488.54940
3489.53108
3495.42917
3498.37842
3500.84594
3502.30002
3505.73415
3507.21195
3508.67483
3509.17713
3510.14876
3510.62434
3512.10983
3512.60785
3514.57533
3515.06776
3545.00998
3545.50347
3546.00396
3546.48317
3546.98373
3547.46611
3547.95907
3548.44945
3548.93794
3549.43545
3549.92196
3550.41882
3550.90353
3551.88515
3552.37590
3552.87023
3553.35802
3553.85567
3554.34020
3559.25099
3559.74190
3560.23195
3560.74184
3561.21261
3562.19315
3563.17633
3564.16111
3564.64958
3565.63038
3566.61466
3567.10553
3567.60004
3568.08839
3571.51737
3574.47146
3576.92139
3577.90562
3578.39811
3579.37921
3580.36547
3585.75552
3586.25346
3591.65569
3593.12971
3593.61570
3594.10503
3602.46431
3602.94491
3603.92662
3604.41802
3604.91225
3605.39882
3605.89931
3606.38210
3607.36469
3607.85536
3608.34760
3608.83659
3609.33571
3611.78747
3612.76506
3613.75438
3615.21711
3619.14677
3619.63547
3620.12703
3620.62092
3621.10948
3621.60123
3622.08858
3622.58285
3623.07334
3626.02729
3627.49563
3627.98793
3629.94678
3630.43835
3630.92771
3632.39913
3632.89364
3633.38114
3633.87596
3634.86142
3636.34552
3636.81942
3637.31475
3641.23902
3642.22247
3642.71094
3643.69237
3644.20522
3644.67455
3645.16809
3645.65801
3646.14823
3646.64221
3647.13048
3647.63982
3648.11099
3649.09300
3649.58552
3650.07888
3650.56644
3651.54883
3652.53189
