3625.82173
3626.58527
3627.33229
3629.58144
3630.33037
3631.08734
3632.57842
3633.33730
3634.09521
3634.83494
3635.59019
3636.33997
3637.09182
3638.59186
3640.84140
3641.59714
3642.34901
3643.09456
3643.84649
3644.60394
3645.34096
3646.09716
3646.84935
3647.59934
3648.34404
3649.09970
3649.85787
3650.60168
3651.34957
3652.10049
3654.36520
3655.10562
3655.85090
3658.10028
3658.85393
3659.61275
3660.36178
3661.10794
3661.86128
3662.60827
3663.37403
3664.86440
3665.62479
3667.11462
3669.36465
3670.11640
3670.87617
3671.61704
3672.36329
3673.12045
3673.87712
3674.60818
3676.11945
3676.86973
3677.62003
3678.37895
3679.12053
3679.86731
3680.62483
3681.36804
3682.11717
