3439.10964
3440.22991
3441.34845
3442.46724
3443.58649
3444.70630
3445.82505
3446.94397
3448.06454
3449.18271
3452.54141
3453.65967
3454.77855
3455.89800
3457.01794
3458.13656
3459.25578
3460.37608
3461.49431
3462.61356
3463.73290
3469.32963
3470.44799
3472.68670
3473.80559
3474.92455
3476.04382
3479.40132
3480.52161
3481.63961
3482.75881
3483.87798
3484.99746
3486.11722
3487.23627
3488.35719
3489.47530
3492.83432
3493.95205
3495.07072
3496.19003
3497.31016
3498.42890
3499.54730
3500.66709
3501.78737
3505.15003
3506.26469
3507.38353
3508.50257
3509.62140
3510.74059
3511.86013
3512.97943
3514.09964
3515.21726
