3355.63215
3357.87483
3360.12972
3362.42475
3364.66510
3369.15220
3371.42074
3373.61187
3378.12446
3438.76646
3441.01762
3443.20993
3445.48421
3447.75483
3452.22218
3454.46249
3456.69736
3458.95343
3461.20311
3470.17641
3472.42102
3474.68058
3479.15139
3481.38689
3483.63986
3485.89724
3488.14637
3492.63238
3494.89513
3497.08500
3499.33405
3501.63591
3506.11720
3508.34738
3510.58780
3512.83972
3515.08370
3544.29910
3546.53246
3548.79976
3557.74104
3562.23081
3564.49130
3566.76949
3600.41955
3602.68623
3604.91630
3607.15655
3609.40863
3611.65452
3613.88060
3616.13866
3618.38443
3620.62444
3622.86943
3627.35829
3629.62232
3631.82476
3634.08873
3636.34137
3638.62335
3643.09647
3645.32590
3647.57716
3652.06372
