3325.55691
3326.47713
3328.31919
3331.08291
3332.92404
3333.84451
3334.76527
3335.68550
3336.60930
3337.52749
3340.29110
3341.20991
3342.13223
3343.05262
3343.97252
3344.89360
3345.81607
3346.73438
3350.41823
3352.25870
3355.02303
3355.94216
3356.86260
3357.78278
3359.62521
3360.54512
3361.46950
3362.38732
3363.30769
3364.22815
3365.14936
3366.06378
3369.75270
3371.59546
3372.50965
3373.44628
3374.35795
3375.27781
3376.19894
3377.11978
3378.96160
3379.88455
3380.80634
3386.32730
3387.25257
3388.16958
3389.09208
3390.93170
3392.76501
3393.69368
3397.37762
3398.29675
3399.21635
3400.14047
3401.05969
3401.98430
3402.90117
3403.82343
3405.66262
3438.81162
3439.73144
3440.65274
3441.57258
3442.49354
3443.41525
3444.33885
3445.25484
3446.17689
3447.09742
3448.01668
3448.94201
3452.62419
3453.54234
3454.46371
3455.38504
3456.30520
3457.22738
3458.14793
3459.06632
3459.98686
3460.91306
3461.82942
3462.75035
3463.67598
3492.21618
3493.13550
3494.05515
3494.97872
3495.89763
3496.82224
3497.73968
3498.66184
3499.58136
3500.50238
3501.42370
3502.34100
3505.11146
3506.03007
3506.94910
3507.86902
3508.78699
3509.70974
3510.62926
3511.55052
3512.47166
3513.39586
3514.31319
3515.23345
3544.70028
3545.61996
3546.54001
3547.46125
3548.38082
3549.30205
3550.22476
3551.14522
3552.06487
3552.98563
3553.90671
3554.82571
3557.59000
3559.43106
3560.35336
3561.27317
3562.19307
3563.11302
3564.03454
3564.95517
3565.87644
3566.79727
3567.71815
3571.40173
3572.32456
3573.24471
3574.16254
3575.08746
3576.01110
3576.92528
3577.84323
3578.76538
3579.69752
3580.60115
3583.38348
3584.29132
3585.21144
3586.13431
3587.05122
3587.97554
3588.89438
3589.81598
3590.73387
3591.66345
3592.58053
3593.49772
3594.42019
3595.34139
3600.87173
3601.78569
3602.70937
3604.54915
3605.46927
3606.38939
3607.30897
3608.23013
3609.15113
3611.91450
3612.83376
3613.75884
3614.67865
3615.59905
3616.51915
3617.43854
3618.35919
3619.27984
3620.20034
3621.12192
3622.04235
3622.96129
3625.72291
3626.64868
3627.56659
3629.41296
3630.32861
3631.25308
3632.17722
3633.09472
3634.01338
3634.93378
3635.85574
3636.77347
3638.61652
3641.37952
3642.30077
3644.14011
3645.06453
3645.98113
3646.90212
3647.82494
3648.74550
3649.66735
3650.58747
3651.50827
3652.42877
3654.27056
3655.19423
3656.11143
3657.03109
3657.95103
3658.87342
3659.79412
3660.72055
3661.63699
3662.55591
3663.47695
3664.39765
3666.23826
3667.15923
3668.99731
3669.92133
3670.84423
3671.76570
3672.68586
3673.60686
3674.52412
3676.36806
3677.28793
3678.21003
3679.12959
3680.05185
3680.96996
3681.89268
