3326.65609
3327.50704
3328.35978
3331.79869
3333.51563
3334.37097
3335.24589
3336.08878
3336.94955
3341.25004
3342.11074
3342.95763
3343.83425
3345.53238
3346.39059
3347.26164
3349.82977
3350.70314
3351.54399
3352.42084
3354.97827
3355.83992
3356.69756
3357.55754
3358.41716
3359.28075
3360.13085
3361.85461
3362.71326
3363.57685
3364.43519
3365.28387
3366.15529
3369.58113
3370.44060
3371.29580
3372.15491
3373.01472
3373.87610
3374.72969
3375.59140
3376.45463
3377.31234
3379.02466
3379.88279
3380.75287
3386.75591
3387.61485
3388.47824
3389.33671
3390.19092
3391.05185
3391.90987
3392.76509
3393.62988
3394.48891
3397.05657
3397.92148
3399.64238
3400.49521
3401.35823
3402.21626
3403.07422
3403.93619
3404.78893
3405.65381
3601.43983
3602.29833
3603.17084
3604.01924
3604.88924
3605.75581
3606.60232
3607.45621
3608.31588
3609.18256
3614.33894
3615.19917
3616.04337
3616.90447
3617.76472
3618.61196
3619.48894
3621.17960
3622.06510
3622.90052
