3325.82088
3326.49517
3328.51071
3329.85396
3330.52663
3331.19904
3333.21641
3333.89056
3334.55682
3335.23586
3335.90559
3336.57942
3337.25101
3340.61135
3341.28292
3341.95723
3342.62649
3343.30043
3343.97199
3345.31925
3345.98849
3346.66574
3350.02455
3350.69636
3352.04186
3352.71448
3354.73047
3355.40237
3356.74715
3357.41945
3358.09029
3359.43500
3360.10845
3360.78189
3361.45317
3362.12444
3362.79725
3363.46931
3364.13943
3364.81405
3365.48565
3366.83218
3369.51960
3370.19214
3370.86331
3371.53612
3372.20863
3372.88093
3374.22542
3374.89848
3375.56947
3376.91379
3377.58812
3378.25928
3378.93153
3379.60165
3386.32613
3386.99910
3387.67021
3388.34486
3389.01580
3389.68773
3390.35803
3391.03337
3391.70747
3393.04750
3393.72132
3394.39327
3397.08204
3397.75430
3398.42661
3399.10150
3399.77125
3400.44322
3401.11580
3401.78580
3402.46004
3403.13232
3404.47552
3405.14806
3405.82073
3438.76154
3439.43502
3440.10802
3440.77676
3441.45088
3442.12468
3442.79684
3443.46750
3444.80973
3445.48564
3446.15801
3446.83049
3447.49999
3448.17254
3448.84488
3449.51889
3452.20564
3452.87923
3453.55202
3454.22111
3454.89804
3455.56889
3456.24181
3456.91311
3457.58559
3458.25809
3458.93018
3459.60131
3460.27720
3460.94556
3461.61915
3462.29174
3462.96400
3463.63170
3469.68667
3470.35569
3471.03043
3472.37821
3473.04884
3473.71960
3474.39129
3475.06161
3475.73668
3476.40787
3479.77306
3481.10436
3481.79375
3482.46696
3483.12660
3483.80631
3484.47386
3485.15535
3485.82960
3486.48446
3489.18226
3492.54275
3493.21664
3493.88680
3494.55974
3495.23139
3495.90557
3496.57620
3497.24997
3497.92126
3498.59579
3499.26744
3499.93818
3500.60993
3501.28429
3501.95303
3502.62415
3505.31759
3505.98572
3506.66112
3507.33408
3508.00310
3508.67493
3509.34924
3510.02218
3510.69419
3511.36477
3512.03816
3512.71192
3513.38431
3514.05457
3514.72543
3515.40111
3544.30732
3544.97936
3545.65230
3546.32375
3546.99579
3547.66943
3548.34121
3549.01267
3549.68523
3550.35817
3551.02997
3551.70187
3552.37352
3553.04703
3553.71862
3554.39078
3555.06353
3557.75353
3558.42425
3559.76893
3560.44094
3561.11349
3561.78565
3562.45880
3563.13223
3563.80238
3564.47426
3565.14658
3565.82043
3566.49041
3567.16349
3567.83688
3569.85647
3571.19866
3571.86937
3572.54177
3573.21444
3573.88626
3574.55871
3575.23172
3575.90333
3576.57539
3577.24714
3577.92018
3578.59246
3579.26462
3579.93633
3580.60952
3581.28182
3583.29961
3583.97021
3584.64288
3585.31508
3585.98849
3586.65885
3587.33119
3588.00451
3588.67617
3589.34791
3590.02074
3590.69309
3591.36547
3592.03702
3592.71051
3593.38223
3594.05429
3594.72657
3595.39952
3601.45059
3602.12168
3602.79255
3604.13608
3604.81041
3605.48307
3606.15621
3606.83042
3607.50164
3608.17283
3608.84523
3611.53427
3612.20513
3612.87725
3613.55018
3614.22369
3614.89496
3615.56529
3616.23976
3616.90942
3617.58348
3618.25574
3618.92870
3619.59944
3620.27567
3620.94532
3621.61770
3622.28790
3622.96298
3623.63484
3625.65095
3626.32027
3626.99325
3627.66799
3629.68637
3630.35768
3631.02651
3632.37236
3633.04520
3633.71695
3634.38793
3635.06180
3635.73174
3636.40672
3637.07951
3641.11688
3641.78645
3642.45701
3643.13431
3643.80266
3644.47299
3645.14686
3645.81797
3646.48722
3647.16325
3647.83778
3648.50616
3649.17966
3649.85119
3650.52435
3651.19434
3651.86799
3652.54032
3654.55244
3655.22004
3655.90550
3656.57822
3657.24467
3658.58966
3659.25963
3659.93442
3660.60934
3661.28005
3661.95212
3662.62569
3663.29417
3663.96943
3665.31054
3665.98660
3666.65899
3667.33278
3669.34445
3670.01933
3670.69147
3671.36264
3672.70689
3673.37848
3674.05089
3674.72369
3676.06966
3676.74437
3677.41471
3678.08466
3678.75572
3679.43162
3680.10415
3680.77690
3681.44885
3682.11421
