3328.47855
3332.74368
3337.12733
3341.39319
3345.77750
3350.04226
3354.43015
3363.07787
3371.72621
3375.99214
3380.36026
3389.02479
3393.28728
3397.67505
3401.94273
3440.92595
3445.18974
3449.57238
3453.83778
3458.22284
3462.48738
3471.13600
3475.52114
3479.78795
3484.17428
3488.43547
3544.71865
3548.98158
3553.36742
3557.63998
3562.01819
3566.28169
3574.93285
3579.31880
3587.96585
3592.23311
3600.87339
3605.26760
3613.92049
3618.17999
3622.56446
3626.83094
3631.21506
3635.48202
3644.13113
3648.51822
