3387.49102
3389.80091
3392.10482
3394.41427
3399.02669
3401.33324
3403.63817
3405.95358
3470.55808
3472.86536
3475.17308
3479.78805
3482.09502
3484.40286
3486.70966
3489.01760
3493.63271
3495.93854
3498.25682
3500.56159
3505.16824
3507.48621
3509.78540
3512.09090
3514.39981
3546.70274
3549.00991
3551.31718
3553.62457
3558.23952
3560.54683
3562.85428
3565.16161
3567.46907
3569.77239
3572.08373
3574.39148
3576.69849
3579.00638
3581.31392
3583.62160
3585.92849
3588.23575
3590.54381
3592.85298
3595.15802
3655.15123
3659.76592
3662.07313
3664.38112
3666.68768
3668.99903
3671.30343
3673.61011
3675.91743
3678.22471
3680.53226
