3325.76634
3326.60234
3328.25725
3329.09574
3330.76628
3331.59885
3333.24583
3334.07834
3335.74150
3336.57844
3337.40839
3340.72880
3341.55921
3342.38814
3343.22142
3344.05310
3344.88372
3345.71438
3346.54556
3349.87344
3350.70494
3351.54210
3352.36395
3354.85991
3355.69018
3356.52783
3357.34873
3358.18548
3359.01465
3359.84453
3360.68412
3362.33772
3363.16916
3364.00199
3364.83230
3365.66409
3366.50132
3368.98607
3369.82545
3370.64491
3371.48019
3372.31403
3373.97637
3374.81192
3375.64207
3376.46921
3377.30256
3378.96726
3379.79263
3380.62534
3386.44071
3388.10628
3388.94598
3389.77440
3390.60318
3391.43058
3393.09504
3393.92561
3397.24740
3398.07642
3398.91933
3399.74750
3401.40655
3402.23615
3403.06729
3403.89899
3405.56340
3492.00912
3492.83874
3493.66865
3494.51086
3495.33114
3496.16337
3496.99704
3497.82364
3498.65646
3499.48888
3500.31866
3501.15001
3501.98617
3505.30415
3506.13816
3506.97064
3507.80547
3508.63377
3509.46140
3510.29533
3511.12623
3511.95732
3512.78695
3513.61965
3514.45496
3515.28174
