3327.26548
3329.39483
3331.52094
3333.65172
3335.78236
3337.91423
3340.04250
3342.17631
3344.30233
3346.43195
3350.69338
3352.82173
3354.95314
3357.08226
3359.21364
3361.34256
3363.47153
3365.60233
3369.86267
3371.99131
3374.12297
3376.24963
3380.51026
3386.89823
3389.02934
3391.16281
3393.29053
3397.54934
3399.68000
3401.80936
3403.94127
3440.14909
3442.27742
3444.40821
3446.53721
3448.66920
3452.92873
3455.05753
3457.18776
3459.31800
3461.44788
3463.57583
3469.96687
3472.09693
3474.22652
3476.35690
3478.48646
3480.61721
3482.74781
3484.87717
3487.00761
3489.13592
3493.39544
3495.52673
3497.65549
3499.78650
3501.91698
3506.17697
3508.30507
3510.43557
3512.56496
3514.69454
3544.51753
3546.64371
3548.77455
3550.90370
3553.03351
3555.16533
3557.29390
3559.42312
3561.55367
3563.68402
3565.81317
3567.94300
3570.07364
3572.20315
3574.33365
3576.46419
3578.59353
3580.72308
3584.98235
3587.11347
3589.24209
3591.37316
3593.50180
3602.02066
3604.15159
3606.28308
3608.41102
3612.67081
3614.80165
3616.93129
3619.06069
3621.19175
3623.32189
3627.57929
3629.71136
3631.84260
3633.97145
3636.10144
3638.23132
3642.49128
3644.61940
3646.75174
3648.88094
3651.01068
3655.27003
3659.52991
3661.65976
3663.79075
3665.92029
3670.18008
3672.30810
3674.44006
3676.56945
3678.69994
3680.82898
