3386.54603
3388.97730
3391.41055
3393.84420
3398.70448
3401.13626
3403.56484
3440.03874
3442.47067
3444.90253
3447.33501
3449.76468
3452.19763
3454.62739
3457.06107
3459.49011
3461.92138
3469.21697
3471.64860
3474.08068
3476.51123
3478.94181
3481.37490
3483.80516
3486.23742
3488.66969
3493.53153
3495.96403
3498.39550
3500.82534
3505.69163
3508.12143
3510.55166
3512.98278
3515.41655
3544.58885
3547.02435
3549.45636
3551.88813
3554.31809
3559.18150
3561.61296
3564.04416
3566.47724
3571.34185
3573.77055
3576.20156
3578.63508
3581.06282
3583.49474
3585.92552
3588.35950
3590.79056
3593.21452
3600.51479
3602.94782
3605.38008
3607.81019
3612.67430
3615.10492
3617.53723
3619.96669
3622.40089
3656.44265
3658.87458
3661.30774
3663.73618
3666.16486
3671.02891
3673.46107
3675.89260
3678.32279
3680.75202
