3326.18691
3327.94455
3329.69922
3331.46087
3333.21765
3334.98232
3340.24106
3342.00778
3343.76324
3345.51976
3347.27683
3350.79237
3352.55048
3357.82236
3359.57974
3361.33756
3363.09507
3364.85360
3366.60239
3370.12472
3371.88233
3373.64104
3375.39833
3377.16148
3378.91164
3380.66405
3387.69982
3389.45717
3391.21877
3392.97194
3398.24688
3400.00803
3401.75847
3403.51950
3405.27560
3438.67018
3440.42694
3442.18516
3443.94358
3445.69895
3447.45757
3449.21608
3452.72635
3454.48744
3456.24453
3458.00166
3461.51533
3463.27459
3468.54227
3470.30532
3472.06361
3473.82267
3475.57705
3479.09553
3480.85059
3482.60878
3484.36942
3486.12421
3487.88182
3489.63824
3493.15525
3494.91161
3496.67022
3498.42584
3500.18494
3501.94128
3505.45546
3507.21406
3508.96922
3512.48697
3514.24692
3545.87964
3547.63766
3549.39563
3551.15130
3552.91096
3554.66778
3558.18383
3559.93301
3561.69893
3563.45366
3565.21276
3566.97266
3572.24190
3574.00017
3575.76101
3577.51597
3579.27312
3581.02800
3584.54028
3586.30297
3588.06001
3589.81847
3591.57691
3593.33464
3595.09152
3602.12098
3603.87793
3605.63236
3607.39196
3609.15135
3612.66180
3614.42435
3616.18059
3617.93931
3619.69611
3621.45142
3623.21125
3626.73278
3630.24926
3631.99878
3633.75659
3635.51643
3637.27263
3640.78847
3642.54379
3644.30266
3646.06040
3647.81806
3649.57581
3651.33170
