3326.84559
3330.08154
3333.31188
3336.55108
3343.01981
3346.25322
3352.71236
3388.24535
3391.47711
3397.94006
3401.17216
3404.40762
3439.95578
3443.18684
3446.41610
3449.64773
3452.87683
3456.10797
3459.33924
3462.56984
3469.03551
3472.27151
3475.51055
3478.75190
3481.97691
3485.20662
3488.44007
3494.89911
3498.13123
3501.35966
3507.82045
3511.05099
3514.28030
3546.60547
3549.84131
3553.06918
3559.53159
3562.76316
3565.99330
3572.45324
3575.68338
3578.91306
3585.37340
3588.60365
3591.83435
3595.06409
3601.52604
3604.75815
3607.99211
3611.20714
3614.46859
3617.70008
3620.93253
3627.39378
3630.62710
3633.85570
3637.08632
3643.54477
3646.77574
3650.00825
3656.46656
3659.69578
3662.92658
3666.15790
3669.39163
3672.61823
3675.85199
3679.08874
