3326.59170
3328.62477
3330.65985
3332.69440
3334.72749
3336.75071
3340.82829
3342.86356
3344.89588
3346.93110
3350.99933
3355.06676
3357.10212
3359.13951
3361.15267
3363.19447
3365.23587
3369.30474
3371.34100
3373.35420
3375.40243
3377.43924
3379.47534
3387.60809
3389.64239
3391.67582
3393.70153
3397.77471
3399.81073
3401.84358
3403.87711
3405.91392
3438.46265
3440.48987
3442.52360
3444.55725
3446.59196
3448.62438
3452.69205
3454.72541
3456.76027
3458.79238
3460.82950
3462.86143
3468.96511
3470.99740
3473.03139
3475.06548
3479.13462
3481.16758
3483.20002
3485.23354
3487.26831
3489.30288
3493.36917
3495.40386
3497.43785
3499.47094
3501.50615
3505.57533
3507.60732
3509.64248
3511.67142
3513.70910
3515.74295
3544.20965
3546.25196
3548.28499
3550.31946
3552.35342
3554.38752
3558.45643
3560.48865
3562.52194
3564.55546
3566.59122
3570.65907
3572.69345
3574.72614
3576.75962
3578.79471
3580.82738
3584.88762
3586.92901
3588.96283
3590.99702
3593.02964
3595.06734
3601.16603
3603.20031
3605.23327
3607.26865
3609.30123
3611.34423
3613.36811
3615.40308
3617.43641
3619.47062
3621.50598
3623.53798
3625.56602
3627.60664
3629.63987
3631.67432
3633.70896
3635.74845
3637.77610
3641.84630
3643.87705
3645.91332
3647.94409
3649.97844
3652.01326
3656.07987
3658.11561
3660.14883
3662.18226
3664.23372
3666.25092
3670.31720
3672.35086
3674.38463
3676.41994
3678.45391
3680.48777
