3327.43932
3329.89015
3332.30440
3334.71835
3337.13014
3342.04364
3346.86862
3351.72301
3356.58136
3358.99251
3361.45220
3363.88396
3371.16984
3373.60180
3378.32131
3388.19144
3400.24665
3405.15257
3439.19683
3444.02250
3446.52394
3448.96584
3456.16187
3470.72799
3473.14940
3475.56580
3480.44206
3482.84999
3485.28563
3487.71623
3546.11592
3548.42992
3550.85241
3553.32491
3558.11329
3560.58560
3562.98119
3565.37242
3567.83775
3572.70294
3575.13610
3577.56559
3579.99272
3584.84767
3587.27817
3589.70551
3592.13193
3594.56209
3601.84164
3604.26899
3606.71542
3609.14045
3611.57285
3613.99077
3616.41128
3618.83512
3621.27866
3626.13367
3630.99409
3633.41582
3635.84387
3638.27435
3640.69497
3643.13402
3645.56179
3647.99002
3650.41413
3655.26650
3657.69799
3660.13279
3662.55965
3664.98048
3667.38534
3669.84430
3672.27509
3674.70324
3677.12654
3679.55624
3681.97868
