3684.46135
3685.03988
3685.61739
3686.19576
3686.77357
3687.35230
3689.66421
3690.24438
3690.81846
3691.39608
3693.70756
3694.28661
3694.86371
3695.44112
3696.02295
3698.33011
3698.91057
3699.48556
3700.06376
3700.64185
3701.22048
3702.37516
3702.95516
3703.53393
3704.10800
3704.68770
3705.26334
3706.41964
3706.99801
3707.57639
3708.15392
3708.73113
3709.30896
3709.89000
3712.19731
3712.77698
3713.35500
3713.93038
3714.51340
3715.08717
3715.66927
3716.24281
3716.82214
3717.39879
3717.97785
3718.55629
3719.13237
3719.70968
3721.44451
3722.02114
3722.60001
3723.18068
3726.64306
3727.22076
3727.79834
3728.38251
3728.96121
3730.11130
3730.69114
3731.27004
3731.84685
3732.42287
3733.00165
3733.57997
3734.15975
3734.73520
3735.31327
3735.88899
3736.47106
3737.04407
