3325.62112
3326.70087
3327.79750
3328.86097
3331.01964
3333.16721
3334.25774
3336.39975
3340.71173
3341.77951
3342.84759
3343.94094
3345.02098
3346.11309
3350.39516
3351.47502
3352.55288
3356.83594
3359.00090
3360.09146
3370.87318
3374.08968
3377.31636
3388.07686
3390.24973
3391.33705
3392.39350
3397.78130
3398.87242
3399.94891
3401.02676
3405.32363
3443.00559
3447.31584
3452.71256
3453.77937
3454.85917
3461.32613
3471.99739
3487.18538
3488.25458
3489.39659
3494.72103
3497.93419
3501.17311
3502.26978
3505.49248
3506.57366
3507.63401
3510.86928
3513.02478
3544.24054
3548.55821
3550.73280
3558.26227
3560.32952
3561.56198
3563.57602
3573.32857
3574.54027
3575.62416
3585.15178
3618.49028
3626.11012
3627.04600
3630.38735
3634.70307
3641.17076
3644.43610
3647.65210
3648.71028
3650.85127
3651.95273
3655.17259
3656.25042
3657.34109
3658.40651
3659.49004
3660.56447
3661.63640
3662.71188
3663.79319
3664.88099
3665.94473
3667.03012
3669.16550
3670.25136
3671.32745
3672.41217
3673.48371
3674.55758
3675.63363
3676.71186
3677.80329
3678.86926
3679.94740
3681.02320
3682.10012
