3354.65307
3355.24850
3355.84312
3356.43585
3357.03098
3358.21893
3359.40689
3360.00035
3360.59614
3361.78281
3362.37683
3363.56243
3364.75322
3366.53732
3368.91247
3369.50561
3370.09837
3371.29058
3371.88329
3373.07107
3374.25883
3374.85235
3375.44778
3376.63474
3379.01152
3379.60476
3438.41837
3439.00959
3439.60638
3440.20227
3440.79454
3441.98164
3442.57943
3443.17235
3443.76589
3444.35788
3444.95322
3445.54177
3446.73302
3447.32828
3447.92278
3448.51721
3449.11148
3449.70614
3452.07650
3452.67583
3453.86031
3454.45852
3455.05366
3455.64359
3456.24087
3457.42679
3458.61726
3459.80618
3460.98848
3462.18265
3463.37205
