3325.74858
3326.62786
3327.50346
3328.37302
3330.99784
3331.87130
3332.74565
3333.62043
3334.49841
3335.37219
3336.24627
3337.12153
3337.99601
3340.62027
3341.49671
3342.36884
3343.24488
3344.11747
3344.99730
3345.87021
3346.74431
3350.24164
3351.12012
3351.99189
3352.86532
3354.61202
3355.49159
3357.24124
3358.11620
3358.98842
3359.86314
3360.73932
3362.49267
3363.36606
3364.23843
3365.12183
3369.48971
3370.36052
3371.24090
3372.11411
3372.98468
3373.86543
3374.73606
3375.60916
3376.48735
3377.35895
3378.23838
3379.10929
3379.98785
3380.85418
3438.59229
3439.47015
3440.34103
3441.21710
3442.08930
3442.96357
3443.83981
3444.71294
3445.58759
3446.46468
3447.34345
3448.21427
3449.08724
3452.58980
3453.46377
3454.33473
3455.21471
3456.09007
3456.97091
3457.83675
3458.70754
3459.58604
3460.46495
3461.33471
3462.20563
3463.08380
3469.20627
3470.08388
3470.95244
3471.83058
3472.70543
3473.58142
3474.45397
3475.33287
3476.20377
3478.83242
3479.70945
3480.57910
3481.45260
3482.33225
3483.20398
3484.07898
3484.95150
3485.82922
3486.70467
3487.57603
3488.45381
3489.32702
3545.30614
3546.19146
3547.06072
3547.93704
3548.81117
3549.69186
3550.56081
3551.43473
3552.31073
3553.18176
3554.05727
3554.93872
3557.55754
3558.43741
3559.30553
3560.18017
3561.05380
3561.93502
3562.80783
3563.68480
3564.55768
3565.42863
3566.30464
3567.19366
3568.05686
3571.55181
3572.42931
3573.30305
3574.17692
3575.05320
3575.92673
3576.80268
3577.67655
3578.55314
3579.42436
3580.30071
3581.17732
3583.80191
3584.67488
3585.54882
3586.42505
3587.29792
3588.17175
3589.04742
3589.92534
3590.79808
3591.67110
3592.54429
3593.42272
3594.29815
3595.17125
3601.29474
3602.16998
3603.04377
3603.91818
3604.79514
3605.66963
3606.54715
3607.42033
3608.29274
3609.16923
3611.80557
3612.66474
3613.54048
3614.41828
3615.29040
3616.16890
3617.04025
3617.91540
3618.78958
3619.66624
3620.53438
3621.41739
3622.28796
3623.16190
3625.77926
3626.66042
3627.53415
3629.28699
3630.15977
3631.03432
3632.78480
3633.65777
3634.53403
3635.40867
3636.28324
3637.15754
3638.02783
3640.65648
3641.53497
3642.41488
3643.28778
3644.16196
3645.02993
3645.91970
3646.78245
3647.65763
3648.52991
3649.40112
3650.27853
3651.15620
3652.03182
