3355.30779
3357.41896
3358.47449
3359.53067
3360.58714
3362.69816
3364.80969
3365.86541
3366.92273
3369.03235
3370.08828
3371.14654
3372.19948
3373.25702
3374.31186
3375.36746
3376.42342
3377.47983
3379.59110
3380.64697
3544.29795
3545.35359
3546.40689
3547.46506
3548.51866
3549.57584
3550.63297
3551.68854
3552.74363
3553.80007
3554.85567
3558.02403
3560.13261
3561.19040
3562.24505
3563.30218
3564.35568
3565.41149
3566.47045
3567.52355
3625.59384
3626.64907
3627.70586
3629.81583
3630.87239
3632.98417
3634.04009
3635.09852
3636.15126
3637.20747
3638.26533
3640.37437
3641.43054
3642.48518
3643.54262
3644.59836
3645.65436
3646.70740
3647.76554
3648.82098
3649.87783
3650.93300
3651.98722
3655.15619
3656.20947
3657.26604
3658.32167
3659.37725
3660.43544
3661.49297
3662.54711
3663.60238
3665.71311
3666.77087
3668.88330
3669.93569
3670.99574
3673.10331
3674.16108
3675.21558
3676.27311
3677.32867
3678.38270
3679.43851
3680.49504
3681.55109
