3363.21648
3372.32105
3376.87300
3390.52988
3395.08501
3399.63347
3404.18629
3440.60228
3445.15538
3449.70758
3454.25997
3458.81209
3463.36443
3472.46882
3481.57158
3486.12485
3495.23011
3499.78149
3508.88532
3513.43733
3545.30321
3549.85500
3554.40713
3563.51140
3568.06425
3572.61694
3577.16794
3586.27298
3590.82526
3595.37740
3604.48226
3609.03334
3613.58573
3618.13795
3622.68975
3627.24232
3631.79393
3636.34645
3640.89825
3645.45095
3650.00320
3654.55876
3659.10716
3663.65957
3672.76358
3677.31530
3681.86788
