3325.95734
3326.69962
3328.19033
3328.93355
3329.67545
3330.42146
3331.16493
3332.65283
3333.39345
3334.13888
3335.62479
3336.36942
3337.11293
3340.08478
3340.82995
3341.57755
3342.31906
3343.06109
3343.80564
3345.29125
3346.03553
3349.75593
3350.49772
3351.99566
3352.73110
3354.95948
3355.70072
3356.44517
3357.19164
3357.92929
3359.42130
3360.16376
3360.90815
3362.39470
3363.14044
3363.88312
3364.62470
3365.37010
3366.85493
3369.09026
3369.83201
3371.31764
3372.06131
3372.80856
3374.29542
3375.03512
3375.78050
3376.52215
3377.26416
3378.75488
3379.49506
3438.98531
3439.72706
3440.47163
3441.21744
3441.95966
3442.70361
3443.44679
3444.19219
3444.93308
3445.67892
3446.42155
3447.16643
3447.90866
3448.65331
3449.39665
3452.36878
3453.11370
3453.85671
3454.60055
3455.34513
3456.08816
3456.83093
3457.57830
3458.31850
3459.06049
3459.80822
3460.55123
3461.29392
3462.03629
3462.78045
3463.52550
3492.52657
3493.26699
3494.02021
3494.76124
3495.50533
3496.24413
3496.98386
3497.73396
3498.47255
3499.22042
3499.96142
3500.70489
3501.44948
3502.18600
3505.16582
3505.90889
3506.65128
3507.39568
3508.13972
3508.88287
3509.62657
3510.36831
3511.11392
3511.85989
3512.60004
3513.34983
3514.08682
3514.83203
3515.57532
3544.57871
3545.32087
3546.06431
3546.80645
3547.54927
3548.29233
3549.03623
3549.78375
3550.52415
3551.26894
3552.01248
3552.75800
3553.49845
3554.24859
3554.98904
3557.96266
3559.44637
3560.18964
3560.93431
3561.67705
3562.42277
3563.16518
3563.91126
3564.65221
3565.39724
3566.13947
3566.88106
3567.62894
3570.60699
3571.34574
3572.08833
3572.83212
3573.57651
3574.31765
3575.06354
3575.80780
3576.55072
3577.29655
3578.03813
3578.78820
3579.52551
3580.26819
3581.01162
3583.98673
3584.73120
3585.47366
3586.22116
3586.96020
3587.70364
3588.44839
3589.19267
3589.93483
3590.67851
3591.42158
3592.16592
3592.91387
3593.65392
3594.39682
3595.14069
3601.83242
3602.57683
3603.32237
3604.06354
3604.81062
3605.55113
3606.29741
3607.03781
3607.78116
3608.52485
3609.27168
3612.24523
3612.98684
3613.73110
3614.47397
3615.21758
3615.96076
3616.70590
3617.44922
3618.19205
3618.93489
3619.67864
3620.42279
3621.16514
3621.91053
3622.65422
3623.39593
3625.63592
3626.36985
3627.11695
3627.85929
3629.34602
3630.08919
3630.83389
3631.57740
3633.06498
3633.80784
3634.55205
3635.29384
3636.03721
3636.78132
3638.28365
3640.49439
3641.24359
3641.98774
3642.73103
3643.47605
3644.21879
3644.96181
3645.70352
3646.44888
3647.19356
3647.93810
3648.68032
3649.42195
3650.16613
3650.91036
3651.65328
3652.39634
3654.62797
3655.37275
3656.11507
3656.85888
3658.34714
3659.08985
3659.83690
3660.57796
3661.32203
3662.06571
3662.80858
3663.55231
3664.29842
3665.04093
3665.78320
3666.52608
3667.27098
3670.24568
3670.98573
3671.72854
3673.21911
3673.96196
3674.70518
3676.19882
3676.93657
3677.68018
3678.42139
3679.16801
3679.91299
3680.65512
3681.39669
3682.14482
