3354.44140
3355.23211
3358.41138
3359.97944
3360.76254
3362.34324
3363.13434
3363.92387
3364.71606
3365.50457
3369.47937
3370.26333
3371.83870
3372.62352
3374.20016
3376.57024
3377.36138
3386.84276
3387.63533
3388.42595
3390.79810
3393.16968
3393.95961
3397.12316
3397.91377
3399.49157
3400.27930
3401.07122
3405.02342
3439.00846
3439.79910
3440.59027
3441.38102
3442.17589
3442.96213
3443.75344
3445.35128
3446.13152
3446.91770
3447.70635
3448.49553
3449.28323
3452.44533
3453.23429
3454.02602
3454.81575
3455.60994
3456.39759
3457.19012
3457.97835
3458.77265
3459.56393
3460.35483
3461.14005
3461.93050
3462.71937
3463.50803
3469.04334
3469.83398
3471.43675
3472.21197
3472.99971
3473.79076
3474.57514
3475.36656
3476.15548
3479.31727
3480.10803
3480.89938
3481.69013
3482.47993
3483.27129
3484.07772
3484.85986
3485.64473
3486.43497
3487.23043
3488.01121
3488.80345
3489.59045
3491.96249
3492.75359
3493.54407
3494.33508
3495.91594
3496.70647
3497.49538
3498.29360
3499.07627
3499.86811
3500.65975
3501.44889
3502.23684
3505.39851
3506.19010
3506.98682
3507.77187
3509.36670
3510.14796
3510.94556
3511.72833
3512.51339
3513.30259
3514.88164
3515.67318
3544.91759
3545.71216
3546.50130
3547.29005
3548.09452
3548.87860
3549.66157
3550.45206
3551.23978
3552.02937
3552.82043
3553.61008
3554.40182
3555.19237
3560.73257
3561.52071
3562.30754
3563.09462
3563.88799
3564.67664
3565.46759
3566.25696
3567.04681
3567.83821
3601.82741
3602.61459
3604.19464
3604.98319
3605.77657
3606.56780
3607.35676
3608.14702
3608.93732
3612.09897
3612.90866
3613.68069
3614.47333
3615.26080
3617.63087
3618.42154
3619.21243
3620.00228
3620.79375
3621.58412
3622.37685
3623.18212
3626.32590
3627.11727
3627.90463
3629.48410
3630.27605
3631.06606
3632.64768
3633.43841
3634.22973
3635.01886
3641.34176
3642.13187
3642.92105
3643.71345
3644.50297
3645.29329
3647.67769
3648.47804
3649.26685
3650.03675
3650.82953
3651.61787
3652.40759
3655.56787
3656.35929
3658.73076
3660.30873
3661.89931
3662.69103
3663.47378
3665.05322
3665.84178
3666.63286
3667.42352
3669.79521
3670.58601
3671.37652
3674.53821
3675.33416
3676.11957
3676.90836
3677.69766
3678.49112
3679.27776
3680.06982
3680.85981
3681.65039
