3355.80612
3359.10062
3362.46236
3369.13579
3372.48849
3375.82219
3389.17061
3392.52260
3399.19147
3402.55468
3405.85893
3439.30878
3442.61695
3445.92923
3449.34592
3452.65216
3456.01255
3459.32640
3462.66785
3469.35203
3472.68505
3476.04743
3479.38421
3482.71538
3486.04917
3489.39510
3492.74299
3496.08162
3499.42279
3502.77637
3506.10886
3509.45028
3512.78774
3572.92091
3576.24755
3579.57839
3586.31008
3589.49789
3593.04910
3656.47891
3659.81187
3663.03190
3666.47710
3669.84503
3673.12492
3676.45184
3679.81961
