3354.61875
3356.43536
3357.04107
3358.24752
3359.45815
3360.06335
3360.66719
3361.87754
3362.48212
3363.08655
3364.29501
3364.90042
3365.50362
3369.13505
3369.73969
3370.34415
3370.94886
3371.55346
3372.15860
3372.76265
3373.97177
3374.57654
3375.18129
3376.38946
3376.99692
3377.59724
3378.20892
3380.02362
3381.22921
3386.67043
3390.90583
3391.50915
3397.55717
3399.37294
3401.18412
3402.39335
3403.00223
3404.81397
3405.41859
3439.28447
3439.88871
3440.49326
3441.70287
3442.30832
3442.91315
3443.51744
3444.72721
3445.33175
3445.93679
3446.54368
3447.14752
3447.75433
3448.35652
3448.96072
3449.56542
3451.98430
3452.58839
3453.19375
3453.79787
3454.40224
3455.00932
3455.61407
3456.21872
3456.82325
3457.42719
3458.03230
3458.63679
3459.24164
3459.84567
3460.45130
3461.05487
3461.65981
3462.26497
3462.86918
3463.47371
3469.52152
3470.12789
3470.73166
3471.33600
3472.54525
3473.15003
3473.75460
3474.35914
3474.96471
3475.56861
3476.17309
3476.78002
3479.19839
3479.80277
3480.40786
3481.01195
3481.61693
3482.22145
3482.82570
3483.42982
3484.03528
3484.64061
3485.24515
3485.84896
3486.45399
3487.05893
3487.66440
3488.26903
3488.87472
3489.47928
3492.50286
3493.10626
3493.71161
3494.31613
3494.92137
3495.52392
3496.13083
3496.73441
3497.34101
3498.55151
3499.15635
3499.76021
3500.36482
3500.96811
3501.57440
3502.17856
3502.78429
3505.20123
3505.80655
3506.41132
3507.01520
3507.62057
3508.22618
3508.82944
3509.43626
3510.04181
3510.64508
3511.25033
3511.85521
3512.46249
3513.06628
3513.66877
3514.27381
3514.87850
3544.51192
3545.11656
3545.72111
3546.32498
3546.92961
3547.53484
3548.13942
3548.74424
3549.34858
3549.95330
3550.55854
3551.16291
3551.76735
3552.37300
3552.97639
3553.58181
3554.18813
3554.79209
3557.81542
3558.42048
3559.62961
3560.23423
3560.83888
3561.44289
3562.04803
3562.65252
3563.25967
3563.86403
3564.46856
3565.07361
3565.67809
3566.28247
3566.88714
3567.49180
3568.09640
3626.75655
3627.36124
3627.96898
3629.17856
3629.77980
3630.38714
3630.99124
3632.80523
3633.41019
3634.01472
3634.61787
3635.82824
3636.43356
3637.03745
3641.27095
3641.87707
3642.48345
3643.08629
3643.69122
3644.29533
3644.89997
3645.50372
3646.10923
3647.31816
3647.92297
3648.52825
3649.13233
3649.73898
3650.34119
3650.94736
3651.55351
3652.15732
3655.78449
3656.38957
3656.99403
3658.80835
3659.41348
3660.01923
3660.62338
3661.83392
3662.43823
3663.04406
3663.64838
3665.46098
3666.06638
3666.67009
3667.27574
3669.69435
3670.29864
3670.90562
3671.50955
3673.32334
3673.92835
3674.53292
3675.13642
3675.74250
3676.34623
3676.95110
3677.55570
3678.16064
3678.76785
3679.37020
3679.97481
3680.57982
3681.18419
3681.78838
