3325.61720
3326.83541
3328.06469
3329.29010
3330.52306
3332.97864
3334.20635
3336.66529
3337.89093
3340.34346
3341.56947
3342.79935
3344.02565
3345.25619
3346.48628
3350.16676
3351.38998
3352.62278
3438.56908
3439.79766
3441.01680
3442.25143
3443.48215
3444.71312
3445.93437
3447.16201
3448.39198
3449.61723
3452.07076
3453.30738
3454.52688
3455.75585
3456.98354
3458.21236
3459.43991
3460.66815
3461.89617
3463.12465
3469.25938
3470.48858
3471.69724
3472.94359
3474.17265
3475.40035
3476.63324
3479.09192
3480.31348
3481.56960
3482.76865
3483.99608
3485.22801
3486.45311
3487.67677
3488.90597
3492.58910
3493.81802
3495.04599
3496.27752
3497.50310
3498.73012
3499.97751
3501.20684
3502.41689
3506.09772
3507.32315
3508.55599
3509.77826
3512.23435
3513.46160
3514.69941
3576.08169
3577.31001
3580.99098
3587.13461
3588.35609
3589.58637
3590.81422
3593.27162
3594.50729
3601.86295
3604.31810
3605.54593
3606.77471
3608.00199
3609.23468
3611.69085
3612.91579
3614.16271
3615.39255
3616.60650
3617.82922
3619.05618
3620.27918
3621.50815
3622.73545
