3354.95328
3357.72741
3359.11661
3360.50186
3361.88976
3363.27674
3364.66411
3366.05524
3368.82459
3370.21204
3371.60057
3372.98598
3374.37468
3375.76137
3377.15448
3379.92205
3381.30818
3544.99901
3546.38641
3547.77344
3549.15943
3550.55005
3551.93551
3553.32363
3554.70878
3557.48372
3560.25963
3561.64609
3563.03425
3564.41941
3565.80733
3567.19493
3600.49007
3601.87445
3603.26136
3604.64828
3606.03709
3607.42339
3608.80998
3611.58486
3612.97121
3614.35958
3615.74626
3617.13323
3618.52071
3619.90768
3621.29473
3622.68285
3626.84362
3629.61784
3631.00547
3632.39274
3633.78082
3635.16748
3636.55435
3637.94230
3640.71562
3642.10268
3643.49075
3644.87709
3646.26554
3647.65208
3649.03912
3650.42773
3651.81336
