3357.33428
3362.19877
3364.62840
3369.48649
3371.91783
3374.34727
3376.77878
3379.20969
3386.50723
3388.92526
3391.35113
3401.07511
3403.49336
3405.92655
3439.94154
3442.37319
3444.80321
3447.23116
3449.66356
3452.08699
3454.52102
3456.94745
3459.37745
3461.81961
3473.96884
3476.38311
3481.24246
3483.67207
3486.10999
3488.53208
3544.40647
3546.83643
3549.27232
3551.69480
3554.13053
3561.42619
3563.83934
3566.27349
3607.57034
3612.43229
3617.29530
3619.71771
3622.15202
3627.00387
3634.29613
3636.73251
3644.01047
3646.43986
3648.87953
3651.30159
3656.16286
3658.58884
3661.02603
3663.44736
3670.73500
3675.59646
3678.02484
3680.46126
