3438.19131
3438.70378
3439.21625
3439.72938
3440.24203
3440.75515
3441.26956
3441.78076
3442.29421
3442.80633
3443.31906
3443.83181
3444.34461
3444.85821
3445.37068
3445.88310
3446.39605
3446.90884
3447.42199
3447.93459
3448.44700
3448.96085
3449.47299
3452.03729
3452.54953
3453.06287
3453.57518
3454.08854
3454.60060
3455.11380
3455.62753
3456.14034
3456.65256
3457.16535
3457.67922
3458.19124
3458.70406
3459.21662
3459.72960
3460.24222
3460.75539
3461.26799
3461.78044
3462.29410
3462.80671
3463.31936
3468.95965
3469.47322
3469.98575
3470.49829
3471.01118
3472.55013
3473.06261
3473.57512
3474.08913
3475.11430
3475.62666
3476.13982
3476.65240
3478.70037
3479.21414
3479.72782
3480.24230
3480.75486
3481.26821
3481.77914
3482.29576
3482.80680
3483.83103
3484.85608
3485.37291
3485.88809
3486.40108
3486.90554
3487.42094
3487.93688
3488.45212
3488.96453
