3326.13158
3328.10144
3328.75789
3330.72655
3333.35409
3334.01367
3334.66981
3335.32375
3335.98081
3336.63668
3337.29491
3337.95310
3340.57725
3341.23284
3341.89074
3342.54579
3343.20514
3343.85989
3345.17324
3345.83001
3346.48760
3350.42638
3351.08518
3352.39644
3354.36614
3355.02407
3355.67910
3356.99241
3358.30532
3358.96401
3359.61845
3360.27725
3360.93441
3362.24625
3363.55881
3364.21680
3364.87159
3365.52834
3366.18688
3366.83832
3369.47063
3370.12439
3371.44169
3372.09538
3372.75438
3374.72010
3375.37924
3376.68963
3377.34771
3379.31636
3379.97388
3381.28501
3386.54134
3387.19714
3388.51217
3389.16415
3390.48163
3391.13802
3391.79101
3392.45032
3393.10515
3393.76264
3394.42092
3397.04748
3397.70626
3398.36120
3399.67286
3400.33066
3400.98938
3401.64332
3402.95617
3403.61499
3404.27121
3404.92706
3438.41370
3439.07242
3439.72858
3440.38548
3441.04181
3441.69715
3442.35240
3443.01234
3443.66693
3444.32607
3444.97898
3445.63817
3446.29772
3446.95041
3447.60861
3448.26556
3448.92027
3449.57735
3452.20299
3452.86094
3453.51670
3454.17383
3454.83076
3455.48768
3456.14376
3456.80139
3457.45656
3458.11374
3458.77298
3459.42676
3460.08215
3460.74056
3461.39648
3462.05204
3462.71091
3463.36652
3468.62015
3469.27331
3469.93471
3470.58703
3471.24786
3471.89885
3472.55956
3473.21532
3473.87489
3474.52938
3475.18535
3475.84204
3476.49907
3478.46723
3479.12532
3479.78328
3480.43727
3481.75232
3482.40884
3483.06406
3483.72381
3484.37841
3485.03665
3485.69101
3486.35150
3487.00397
3487.66350
3488.31854
3488.97198
3489.63388
3492.25872
3492.91587
3493.57071
3494.22778
3494.88209
3495.54136
3496.19759
3496.85510
3497.51167
3498.16755
3498.82580
3499.48023
3500.13942
3500.79418
3501.45135
3502.10663
3506.70358
3507.36095
3508.01559
3508.67497
3509.98601
3510.64670
3511.29703
3511.95687
3512.61363
3514.58731
3515.24217
3571.04862
3571.70698
3572.36455
3573.02076
3573.68071
3574.33607
3574.99147
3575.64772
3576.30786
3576.96165
3577.61767
3578.27501
3579.59031
3580.24309
3580.90122
3583.52921
3584.18175
3584.84093
3585.49928
3586.15435
3586.81113
3587.46780
3588.12567
3588.78320
3589.43781
3590.09565
3590.74951
3591.40747
3592.06236
3592.72326
3593.37749
3594.03487
3594.69039
3595.34926
3601.25740
3601.91358
3602.57078
3603.22708
3603.88447
3604.53927
3605.19670
3605.85342
3606.50986
3607.16733
3607.82209
3608.48033
3609.13663
3611.76035
3612.41861
3613.07542
3613.73342
3614.38913
3615.04634
3615.70174
3616.35932
3617.01477
3617.67301
3618.32847
3618.98398
3619.64312
3620.29655
3620.95575
3621.61134
3622.26871
3622.92521
3623.58236
3626.20692
3626.86353
3627.52246
3629.49208
3630.14832
3630.80474
3631.45734
3632.77417
3633.43145
3634.08907
3634.74469
3636.05679
3636.71499
3637.36914
3638.68673
3640.65720
3641.31207
3641.96803
3642.62275
3643.93917
3644.59451
3645.25038
3645.90726
3646.56454
3647.22025
3647.87652
3648.53373
3649.18954
3649.84892
3650.50351
3651.16064
3651.81740
3652.47286
3654.44250
3655.10046
3655.75615
3656.41380
3657.06927
3658.38406
3659.04075
3659.69552
3660.35331
3661.00937
3661.66577
3662.32340
3662.98154
3663.63606
3665.60613
3666.26160
3666.91982
3670.20424
3670.85754
3671.51802
3672.82910
3673.48336
3674.14251
3674.79723
3676.11257
3676.76911
3677.42633
3678.08193
3678.73771
3679.39444
3680.05140
3680.70981
3681.36419
3682.01875
