3354.59776
3355.22091
3355.84218
3356.46553
3357.08652
3357.70762
3358.33097
3358.95475
3359.57486
3360.19801
3360.81979
3362.06455
3362.68769
3363.31068
3363.93256
3364.55365
3365.17713
3365.79815
3368.90926
3369.53152
3370.15480
3371.39858
3372.02123
3372.64419
3373.89012
3374.51151
3375.13326
3376.37675
3377.00032
3377.62209
3378.24502
3378.86548
3379.48858
3380.11198
3386.33300
3386.95559
3387.57748
3388.20008
3388.82353
3389.44402
3390.68864
3392.55813
3393.17969
3393.80004
3394.42278
3397.53445
3398.15699
3399.40183
3401.26798
3401.89175
3402.51247
3403.13491
3404.37896
3405.00230
