3388.21659
3390.40423
3392.59352
3396.96729
3399.15563
3401.34941
3403.53518
3405.72185
3469.17577
3471.36536
3473.55210
3475.74017
3480.11722
3482.30498
3484.49243
3486.68078
3488.86960
3493.24490
3495.43323
3497.62137
3499.80926
3501.99738
3506.37373
3508.56138
3510.74958
3512.93797
3515.12597
3545.75990
3547.94783
3550.13579
3552.32409
3554.51217
3561.07614
3563.26480
3565.45250
3567.64057
3572.01714
3574.20489
3576.39333
3578.58116
3580.76912
3585.14591
3587.33430
3589.52232
3591.70963
3593.89874
3600.46569
3602.65063
3604.83917
3607.02663
3609.21600
3613.59354
3615.78082
3617.96540
3620.15718
3622.34292
3655.16376
3657.35711
3659.54109
3661.72956
3663.91774
3666.10527
3670.48218
3672.66926
3674.85829
3677.04645
3679.23401
3681.42262
