3325.73880
3326.27598
3326.82057
3328.44553
3328.98536
3330.61504
3331.15601
3333.31942
3333.86226
3336.03265
3336.57479
3337.11724
3337.66150
3338.19628
3340.36621
3340.90007
3341.45136
3341.99102
3342.53643
3343.07423
3344.15958
3345.24180
3345.78416
3346.32505
3346.86142
3350.12052
3350.66196
3352.82846
3354.45314
3354.99548
3355.53719
3356.62038
3357.16272
3357.70075
3358.24551
3359.32961
3359.87307
3360.41491
3360.95918
3362.03855
3362.57959
3363.11994
3364.20772
3364.74810
3365.28737
3365.83001
3366.36704
3369.07999
3369.62220
3370.16862
3371.25103
3371.79114
3372.33656
3372.87247
3373.95930
3374.49842
3375.04314
3376.66515
3377.20626
3377.75827
3378.29036
3378.83314
3379.37838
3379.91779
3386.42082
3386.95716
3387.50282
3388.04803
3388.58965
3390.75625
3392.92244
3393.47158
3394.00591
3397.25912
3397.80081
3398.34178
3399.42746
3399.95797
3400.51125
3401.05565
3401.59222
3402.13744
3403.22725
3404.30462
3404.85228
3405.38457
