3355.04277
3357.28782
3358.41213
3359.53562
3360.65818
3361.77947
3362.90213
3364.02894
3365.15120
3366.27057
3369.64157
3371.88894
3373.00948
3374.13399
3375.25689
3376.37979
3377.50079
3379.75101
3380.87240
3386.48992
3387.60832
3388.72877
3390.98058
3392.10058
3393.22010
3394.34700
3398.83816
3399.96049
3401.08225
3402.21614
3403.33070
3404.45753
3405.57583
3439.26356
3440.38627
3441.50984
3442.63213
3443.75556
3444.87811
3446.00230
3447.12336
3448.24686
3449.37015
3452.73867
3453.86102
3454.98444
3456.10797
3457.23097
3458.35201
3459.47655
3460.59957
3461.72231
3462.84462
3469.58328
3470.71283
3471.82743
3472.95169
3474.07644
3475.19611
3476.31802
3479.68740
3480.80798
3481.93023
3483.06025
3484.17999
3485.30334
3486.42462
3487.55521
3488.67003
3489.79257
3492.04116
3493.16192
3494.28990
3495.41123
3496.53100
3497.65449
3498.77689
3499.90128
3501.02538
3502.14724
3505.51688
3506.63778
3507.76031
3508.88522
3510.00761
3511.13399
3512.25374
3513.37742
3514.49895
3515.62066
3544.81857
3545.94112
3547.06360
3548.18631
3549.31177
3550.43441
3551.55750
3552.68009
3553.80198
3554.92517
3558.29793
3559.41655
3560.53964
3561.66240
3562.78548
3563.90804
3565.03065
3566.15290
3567.27720
3625.66896
3626.79391
3627.91582
3630.16248
3631.28058
3632.40835
3633.52911
3634.65188
3635.77656
3636.89917
3641.39527
3642.51118
3643.64129
3644.76169
3645.88064
3647.00394
3648.12700
3649.25328
3650.37338
3651.49602
3652.61842
3654.86542
3655.98884
3657.11037
3658.24029
3659.35832
3660.48171
3661.60586
3662.72667
3663.84906
3664.97309
3666.09506
3667.21832
3669.46116
3670.58705
3671.70861
3672.83252
3673.95596
3675.07952
3676.20110
3677.32486
3678.44773
3679.56937
3680.69340
3681.81569
