3354.69646
3356.89070
3358.35366
3359.08341
3359.81642
3360.54682
3362.00972
3362.74107
3363.47301
3364.93514
3365.66762
3369.32321
3371.51647
3372.24751
3372.98002
3374.44267
3375.17395
3376.63611
3377.36793
3378.83130
3379.56214
3387.60673
3388.33741
3389.06905
3390.53155
3391.26152
3393.45725
3394.18802
3397.11568
3397.84646
3399.30775
3401.49921
3402.23231
3402.96225
3404.42534
3438.79944
3439.53169
3440.26255
3440.99669
3441.72386
3442.45728
3443.18709
3443.91839
3444.65063
3445.38113
3446.11284
3446.84598
3447.57620
3448.30820
3449.04079
3449.76874
3451.96300
3452.69527
3453.42486
3454.15740
3454.88851
3455.62038
3456.35091
3457.08335
3457.81422
3458.54493
3459.27445
3460.00648
3460.73692
3461.47055
3462.93272
3468.78359
3469.51593
3470.24587
3470.97790
3472.44150
3473.17187
3473.90352
3475.36651
3476.09654
3479.02227
3479.75398
3480.48559
3481.21533
3481.94662
3482.67836
3483.41014
3484.14149
3484.87415
3485.60461
3486.33517
3487.06693
3487.79817
3488.52913
3489.26075
3492.18642
3492.91791
3493.64898
3494.37927
3495.11156
3495.84259
3496.57414
3497.30500
3498.03710
3498.76837
3499.50049
3500.23037
3500.96190
3501.69374
3502.42450
3505.35035
3506.08186
3506.81294
3507.54431
3508.27543
3509.00661
3509.73774
3510.47036
3511.20072
3511.93271
3512.66433
3513.39559
3514.12594
3514.85790
3515.58923
3544.11225
3544.84210
3545.57309
3546.30496
3547.03548
3547.76724
3548.49867
3549.22961
3549.96080
3550.69197
3551.42401
3552.15473
3552.88612
3553.61779
3554.34917
3555.08079
3557.27441
3558.00558
3559.46804
3560.19972
3560.93090
3561.66205
3562.39329
3563.85659
3564.58751
3565.31856
3566.05031
3566.78152
3567.51332
3568.24464
3601.88456
3602.61603
3603.34684
3604.07969
3604.80960
3605.54220
3606.27281
3607.00481
3607.73630
3608.46827
3609.19915
3612.12547
3612.85544
3613.58734
3614.31743
3615.04865
3615.77961
3616.51101
3617.24454
3617.97496
3618.70713
3619.43776
3620.16862
3620.89948
3621.63136
3622.36216
3623.09349
3626.01933
3626.75019
3627.48158
3630.40744
3631.13796
3633.33338
3634.06396
3634.79481
3635.52705
3636.25709
3636.99045
3640.64708
3641.37657
3642.10835
3642.83911
3643.57129
3644.30179
3645.03368
3645.76506
3646.49531
3647.22878
3647.95912
3648.69047
3649.42012
3650.15298
3650.88410
3651.61599
3652.34637
3656.00318
3656.73505
3658.19834
3658.92884
3659.66060
3660.39183
3661.12658
3661.85386
3662.58556
3663.31641
3664.77909
3665.51030
3666.24174
3666.97284
3669.89949
3670.63004
3671.36146
3672.82405
3673.55590
3674.28681
3675.01861
3675.74990
3676.48110
3677.21159
3677.94363
3678.67425
3679.40574
3680.13711
3680.86917
3681.60030
