3571.46931
3572.60491
3573.74428
3574.88008
3576.02123
3577.15328
3578.28874
3579.42751
3580.56639
3583.97137
3585.11015
3587.38383
3588.52131
3590.79772
3591.93058
3593.06670
3594.20597
3595.34436
3602.16229
3603.30188
3604.43515
3605.56982
3606.71080
3607.84257
3608.98099
3612.39814
3613.52759
3614.67460
3615.79923
3616.94279
3618.07454
3619.21316
3620.35051
3621.48680
3622.62483
3626.03068
3629.44233
3630.57920
3632.85470
3633.99646
3636.26452
3637.39976
3638.53626
3640.81315
3641.94682
3643.08807
3644.21898
3645.35897
3646.49464
3647.63049
3648.76821
3649.90698
3651.04147
3652.17782
