3684.56092
3685.49804
3686.43054
3687.36470
3689.22928
3690.16513
3691.09868
3692.96861
3693.89938
3694.83377
3695.76829
3698.56751
3699.50218
3700.43569
3701.36971
3702.30396
3703.23802
3704.17060
3705.10526
3706.97281
3707.90328
3708.83939
3709.77406
3711.64068
3712.57426
3713.50755
3714.44193
3715.37571
3716.30794
3717.24411
3718.17806
3719.11148
3720.97704
3721.91222
3722.84589
3726.58004
3727.51383
3728.44994
3729.38259
3730.31646
3731.24935
3732.18395
3733.11700
3734.05096
3734.98494
3735.91692
3736.85273
