3355.70944
3357.13274
3358.55580
3359.97873
3361.40219
3362.82678
3364.24852
3365.67247
3369.94385
3371.36521
3372.78845
3374.21159
3375.63499
3377.05828
3379.90487
3387.02015
3388.44567
3391.29008
3392.71332
3394.13753
3396.98169
3398.40777
3399.82727
3401.25577
3404.10213
3405.52704
3438.25774
3439.68122
3441.10482
3442.52852
3443.95103
3445.37465
3446.79772
3448.21985
3449.64408
3452.49172
3453.91395
3455.33694
3456.76147
3458.18389
3459.60718
3461.03035
3462.45395
3469.57100
3470.99349
3472.41641
3473.83987
3475.26222
3476.68624
3479.53358
3480.95659
3482.38022
3483.80248
3485.22413
3486.64736
3488.07109
3489.49466
3492.33902
3493.76465
3495.18796
3496.61084
3498.03416
3499.45599
3500.87984
3502.30462
3505.15081
3506.57504
3508.00003
3509.42004
3510.84425
3512.26492
3513.68995
3515.11410
3570.61980
3572.04447
3573.46795
3574.89120
3576.31451
3577.73751
3579.16088
3580.58406
3583.43205
3584.85402
3586.27701
3587.70102
3589.12344
3590.54680
3591.97038
3593.39334
3594.81620
3600.51019
3601.93308
3603.35682
3604.77971
3606.20256
3607.62565
3609.04955
3613.31925
3614.74201
3616.16546
3617.58834
3619.01177
3620.43555
3621.85862
3623.28172
3626.12791
3627.55314
3630.39776
3631.82203
3633.24457
3634.66883
3636.09136
3640.36090
3641.78831
3643.20934
3644.63033
3646.05518
3647.47600
3648.90256
3650.32365
3651.74687
3654.59724
3656.01764
3657.43443
3658.86349
3660.28698
3661.70900
3663.13357
3664.55666
3665.97911
3667.40395
3668.82818
3670.24822
3671.67225
3673.09569
3674.51906
3675.94233
3677.36509
3678.78728
3680.21228
3681.63473
