3326.48487
3327.01932
3328.07301
3330.72134
3333.36930
3336.54545
3337.07319
3338.13165
3340.77887
3341.83776
3343.42562
3345.02505
3346.07275
3350.83845
3352.42728
3354.54579
3355.07638
3355.60685
3357.19238
3359.83994
3360.90025
3361.42846
3362.48635
3363.54608
3365.14000
3369.37758
3370.42961
3371.48666
3372.02636
3373.07572
3374.13265
3375.19337
3376.25384
3376.78068
3378.90430
3379.96359
3386.84017
3388.42963
3391.07803
3391.60725
3393.19407
3393.73204
3394.25410
3397.96156
3398.48808
3399.54741
3401.13544
3402.19385
3403.25413
3404.31508
3404.84113
3405.39057
