3327.76540
3335.35474
3337.88462
3340.41590
3342.95100
3345.48491
3350.54974
3355.61726
3358.14944
3360.68364
3363.21759
3365.75010
3370.81504
3375.88713
3380.94917
3388.54410
3391.07740
3393.60768
3401.20780
3469.59813
3472.12948
3474.65949
3479.72681
3482.26153
3484.79275
3487.32880
3489.85543
3545.58169
3548.11444
3550.64618
3553.18133
3558.24480
3560.77815
3563.31087
3565.84396
3570.90755
3573.44311
3575.97537
3578.50768
3581.04148
3583.57576
3586.10769
3588.64036
3591.17298
3593.70573
3654.49537
3657.02856
3659.56087
3662.09442
3667.16059
3669.69212
3674.75764
3677.29396
3679.82301
