3684.61954
3685.72990
3686.83920
3690.17141
3691.27952
3692.38834
3693.49970
3694.61343
3695.72093
3697.94318
3700.16061
3701.27127
3703.49157
3704.59882
3705.71341
3706.82038
3707.93161
3709.04202
3712.37216
3713.48403
3715.69290
3716.81264
3717.92539
3719.03254
3721.25290
3722.36152
3723.47266
3726.80250
3727.91346
3729.01801
3730.13200
3731.24311
3732.35423
3734.57301
3735.68219
3736.79528
3739.01334
3740.12382
3741.23563
3742.34314
3743.45311
3744.55828
3745.67294
3746.78531
3747.89501
3749.00568
3752.33563
3753.44359
3754.55451
3755.66388
3756.77615
3757.88354
3758.99423
3760.10526
3761.21713
3762.32529
3818.93799
3820.05135
3822.26813
3823.38038
3824.48840
3825.59969
3826.70388
3830.03980
3832.25898
3833.37025
3834.47966
3836.69954
3837.81067
3838.91464
3840.02696
