3325.61629
3332.53579
3335.97441
3342.89732
3346.37382
3349.81361
3387.86471
3391.34378
3394.77012
3398.23136
3401.68857
3405.15665
3439.72178
3443.16773
3446.64470
3453.57750
3457.01161
3460.48070
3470.85359
3474.30524
3481.17550
3484.63979
3488.12452
3495.06060
3498.51236
3501.97096
3505.39789
3508.88087
3512.32214
3515.77328
3546.94872
3550.35323
3553.80442
3560.76609
3564.23365
3567.69085
3574.58975
3578.06301
3588.42490
3591.90578
3595.33345
3602.26270
3605.72393
3609.17110
3612.63361
3616.05332
3619.56511
3623.02339
3657.56862
3661.04785
3664.49699
3671.42282
3674.89163
3678.34164
3681.78881
