3602.17879
3604.85473
3606.18702
3607.53003
3608.86378
3611.54166
3612.87742
3614.21208
3615.54985
3616.88801
3618.22484
3619.56398
3620.90141
3622.23787
3623.57218
3626.24932
3627.58387
3630.26436
3632.93415
3634.27172
3635.60558
3636.94851
3640.95258
3642.29118
3643.63060
3644.96958
3646.30587
3647.64574
3648.97785
3650.32088
3651.65572
3654.32028
3655.66375
3656.99941
3658.33917
3659.67822
3661.01170
3662.34966
3663.68852
3665.02381
3666.36408
3669.04721
3670.37269
3671.70777
3673.04658
3674.38589
3675.72037
3677.05946
3678.39504
3679.73275
3681.06852
