3683.87566
3684.78918
3685.72578
3686.66398
3687.58780
3690.43282
3691.37559
3692.29588
3695.09491
3697.92472
3698.83064
3699.77450
3700.73131
3702.59522
3703.54170
3706.35370
3707.27202
3713.83695
3714.76129
3715.72497
3716.65964
3717.59087
3718.52329
3719.47545
3720.43166
3721.32422
3723.20500
3726.02143
3726.94818
3729.75974
3735.38549
3736.31840
3739.13620
3740.06879
3741.00147
3741.92692
3742.88125
3743.81263
3744.76096
3745.68964
3746.62147
3747.54968
3748.49977
3749.43779
3752.24978
3753.18169
3754.11598
3755.06390
3755.99627
3756.92944
3757.87450
3758.81600
3759.74806
3760.67645
3761.61574
3762.56019
3818.76499
3819.71555
3820.64810
3823.45786
3825.30612
3827.21140
3830.03168
3832.82925
3833.78072
3834.70573
3835.64308
3836.61974
3838.43005
3839.38923
3840.32053
