3325.65519
3326.34224
3328.39010
3331.12198
3331.80513
3333.17457
3333.85629
3334.54039
3335.22118
3335.90952
3336.58943
3337.27332
3337.95782
3340.00785
3340.69116
3341.37366
3342.74093
3343.42303
3344.10489
3345.47422
3346.15723
3346.84021
3350.25796
3350.94374
3352.30894
3352.99277
3354.35685
3355.04185
3355.72330
3356.40643
3357.09004
3357.77218
3358.45748
3359.14016
3359.82186
3360.50837
3361.87368
3362.55919
3363.23970
3363.92435
3364.60723
3365.29414
3366.66208
3369.38980
3371.44173
3372.12474
3372.80614
3374.17585
3374.85745
3376.90800
3377.58858
3378.27364
3378.95771
3379.64053
3386.47438
3387.15613
3388.52376
3389.20806
3390.57445
3391.25635
3393.30658
3393.98725
3397.40682
3398.09096
3399.45625
3400.14185
3400.82751
3401.50698
3402.19016
3402.87560
3403.55672
3404.24129
3404.92318
3405.61131
3438.40598
3439.08837
3439.77370
3440.45796
3441.14450
3441.82590
3442.51030
3443.19215
3443.87659
3444.55960
3445.24193
3445.92184
3446.61194
3447.28838
3447.97234
3448.65717
3449.34152
3452.07424
3453.44023
3454.12351
3454.80795
3455.49413
3456.17635
3456.85372
3457.54507
3458.22486
3458.90912
3459.59480
3460.27701
3460.95464
3461.64032
3462.32604
3463.01256
3463.69542
3469.15828
3469.84207
3470.52508
3471.20766
3471.89109
3472.57542
3473.25768
3473.94163
3475.30858
3475.99200
3476.67570
3478.72548
3479.40785
3480.09146
3480.77438
3481.45804
3482.14177
3482.82503
3483.50913
3484.19204
3484.87475
3485.55856
3486.24199
3486.92702
3487.60812
3488.29151
3488.97551
3489.65769
3492.39560
3493.07504
3493.75774
3494.44124
3495.12513
3495.80578
3496.49307
3497.17680
3497.86017
3498.54137
3499.22558
3499.90558
3500.59415
3501.27504
3501.95932
3502.64209
3505.37492
3506.06023
3506.74151
3507.42839
3508.10964
3508.79091
3509.47521
3510.16232
3510.84146
3511.52880
3512.20910
3512.89097
3513.57606
3514.25821
3514.94456
3515.62480
3544.32630
3545.00858
3545.69209
3546.37481
3547.05869
3547.74245
3548.42692
3549.10917
3549.79196
3550.47532
3551.15903
3551.84338
3552.52591
3553.20915
3553.89181
3554.57548
3557.99308
3559.35904
3560.72554
3561.40941
3562.09367
3562.77612
3563.45963
3564.14266
3564.82591
3565.50860
3566.19199
3566.87547
3567.55886
3568.24222
3570.97582
3571.65942
3572.34196
3573.02643
3573.70891
3574.39253
3575.07594
3575.75806
3576.44364
3577.12612
3577.80937
3578.49300
3579.17673
3579.86152
3580.54276
3581.22624
3583.27688
3583.96050
3584.64209
3585.32630
3586.00940
3586.69165
3587.37686
3588.05868
3588.74236
3589.42375
3590.11024
3590.79199
3591.47545
3592.15884
3592.84316
3593.52529
3594.20959
3594.89309
3601.72546
3602.41005
3603.77772
3604.45936
3605.14229
3605.82626
3606.50959
3607.19245
3607.87689
3608.55876
3609.24198
3611.97660
3612.65976
3613.34193
3614.71125
3615.39198
3616.07502
3616.76110
3617.44352
3618.12580
3618.80988
3619.49240
3620.86018
3621.54242
3622.22613
3622.90908
3623.59329
3625.64625
3626.32373
3627.00669
3627.69462
3629.05994
3629.74621
3631.10955
3632.47776
3633.15796
3633.84313
3634.52649
3635.20741
3635.89255
3636.57586
3637.25901
3638.62416
3640.67888
3641.35942
3642.04265
3642.72480
3643.40971
3644.09651
3644.77721
3645.46339
3646.14405
3646.82541
3647.51001
3648.19418
3648.87635
3649.55942
3650.24547
3650.92797
3651.61148
3652.29207
3654.34345
3655.02792
3655.70960
3656.39282
3657.07725
3658.44255
3659.12724
3659.80954
3660.49260
3661.17413
3661.86019
3662.54317
3663.22649
3663.91056
3665.96014
3666.64271
3667.32723
3669.37709
3670.05990
3670.74235
3671.42526
3672.79378
3673.47736
3674.15978
3674.84371
3676.21125
3676.89278
3677.57643
3678.25904
3678.94349
3679.62673
3680.31054
3680.99312
3681.67637
