3355.96241
3358.48444
3361.00484
3363.52291
3439.14691
3444.18853
3446.71296
3449.22997
3451.75471
3454.27693
3456.79378
3459.31547
3461.83667
3469.39665
3471.91854
3474.44005
3479.48014
3482.00229
3484.51984
3487.04473
3489.56446
3494.60511
3497.12515
3499.64758
3502.16697
3507.20789
3509.73030
3512.25203
3514.77420
3545.02171
3547.54027
3550.06319
3552.58465
3555.10603
3560.14999
3562.66716
3565.18529
3567.70836
3572.74938
3575.26964
3577.79068
3580.31137
3585.35410
3587.87464
3590.39513
3592.91721
3595.43707
3602.99987
3605.52175
3608.04231
3613.08098
3615.60228
3618.12517
3620.64417
3623.16746
3625.68845
3630.72932
3633.24870
3635.77074
3640.80680
3645.85507
3648.37412
3650.89369
3655.93441
3658.45784
3660.97734
3663.49605
3666.01798
3671.06229
3673.58271
3676.10441
3678.62565
3681.14503
