3325.71527
3326.25289
3328.37793
3330.51439
3331.04668
3333.18356
3333.71389
3334.24749
3334.78012
3335.84684
3336.38174
3336.91539
3337.98002
3341.17705
3342.77860
3343.31375
3343.84991
3344.91162
3345.44662
3345.98087
3346.50855
3347.04659
3350.24687
3350.78022
3352.38031
3352.91205
3354.51208
3355.04573
3355.57746
3356.64334
3357.17762
3357.71000
3358.24459
3359.31115
3359.84305
3360.37834
3360.91118
3361.44234
3361.97751
3362.51061
3364.11300
3364.64336
3365.17665
3365.70835
3366.77606
3368.90777
3369.44292
3370.50895
3371.57376
3372.10809
3372.64243
3374.24126
3374.77604
3375.30886
3376.37709
3376.90678
3377.44004
3379.03963
3379.57198
3380.10685
3386.50746
3387.57402
3388.10900
3388.63984
3390.77435
3392.90481
3393.43845
3394.50964
3397.17076
3397.70461
3399.30436
3399.83914
3400.90536
3401.43680
3402.50583
3403.03588
3403.57165
3404.10868
3405.17071
3438.23431
3438.76388
3439.29849
3439.83437
3440.36541
3440.89917
3441.42964
3441.96608
3442.49835
3443.03360
3443.56413
3444.63079
3445.16506
3445.69876
3446.23081
3446.76555
3447.29947
3447.83105
3448.36535
3448.89804
3449.43096
3452.09852
3452.63282
3453.16413
3453.69877
3454.22977
3454.76532
3455.29543
3455.83020
3456.36321
3456.89761
3457.43126
3457.96120
3458.49738
3459.03015
3459.56160
3460.09357
3460.62739
3461.16291
3461.69479
3462.23027
3462.76311
3463.29584
3468.62941
3469.16130
3469.69743
3470.22917
3470.76195
3471.29164
3472.35833
3472.89594
3473.42648
3473.96215
3474.49413
3475.02764
3475.55961
3476.09407
3476.62641
3478.76007
3479.29529
3479.82739
3480.35995
3480.89474
3481.42576
3481.96148
3482.49100
3483.02794
3483.55962
3484.09317
3484.62721
3485.15808
3485.68978
3486.22760
3486.75905
3487.29292
3487.82428
3488.36092
3488.89130
3489.42795
3492.10198
3492.62973
3493.16680
3493.69073
3494.22659
3495.28518
3495.82170
3496.89906
3497.42193
3499.02783
3500.09136
3501.68767
3505.42272
3505.95413
3507.03274
3507.55929
3508.09042
3508.61307
3509.16378
3509.68793
3510.22123
3510.76262
3511.29185
3512.88553
3514.48458
3515.02114
3571.02022
3571.54852
3572.08054
3573.14960
3573.68063
3574.21472
3574.74649
3575.28127
3575.81921
3576.35018
3576.88144
3577.41425
3577.94713
3578.48284
3579.01385
3579.54643
3580.08186
3580.61551
3581.14818
3583.81358
3584.34750
3584.87956
3585.41549
3586.48160
3587.01347
3587.54764
3588.08089
3588.61515
3589.67846
3590.21273
3590.74876
3591.27911
3591.81244
3592.34420
3592.88270
3593.41202
3593.94619
3594.47908
3595.01097
3601.41123
3601.94473
3602.47577
3604.07827
3604.61020
3605.14281
3605.67888
3606.20849
3606.73980
3607.27720
3607.81277
3608.34424
3608.87397
3611.54386
3612.07861
3612.60838
3613.14348
3613.67548
3614.20999
3615.27410
3615.80774
3616.34528
3616.87519
3617.40948
3617.94014
3618.47647
3619.00786
3619.54117
3620.07566
3620.60875
3621.14281
3621.67631
3622.20647
3622.74245
3623.27327
3625.93859
3626.47739
3627.00768
3627.54275
3629.14039
3630.20703
3630.73837
3632.87420
3633.40972
3633.93745
3635.00621
3635.53787
3636.07334
3636.60647
3637.14006
3640.87150
3641.40517
3641.93872
3642.47302
3643.00334
3643.53891
3644.07233
3644.60619
3645.14006
3645.67227
3646.20565
3647.27156
3647.80521
3648.33947
3648.87207
3649.40429
3649.93821
3650.47052
3651.00403
3651.54123
3652.06997
3652.60627
3654.73707
3655.80238
3656.33698
3656.87328
3658.47341
3659.00067
3659.53675
3660.06826
3660.60337
3661.13755
3662.20411
3662.73679
3663.27118
3663.80466
3664.33584
3665.93564
3666.46850
3667.00202
3669.67141
3670.20091
3670.73518
3671.26842
3671.80200
3672.33571
3672.86778
3673.40211
3673.93382
3674.46879
3675.00253
3676.06825
3676.60265
3677.13733
3677.66898
3678.20138
3678.73427
3679.26710
3679.79951
3680.33557
3680.86651
3681.40162
3681.93625
