3327.86103
3331.44561
3333.83110
3336.21097
3337.40289
3343.35531
3345.74327
3346.92903
3350.50501
3352.88167
3355.26484
3356.46202
3360.02732
3362.40941
3363.60273
3364.79046
3369.55490
3370.74273
3371.93588
3374.31862
3375.51215
3376.69822
3379.08471
3386.22441
3387.41710
3388.61235
3389.80210
3390.98972
3392.17966
3393.37281
3394.57243
3396.94518
3398.13553
3399.32512
3400.52382
3401.70425
3402.89949
3404.08730
3405.27897
3469.58749
3470.78070
3471.97294
3473.15841
3474.34836
3475.53856
3479.11223
3480.30271
3481.49432
3482.68523
3483.87649
3485.06680
3486.26008
3487.44830
3488.63985
3489.82981
3492.21124
3493.40317
3494.59981
3495.78468
3496.97528
3498.16609
3499.36313
3500.55542
3501.73920
3505.30759
3506.50247
3507.69804
3508.88526
3510.07502
3511.26785
3512.45693
3513.64720
3514.84084
3545.79999
3546.99008
3548.18168
3549.37170
3550.56616
3551.75459
3552.94983
3554.13642
3557.71204
3560.09081
3561.28302
3562.47097
3563.66236
3564.85233
3566.04560
3567.23948
3570.81259
3571.99939
3573.19018
3574.37960
3575.57118
3576.76238
3577.95251
3579.14778
3580.34172
3583.91611
3585.09802
3586.28898
3587.48024
3588.67115
3589.86382
3591.05212
3592.24465
3593.43739
3594.63247
3601.76974
3602.96307
3604.15327
3605.34344
3606.53332
3607.72580
3608.91495
3611.30014
3612.48746
3613.68615
3614.86755
3616.06245
3617.25052
3618.44167
3619.63117
3620.82320
3622.01359
3623.20687
3625.58591
3626.78549
3627.97082
3629.16323
3630.35478
3631.55689
3632.73149
3633.92206
3635.11143
3636.30444
3641.06777
3642.25903
3643.44726
3644.64218
3645.84265
3647.02208
3648.21337
3649.40394
3650.59333
3651.78560
3655.36303
3656.55485
3658.93107
3660.12787
3661.31097
3662.50410
3663.69364
3664.87888
3666.07685
3667.26158
3669.64895
3670.83994
3673.23095
3674.40068
3675.60166
3676.79481
3677.98585
3679.17555
3680.36748
3681.56040
