3325.87326
3326.42539
3326.97173
3327.52828
3328.08248
3328.63433
3330.83479
3333.04458
3333.59656
3334.14910
3335.80026
3336.90700
3338.00809
3340.21428
3340.76141
3341.31902
3341.87264
3342.97833
3344.07770
3345.18453
3345.72659
3346.27189
3350.14184
3350.69915
3352.35191
3352.90177
3355.11594
3356.76643
3358.41986
3358.96948
3360.07336
3360.62516
3361.73728
3362.28273
3363.38897
3363.93648
3365.03526
3365.59539
3366.69529
3368.89900
3369.45657
3371.65852
3372.20705
3372.75391
3373.87067
3375.51960
3376.62055
3377.72972
3378.82817
3379.37958
3379.94431
3386.55257
3387.10366
3387.65691
3388.20687
3390.41384
3390.96738
3391.52091
3393.17378
3394.27921
3397.58645
3399.23946
3399.78721
3400.89080
3401.45347
3402.55070
3403.10259
3438.40851
3438.96062
3439.50946
3440.06137
3440.61501
3441.17266
3441.72149
3442.27136
3442.82041
3443.37428
3443.92589
3445.02735
3445.57973
3446.68126
3447.24721
3447.78548
3448.33801
3448.89175
3449.44078
3452.20059
3452.75275
3453.30493
3453.85558
3454.40749
3454.95869
3455.50856
3456.06095
3456.61229
3457.16252
3457.71571
3458.26877
3458.82069
3459.37114
3459.92341
3460.47539
3461.02458
3461.57713
3462.12801
3462.67766
3469.85055
3470.40390
3470.95065
3472.05899
3473.16528
3473.70976
3474.26185
3474.81911
3475.37248
3475.91980
3476.47281
3478.67885
3479.23176
3480.33213
3480.88264
3481.43451
3481.98411
3482.55248
3483.09475
3484.19623
3484.73960
3485.29840
3485.84862
3486.94710
3487.49761
3488.06171
3488.60890
3489.71159
3492.46993
3493.02274
3493.56977
3494.12223
3494.68056
3495.23083
3495.77911
3496.33451
3498.53610
3499.08582
3499.63967
3500.20019
3500.74608
3501.29598
3501.84670
3502.40065
3505.70758
3506.25618
3506.81418
3507.36167
3509.01544
3509.58052
3510.12345
3510.67949
3511.21968
3511.77928
3512.34033
3514.53969
3515.08919
3544.88074
3545.42689
3545.98210
3546.53334
3547.07976
3547.63416
3548.18278
3548.73716
3549.28738
3549.84100
3550.38938
3550.94403
3551.49727
3552.04745
3552.59934
3553.15259
3553.69869
3554.25465
3554.80264
3557.56762
3558.11920
3559.21816
3559.77047
3560.32041
3560.87118
3561.42215
3561.97660
3562.52753
3563.63536
3564.18288
3564.74300
3565.29048
3565.83852
3566.39095
3567.49295
3568.04105
3570.80387
3571.90537
3572.45940
3573.01072
3573.56257
3574.11330
3574.66690
3575.21481
3576.31877
3576.87350
3577.42169
3577.97236
3578.52495
3579.07719
3579.62728
3580.18098
3580.73155
3581.28674
3584.04524
3584.59599
3585.69901
3586.24743
3586.80103
3587.34959
3587.90396
3588.45870
3589.00751
3589.56115
3590.11212
3590.66451
3591.21545
3591.76709
3592.31991
3593.41999
3593.97387
3594.52586
3595.07512
3601.69482
3602.25777
3603.90849
3604.45962
3605.00495
3605.55047
3606.11179
3607.75201
3608.31513
3608.87637
3613.82377
3614.39001
3614.94079
3617.68936
3618.24222
3618.79841
3619.34926
3619.89701
3620.45932
3621.54969
3622.10463
3622.66352
3623.20372
3625.96781
3626.52129
3627.07158
3627.61983
3629.83163
3630.37644
3630.93605
3633.13841
3633.69085
3634.24153
3634.79120
3636.45062
3637.00481
3641.41642
3641.96652
3642.51866
3643.07035
3643.62454
3644.17225
3644.72608
3645.82797
3646.93526
3647.48572
3648.03353
3648.58562
3649.13358
3649.68450
3650.24027
3650.79288
3651.34288
3651.89760
3652.44577
3654.65787
3655.75375
3656.31340
3656.85770
3658.51400
3659.06983
3660.17074
3661.82993
3662.37676
3662.92327
3663.48220
3664.03085
3665.13215
3665.68736
3666.23999
3666.78900
3667.34585
3670.10099
3670.64812
3671.75145
3672.85727
3673.41168
3673.96344
3674.51542
3675.06561
3676.16905
3676.72202
3677.26746
3677.82025
3678.37112
3678.92287
3679.47769
3680.02895
3680.58121
3681.13188
3681.68498
