3712.55346
3713.31275
3714.06214
3714.82949
3715.61388
3716.36527
3717.10752
3720.92645
3721.69177
3722.44872
3723.21136
3726.26375
3727.00074
3728.52902
3729.29818
3730.05476
3730.81169
3731.56472
3732.33547
3733.09529
3734.61833
3735.39024
3736.16227
3736.91752
3739.19471
3739.94806
3740.73333
3741.48070
3742.23412
3743.00911
3743.77256
3744.51868
3745.28144
3746.03704
3746.80820
3747.55963
3748.33134
3749.10193
3749.85367
3752.13488
3752.90350
3753.65098
3754.40819
3755.17949
3755.93234
3756.70327
3757.46818
3758.21912
3758.98249
3759.74839
3760.50756
3761.28014
3762.02685
3762.78549
