3355.04531
3356.84184
3358.63493
3360.40981
3362.20367
3363.98226
3365.76879
3369.34018
3371.12902
3372.88863
3374.68551
3376.46567
3378.23765
3380.03276
3387.15586
3388.92875
3390.73480
3392.52354
3394.29347
3397.87435
3399.65243
3401.44533
3403.22036
3405.00651
3438.89209
3440.65974
3442.45767
3444.24001
3445.99905
3447.80819
3449.57152
3453.15886
3454.91947
3456.72509
3458.50696
3460.29321
3462.07480
3469.20837
3470.99317
3472.78247
3474.55194
3476.34298
3479.87933
3481.69876
3483.47454
3485.24567
3487.04292
3488.82682
3492.39699
3494.17717
3495.95985
3497.74322
3499.50062
3501.30150
3506.66363
3508.44393
3510.22577
3512.01177
3513.79287
3515.57999
3545.89822
3547.68102
3549.45908
3551.24910
3553.03429
3554.81438
3558.38128
3560.17019
3561.93552
3563.70948
3565.52056
3567.30168
3570.86805
3572.65765
3574.43313
3576.21554
3577.98287
3579.78837
3581.55503
3583.34692
3585.13259
3586.90098
3588.70147
3590.48398
3592.26714
3594.05333
3602.97011
3604.73048
3606.53418
3608.32108
3611.90339
3613.66962
3615.45498
3617.23765
3619.02801
3620.80582
3622.58532
3626.15320
3627.92772
3629.71956
3631.50445
3633.28819
3635.07420
3636.83574
3638.63879
3640.41563
3642.20609
3643.98778
3645.75217
3647.55636
3649.33813
3651.11572
3654.72394
3656.47366
3658.25682
3660.04382
3661.82485
3663.61924
3665.39570
3667.17592
3668.94487
3670.73349
3672.54049
3674.30107
3676.08936
3677.87812
3679.66001
3681.43987
