3684.64265
3686.45965
3688.28747
3690.10341
3693.74750
3695.56270
3699.18605
3702.83420
3704.64629
3706.45724
3708.26877
3711.89640
3713.72932
3715.54569
3717.36296
3719.18221
3720.99611
3722.81331
3726.44954
3728.25974
3730.07955
3731.89711
3733.71443
3735.53607
3739.16364
3740.98344
3742.81138
3744.61407
3746.43187
3748.27400
3753.70591
3755.52293
3757.34346
3759.17190
3760.96522
3762.78356
3817.31027
3819.12366
3820.92834
3822.74849
3824.54774
3826.42904
3830.02175
3831.84655
3833.66680
3835.47554
3837.32215
3839.09998
