3356.67488
3359.31762
3361.95629
3364.59738
3372.51847
3375.16047
3377.80038
3380.43414
3388.36228
3391.00108
3393.64215
3398.91963
3401.56205
3404.20410
3441.17229
3443.80997
3446.45022
3449.09231
3451.73440
3454.36966
3457.00602
3459.64925
3462.28994
3470.21000
3472.85340
3475.49396
3480.76989
3483.41400
3486.05399
3488.69184
3544.14195
3546.77869
3549.42138
3552.06031
3554.70128
3557.35574
3559.97809
3562.62119
3565.26108
3567.90174
3602.22522
3604.86791
3607.50904
3612.78949
3615.42963
3618.06721
3620.70937
3623.34733
3625.99371
3628.62718
3631.26935
3633.91049
3636.55203
3641.83048
3644.47125
3647.11066
3649.75580
3652.39121
3655.03326
3657.66927
3660.31538
3662.95527
3665.59218
3670.87445
3673.51363
3676.15448
3678.79302
3681.43489
