3325.72708
3326.72830
3327.72973
3328.72929
3329.73006
3330.73215
3331.73538
3332.73118
3333.73293
3334.73210
3335.73325
3336.73177
3337.73846
3340.73688
3342.73749
3343.73833
3344.73966
3345.73983
3346.74028
3349.74214
3350.74299
3352.74323
3354.74578
3355.74607
3356.74702
3357.74763
3359.74868
3360.74943
3361.75020
3362.75030
3363.74991
3364.75104
3365.75118
3366.75191
3369.75399
3370.75476
3371.75429
3372.75640
3373.75606
3374.75827
3375.76150
3376.75799
3377.76145
3378.76137
3379.76092
3380.76024
