3711.87109
3712.57733
3713.28445
3713.99161
3715.40611
3716.11260
3716.82002
3717.52684
3718.23391
3718.94131
3719.64899
3720.35486
3721.06271
3721.77005
3722.47576
3723.18377
3725.30707
3726.72122
3727.42466
3728.13231
3728.84345
3729.54720
3730.25448
3730.96025
3731.66721
3732.37559
3733.08246
3733.78978
3734.49604
3735.20297
3735.91010
3736.61782
3739.44618
3740.15317
3740.86074
3741.56629
3742.27465
3742.98287
3743.68875
3744.39656
3745.10252
3745.81024
3746.51660
3747.22433
3747.93090
3748.63833
3749.34498
3750.05092
3752.17178
3752.87909
3753.58636
3754.29437
3755.00031
3755.70841
3756.41578
3757.12027
3757.82997
3758.53889
3759.24424
3759.95265
3760.65788
3761.36557
3762.07234
3762.77878
