3684.18609
3685.82980
3687.49160
3689.16110
3690.82085
3692.46620
3694.11199
3695.79083
3699.10175
3700.74352
3702.42639
3704.08387
3707.41669
3709.04894
3712.38504
3714.04238
3715.66951
3717.34522
3718.98918
3720.67401
3722.37190
3725.63320
3727.29890
3728.96395
3730.61397
3732.29122
3733.94239
3735.58898
3738.92019
3740.59330
3742.24454
3743.89949
3745.55802
3747.21105
3748.87845
3752.19271
3753.86241
3755.51689
3757.16717
3758.83072
3760.50218
3762.16781
3821.87685
3823.54707
3826.83095
3830.14944
3835.17353
3836.80693
3838.45477
3840.13910
