3625.53023
3626.23640
3626.94279
3627.64688
3629.76482
3630.47016
3631.17571
3632.58835
3633.29277
3633.99969
3634.70624
3636.11690
3636.82270
3641.05737
3641.76189
3642.46838
3643.87908
3644.58826
3645.29214
3645.99632
3646.70623
3647.40807
3648.11352
3648.81999
3649.52534
3650.23387
3650.93953
3651.64288
3652.34742
3654.46914
3655.17117
3655.88003
3656.58482
3657.28996
3658.70011
3659.40530
3660.11147
3661.52680
3662.22998
3662.93561
3663.63962
3664.34587
3665.05108
3665.75743
3666.46330
3667.17149
3669.28537
3669.99137
3670.69687
3671.40311
3672.81779
3673.52170
3674.22652
3674.93252
3675.63828
3676.34341
3677.04889
3677.75518
3678.46091
3679.16728
3679.87290
3680.57743
3681.28357
3681.98852
