3391.02827
3397.16966
3397.93909
3399.47629
3400.23567
3401.00640
3403.30626
3404.07166
3438.60366
3439.36336
3440.13056
3440.89940
3442.43382
3443.19975
3445.50394
3447.80303
3448.56744
3449.33967
3453.17078
3455.47629
3456.24607
3457.00962
3457.77528
3458.54442
3459.30771
3460.08168
3460.84995
3461.60940
3462.38029
3463.15300
3473.89075
3476.19165
3479.25875
3482.32599
3483.09242
3484.62255
3485.40207
3488.46549
3492.29724
3493.06453
3495.36586
3496.13241
3496.89048
3498.44362
3499.96618
3500.73525
3501.50448
3502.27230
3505.34025
3506.87771
3507.64336
3508.41004
3510.71228
3511.47694
3512.24922
3513.01029
3513.77388
3514.54572
3515.31041
3571.31560
3572.85340
3573.61549
3574.38249
3575.15120
3576.68037
3577.47223
3578.21798
3578.98599
3580.53167
3581.29004
3584.35963
3585.90002
3586.65787
3587.42222
3588.19265
3589.72670
3590.48224
3591.25768
3592.02740
3593.56855
3595.10021
3600.46568
3601.23203
3602.00250
3602.77335
3604.30339
3605.83587
3608.13502
3608.90256
3611.96953
3613.50567
3614.27590
3617.34482
3618.11084
3618.87776
3619.65040
3620.41481
3621.18816
3621.95411
3622.71389
3654.17909
3656.46071
3660.29886
3662.61276
3663.38774
3665.67003
3670.27210
3671.04559
3673.34573
3674.11221
3674.88419
3675.64576
3677.94895
3678.71105
3679.48489
3681.01145
