3326.90237
3329.86448
3335.79583
3337.26978
3343.21351
3346.17441
3350.62848
3352.11420
3355.07749
3356.55690
3359.52370
3362.49464
3371.39984
3372.88124
3374.35787
3375.84326
3389.18800
3390.66274
3399.57432
3402.55061
3404.02459
3405.50466
3439.62642
3454.44595
3455.95108
3457.42733
3458.89936
3460.38869
3461.88808
3463.31356
3469.28289
3470.77028
3472.26711
3473.73554
3475.22321
3476.71088
3479.66007
3482.63981
3484.11789
3485.59877
3487.09987
3488.56929
3493.00573
3494.49575
3497.45985
3498.94984
3500.42726
3501.90873
3506.37159
3507.85301
3510.81666
3512.29699
3515.25695
3544.84612
3546.39910
3550.86461
3552.34191
3553.83114
3561.23592
3562.74561
3564.20786
3567.17267
3573.09831
3574.58553
3576.07089
3577.55048
3579.03372
3580.52494
3584.96267
3586.42733
3589.42970
3590.89537
3593.88022
3595.34893
3602.77501
3604.26028
3605.73469
3607.22141
3608.70197
3614.47798
3616.11725
3619.08224
3620.56640
3622.04161
3623.52270
3629.47396
3630.93617
3635.35884
3636.88098
3641.33763
3644.30182
3645.77640
3647.26251
3648.74620
3650.22054
3651.70668
3662.10066
3663.58681
3665.06089
3670.99332
3675.47984
3676.92119
3678.41292
3679.89379
3681.37638
