3326.02192
3327.82217
3329.58009
3331.26501
3333.05210
3334.77670
3336.50090
3339.97382
3341.72195
3343.48095
3345.20818
3346.94885
3350.42453
3352.16529
3355.65661
3357.37952
3359.13361
3360.90072
3362.64324
3364.37778
3366.12663
3369.62204
3371.35594
3373.09715
3374.85111
3376.58267
3378.32310
3380.06787
3387.06117
3388.79401
3390.53748
3392.27461
3399.24008
3400.99047
3402.73552
3404.49980
3439.34799
3441.10294
3442.84149
3444.59544
3446.31597
3448.06098
3449.81956
3453.29832
3455.00635
3456.75877
3458.50839
3460.23766
3461.98627
3468.99886
3470.73951
3472.48110
3474.21368
3475.96547
3479.44069
3481.19227
3482.93529
3495.15916
3498.64813
3509.10198
3545.69163
3547.45120
3549.19347
3550.91487
3552.66771
3554.41213
3557.90166
3559.63567
3561.39398
3563.12980
3564.87181
3566.61924
3571.84802
3573.58870
3575.32631
3577.07853
3580.58948
3584.04173
3585.79174
3589.27587
3592.76365
3601.48921
3604.98119
3606.71871
3608.46319
3611.98745
3613.70492
3615.44225
3617.19218
3618.93719
3620.65994
3622.41077
3625.89503
3627.64800
3629.38473
3631.13079
3632.88105
3634.62470
3636.36346
3638.09418
3641.58551
3643.34626
3645.07890
3646.82032
3648.55368
3650.30984
3652.06843
3655.55171
3657.29754
3659.02918
3662.52317
3664.22565
3665.99261
3669.38733
3671.21906
3674.69481
3676.45153
3678.24469
3679.92960
3681.68599
