3354.35350
3356.75636
3359.16028
3363.88694
3371.02026
3375.80339
3378.19457
3387.69190
3390.07116
3392.46752
3394.81713
3397.23506
3399.62141
3401.99545
3404.38010
3468.68286
3471.06554
3473.44138
3475.79842
3480.57338
3482.96021
3485.34220
3487.71779
3494.86075
3497.25196
3499.64483
3502.01505
3506.78410
3509.16469
3511.53259
3513.91650
3544.87765
3547.24329
3549.64356
3552.00737
3554.40678
3561.54141
3563.91177
3566.30062
3602.03415
3604.41639
3606.78461
3609.17136
3613.92602
3616.31714
3618.70891
3621.08352
3623.46271
3630.60363
3632.98462
3642.50137
3644.90218
3647.27544
3649.65265
3652.04101
3656.79630
3659.19048
3661.54048
3663.94389
3666.31992
3671.08474
3673.46312
3675.86069
3678.23196
3680.60775
