3354.64663
3357.96700
3359.69020
3363.00172
3364.68762
3369.70745
3371.38048
3373.05281
3374.72078
3376.39451
3386.45168
3388.10398
3389.80413
3391.44551
3393.12889
3398.14079
3401.46659
3403.12966
3404.80217
3438.27316
3439.96206
3441.61726
3443.30125
3444.96788
3446.64718
3448.30843
3453.33121
3455.00189
3456.68088
3458.35323
3460.02361
3461.69589
3463.37469
3493.46255
3545.31604
3546.99195
3548.66803
3550.33598
3552.01050
3553.68046
3555.35147
3560.37843
3562.05225
3563.72616
3565.38783
3567.06126
3625.58860
3627.27525
3630.62124
3632.28886
3633.96762
3635.63279
3637.31503
3640.65016
3642.33100
3644.00301
3645.67257
3647.34633
3649.01578
3650.68852
3652.36542
3669.09552
