3438.50142
3439.42038
3440.34476
3441.26714
3442.18837
3443.09562
3444.03398
3444.94175
3445.85830
3446.77902
3447.69407
3448.61812
3449.54939
3452.29406
3453.21507
3454.14479
3455.05830
3455.97796
3456.89877
3457.82150
3458.73793
3459.65257
3460.58137
3461.49141
3462.41036
3463.33906
3492.75414
3493.67599
3494.59322
3495.51823
3496.43326
3497.35168
3498.27055
3499.19385
3500.10808
3501.02670
3501.94945
3505.62515
3506.54709
3507.46530
3508.38629
3509.30181
3510.22514
3511.14625
3512.06740
3512.98173
3513.90484
3514.82433
3515.74147
3626.07625
3626.99587
3627.91590
3629.75708
3630.67688
3631.59335
3632.51396
3633.43313
3634.35506
3636.19319
3637.11078
3640.79357
3641.70923
3642.62815
3643.54500
3644.46623
3645.38378
3646.31211
3647.22603
3648.14625
3649.06117
3649.98168
3650.90421
3651.82459
3654.58107
3655.49871
3656.41862
3658.25840
3659.17750
3660.09738
3661.01804
3661.93635
3662.85630
3663.77486
3665.61318
3666.53477
3667.45922
3669.29144
3670.21009
3671.13130
3672.97256
3673.88943
3674.80797
3675.73093
3676.65033
3677.56802
3678.48646
3679.40378
3680.32585
3681.24835
3682.16221
