3355.05068
3355.77002
3356.48930
3357.20937
3357.93033
3358.64887
3359.36900
3360.08880
3360.80906
3362.24868
3362.96988
3363.68569
3364.40733
3365.12748
3365.84797
3366.56639
3369.44710
3370.16747
3370.88538
3371.60733
3372.32898
3373.04647
3373.76730
3374.48670
3375.20851
3376.65001
3377.36606
3378.80692
3379.52780
3386.72871
3387.44566
3388.16850
3388.88954
3389.61008
3390.33046
3391.04871
3392.48929
3393.20408
3397.52829
3398.24485
3399.68594
3400.39985
3401.12329
3401.83844
3402.56335
3403.27843
3405.43998
