3712.29857
3713.11638
3713.93308
3714.74939
3715.56541
3716.38363
3717.20062
3718.01579
3718.83078
3719.65132
3720.46648
3721.28068
3722.09871
3722.91645
3726.18263
3726.99694
3727.81608
3728.63116
3729.44709
3730.26425
3731.08215
3731.89799
3732.71568
3733.53081
3734.34666
3735.16611
3735.98100
3736.79830
3740.06212
3740.88040
3741.69744
3742.51492
3743.32977
3744.14632
3744.96469
3745.78042
3746.59703
3747.41584
3748.22891
3749.04674
3749.86387
3752.31318
3753.13049
3753.94645
3754.76290
3755.58019
3756.39677
3757.21374
3758.02960
3758.84676
3759.66336
3760.48004
3761.29589
3762.11237
3762.93010
