3354.76991
3355.93814
3357.10678
3358.27571
3359.44438
3360.61352
3361.78108
3362.95002
3364.11680
3365.28636
3366.45496
3371.12942
3372.30247
3373.46279
3374.63744
3375.80170
3376.97356
3379.30857
3386.32298
3387.48878
3388.65888
3390.99482
3392.16167
3393.33253
3394.50129
3396.83541
3398.01502
3399.18174
3400.34078
3401.51459
3402.68055
3403.84670
3405.01371
3438.90785
3440.07500
3441.24048
3442.41183
3443.58088
3444.74982
3445.91778
3447.08717
3448.25480
3449.42400
3451.76062
3452.92947
3454.09827
3455.26705
3456.43531
3457.60407
3458.77230
3459.94074
3461.10938
3462.27852
3463.44667
3469.28917
3470.45806
3472.79537
3473.96450
3475.13262
3476.30108
3479.80010
3480.97770
3482.14192
3483.31226
3484.48239
3485.65187
3486.81824
3487.98815
3489.15527
3492.66374
3493.83341
3496.16897
3497.33367
3499.67127
3500.83602
3502.01928
3506.68597
3507.84891
3509.02341
3510.18884
3511.35857
3512.52793
3513.69774
3514.86761
3569.78568
3570.95481
3572.12381
3573.29251
3574.46089
3575.62984
3576.79838
3577.96705
3579.13649
3580.30411
3581.47226
3583.80932
3584.97781
3586.14625
3587.31529
3588.48397
3589.65536
3590.82158
3591.98941
3593.15838
3594.32647
3595.49650
3601.33901
3602.50726
3603.67583
3604.84400
3606.01212
3607.18081
3608.34938
3611.85540
3613.02361
3614.19488
3615.36117
3616.53041
3617.69829
3618.86676
3620.03500
3621.20361
3622.37201
3623.54083
3625.87682
3627.04607
3629.38506
3630.55229
3631.71971
3632.88960
3634.05771
3635.22603
3636.39531
3638.73333
3641.07694
3642.23787
3643.41178
3644.57454
3645.74372
3646.91134
3648.07895
3649.25110
3650.41765
3651.58667
3655.09181
3656.26094
3658.59749
3659.76651
3662.10380
3663.27232
3664.44097
3665.61005
3666.77878
3669.11522
3670.28389
3671.45180
3673.78937
3674.95832
3676.12655
3677.29501
3678.46473
3679.63268
3680.80027
3681.96902
