3354.73715
3355.49347
3357.02592
3357.78245
3358.55291
3359.31268
3360.06893
3360.85110
3362.37620
3363.13888
3364.66173
3365.42584
3366.19554
3366.95418
3369.25415
3371.53898
3372.30340
3373.05220
3373.83006
3374.60023
3375.36329
3376.88448
3377.66500
3379.18094
3379.94081
3386.82287
3387.58521
3388.35094
3389.10621
3390.63977
3391.41325
3392.93660
3394.46408
3397.52132
3399.81258
3401.34476
3402.86834
3403.63771
3404.39692
3438.77827
3439.54542
3440.30499
3441.84225
3443.36742
3444.89729
3445.65051
3446.42090
3447.17691
3447.95384
3448.71685
3449.48027
3451.77223
3452.52548
3453.30075
3454.06155
3454.82804
3455.59067
3456.35259
3457.12331
3457.88427
3458.64268
3459.41093
3460.17611
3460.94274
3461.70620
3462.46872
3463.22885
3469.33809
3470.10828
3470.86927
3472.39822
3473.17176
3473.93193
3475.46625
3476.21812
3479.27976
3480.03730
3480.80620
3481.57414
3482.34268
3483.10222
3483.86046
3484.63680
3485.38664
3486.15561
3486.91913
3487.67978
3488.46309
3489.21672
3493.81077
3494.55448
3495.33403
3496.08016
3496.83400
3497.61004
3498.38181
3499.13677
3499.90586
3500.67273
3501.42700
3502.20522
3505.28340
3506.03548
3506.79574
3507.53675
3508.29496
3509.84575
3510.59948
3512.14378
3512.89614
3513.66275
3514.44072
3544.99499
3545.75391
3546.52054
3547.29008
3548.04491
3548.81029
3550.34035
3551.10483
3551.86049
3552.62556
3553.39617
3554.15757
3554.92442
3557.97873
3559.50693
3560.27843
3561.03628
3561.79886
3562.56381
3563.32505
3564.09380
3564.85975
3565.62165
3566.38189
3567.15154
3567.91371
3571.73374
3572.49900
3573.26161
3574.02560
3574.79011
3575.55442
3576.31641
3577.08489
3577.84700
3578.61258
3579.37521
3580.13723
3580.90255
3583.95947
3585.48708
3586.25205
3587.01488
3587.77787
3588.54278
3589.30626
3590.06963
3590.83393
3591.59718
3592.36781
3593.12715
3593.89272
3594.65623
3595.42185
3601.54082
3602.30375
3604.58729
3605.35375
3606.11460
3607.64852
3608.42802
3609.16505
3612.99536
3613.76286
3616.04626
3616.80927
3617.58571
3618.33226
3619.10310
3619.85898
3621.39650
3622.16603
3622.92424
3655.02065
3655.78818
3656.54792
3657.30265
3658.85061
3661.13622
3661.89859
3664.97024
3665.73336
3666.48215
3667.24125
3670.30882
3671.05787
3671.84068
3673.35012
3674.89521
3676.40238
3677.18207
3677.94395
3678.69480
3679.47202
3680.25039
3681.01657
