3388.38010
3390.82476
3393.41907
3398.33951
3400.83735
3403.30970
3405.88016
3438.41107
3440.99679
3443.47537
3445.92857
3448.40223
3453.51155
3455.91728
3458.43798
3460.94907
3463.68178
3493.56035
3495.98938
3498.51683
3501.08145
3506.00812
3508.53305
3511.07919
3513.52995
3546.10647
3548.62791
3551.08836
3553.62232
3561.19888
3563.70114
3566.10192
3601.21176
3603.73011
3606.25682
3608.67075
3611.14046
3613.77714
3616.21759
3618.71875
3621.22044
3623.67219
3626.22369
3628.69848
3631.24238
3633.75200
3636.30190
3641.20985
3643.75955
3646.26361
3648.72286
3651.28464
3656.29751
3658.74257
3661.29347
3663.82424
3666.34324
3671.33217
3673.77784
3676.27500
3678.78703
3681.36484
