3354.87148
3356.78938
3360.62387
3362.54067
3364.45862
3370.21055
3372.13037
3374.04590
3387.46735
3389.38606
3393.21947
3397.05247
3400.88700
3402.80548
3404.72752
3439.23460
3441.15220
3443.06911
3444.98631
3446.90395
3448.82057
3452.65476
3454.57451
3456.48989
3458.40692
3460.32501
3462.24217
3469.91158
3473.74678
3475.66375
3479.49781
3481.41477
3483.33140
3485.24939
3487.16624
3489.08395
3492.91743
3496.75517
3498.67407
3500.58930
3502.50585
3506.34064
3508.25673
3512.09295
3514.00838
3544.68690
3546.60550
3548.52273
3550.43905
3552.35667
3554.27464
3558.10923
3560.02749
3561.94442
3563.86088
3565.77762
3567.69462
3602.20734
3604.12378
3606.04240
3607.95863
3611.79312
3613.71147
3615.62879
3617.54567
3619.46280
3621.38007
3623.29762
3627.13155
3629.05091
3630.96667
3632.88360
3634.80124
3636.71899
3638.63605
3640.55310
3642.47134
3644.38832
3646.30729
3648.22246
3650.13927
3652.05668
3655.89366
3659.72730
3661.64187
3663.55879
3665.48060
3667.39546
3669.31373
3671.23129
3673.14587
3675.06692
3676.98089
3678.90199
3680.81746
