3358.11535
3360.09447
3362.07542
3364.05359
3371.97214
3373.95255
3379.89090
3389.79043
3391.76827
3393.74811
3397.70847
3399.68617
3401.66612
3403.64420
3405.62618
3439.27843
3441.25807
3443.23864
3445.21854
3447.19794
3449.17733
3453.13677
3455.11645
3457.09633
3459.07625
3461.05520
3463.03456
3470.95294
3472.93297
3474.91439
3480.84987
3482.83034
3484.81079
3486.79121
3488.76800
3492.72896
3494.70965
3496.68610
3498.66831
3500.64795
3502.62793
3506.58579
3508.56484
3510.54386
3512.52506
3514.50733
3546.17845
3548.15828
3550.13787
3552.11779
3554.09685
3558.05770
3560.03472
3562.01534
3563.99475
3565.97438
3567.95447
3601.60552
3603.58821
3605.56421
3607.54453
3613.48462
3615.46487
3617.44349
3619.42279
3621.40272
3623.38339
3629.32332
3631.30199
3633.27993
3635.26170
3637.23873
3645.15738
3647.13678
3649.11623
3651.09585
3657.03438
3659.01347
3660.99402
3662.97344
3664.95283
3666.93192
3670.89262
3672.87236
3674.84937
3676.82903
3678.80845
3680.78834
