3354.70067
3356.51029
3358.26837
3360.07699
3361.84906
3365.41649
3368.98962
3370.79391
3372.55903
3374.36525
3379.71061
3386.86158
3388.65547
3390.43324
3394.01243
3397.57740
3399.37988
3401.15359
3402.96284
3404.74581
3438.68229
3440.44431
3442.24270
3445.81181
3447.59316
3449.38775
3452.96145
3454.73757
3456.52583
3458.30490
3460.09886
3461.88269
3470.82325
3472.60428
3474.39375
3476.17730
3479.75151
3481.54535
3483.32558
3485.11735
3486.90223
3488.69467
3494.04859
3495.83894
3497.63479
3499.40677
3501.19690
3506.54664
3508.34343
3510.11747
3511.90904
3513.68458
3515.47737
3545.83252
3547.63221
3549.41716
3551.21528
3552.97369
3554.78289
3558.35497
3560.13657
3561.92528
3563.69863
3565.49329
3567.27677
3570.84863
3572.64662
3574.42366
3576.22481
3577.99651
3579.79945
3581.56801
3583.37159
3586.94719
3588.70617
3590.51607
3592.28328
3594.08794
3601.22523
3602.99600
3604.79755
3606.56730
3608.36756
3613.70764
3615.50957
3617.28297
3619.08287
3620.85077
3622.65636
3626.23545
3627.99223
3629.80200
3631.56002
3633.37964
3635.13511
3636.95371
3638.72261
3640.52300
3642.28816
3644.10212
3645.86692
3647.67486
3649.43487
3651.24919
3654.82300
3656.58674
3658.40074
3660.15410
3661.97397
3663.73407
3665.55245
3667.30617
3669.12475
3670.86481
3674.45055
3676.25957
3678.02337
3679.83031
3681.58314
