3601.91234
3602.73972
3604.40043
3606.08862
3606.92493
3607.73797
3608.59065
3609.39017
3611.88179
3615.27274
3616.10560
3616.92305
3617.76751
3618.60836
3619.43090
3620.27098
3621.09763
3621.93700
3622.76111
3623.61348
3626.15071
3626.93149
3629.46542
3630.29713
3631.11732
3632.80028
3634.49475
3636.15796
3636.97645
3638.64157
3641.14801
3641.99842
3642.81397
3643.62242
3644.47361
3645.29728
3646.14544
3648.65933
3649.43963
3650.27917
3651.95307
3654.46690
3656.17742
3658.69146
3659.51180
3660.33631
3661.15213
3662.86306
3663.71184
3664.55497
3665.34619
3666.18520
3667.02719
3670.36300
3671.19928
3672.89038
3673.71869
3674.53911
3676.22608
3677.03840
3678.73625
3679.57112
3680.41424
