3625.26153
3626.28926
3627.32914
3629.40902
3630.44770
3631.48535
3632.52875
3633.56580
3634.60618
3635.64149
3636.68433
3640.84449
3641.87839
3642.91937
3643.95468
3644.99819
3646.03488
3647.07560
3648.11427
3649.15513
3650.19238
3651.23333
3652.27031
3654.34906
3655.39008
3656.42818
3658.50867
3659.54603
3660.58413
3661.62501
3662.66356
3663.70260
3664.74236
3665.78186
3666.81988
3669.93743
3670.97657
3673.05510
3674.09448
3675.13279
3676.17376
3677.21126
3678.25845
3679.29078
3680.32953
3681.36963
