3327.61981
3332.26326
3334.59502
3336.92717
3341.55906
3343.92264
3346.25798
3350.91105
3355.58679
3357.91193
3360.25974
3362.56375
3364.89680
3369.52147
3371.88970
3374.22792
3376.56211
3378.89410
3381.20546
3388.21147
3390.54010
3392.87062
3397.53802
3399.86141
3402.20205
3404.52094
3460.48509
3497.79819
3502.41998
3507.11679
3509.40468
3511.77543
3544.45007
3546.76213
3549.10869
3551.39975
3553.74737
3560.70093
3563.09287
3602.69423
3605.02708
3607.35363
3616.68767
3619.03289
3621.34776
3633.04435
3637.69985
3642.33782
3644.65286
3649.33240
3656.35355
3658.69271
3663.30789
3665.61537
3670.31863
3677.32960
3679.61793
