3354.47455
3356.67108
3358.86781
3363.25919
3365.45641
3369.84590
3372.04366
3374.23893
3376.43424
3380.82454
3387.41482
3389.61060
3391.80525
3394.00070
3398.39391
3400.58489
3402.78574
3404.98045
3440.11739
3442.31263
3444.50862
3446.70523
3448.90111
3453.29271
3455.48887
3457.68500
3459.87990
3462.07606
3545.52177
3547.71949
3549.91329
3552.10839
3554.30601
3560.89438
3563.08898
3565.28686
3567.48164
3626.77401
3631.16516
3633.36013
3635.55564
3637.75432
3642.14367
3644.33975
3646.53593
3648.73193
3650.92847
