3354.60872
3357.22156
3359.83330
3362.44801
3365.05998
3370.28786
3372.90008
3375.51217
3380.73874
3388.57879
3391.19155
3393.80494
3401.64388
3404.25768
3438.22527
3440.83767
3443.45121
3446.06229
3448.67846
3453.90685
3456.51630
3459.13321
3461.74282
3469.58149
3472.19723
3474.80907
3480.03260
3482.64667
3485.25853
3487.87267
3493.09667
3495.71072
3498.32392
3500.93850
3506.16329
3508.77554
3511.38862
3514.00441
3545.35797
3547.97108
3550.58450
3553.19822
3558.42114
3561.03641
3563.64892
3566.26159
3571.48836
3574.10050
3576.71244
3579.32663
3584.54865
3587.16603
3589.78007
3592.39212
3595.00462
3602.84311
3605.45679
3608.06941
3613.29490
3615.90756
3618.52362
3621.13597
3626.36078
3631.58833
3634.19975
3636.81290
3642.04011
3644.65152
3647.26505
3649.87769
3652.49119
3655.10307
3660.33114
3662.94236
3665.55595
3670.78218
3673.39613
3676.00708
3678.62103
3681.23532
