3325.98614
3326.73015
3328.21936
3328.96349
3329.70514
3330.45383
3331.19842
3332.68741
3333.43031
3334.17533
3335.66367
3336.40883
3337.15264
3340.12935
3340.87646
3341.62196
3342.36438
3343.10737
3343.85222
3345.34095
3346.08478
3346.83057
3349.80814
3350.55143
3351.29945
3352.03899
3352.78634
3438.39127
3439.13662
3439.87971
3440.62474
3441.36820
3442.11271
3442.85845
3443.60205
3444.34722
3445.09117
3445.83550
3446.58018
3447.32327
3448.06920
3448.81338
3449.55779
3452.53472
3453.28034
3454.02372
3454.76752
3455.51344
3456.25704
3457.00252
3457.74693
3458.48941
3459.23531
3459.97928
3460.72587
3461.46825
3462.21348
3462.95673
3544.84107
3545.58711
3546.33486
3547.07675
3547.81947
3548.56363
3549.30972
3550.05287
3550.79734
3551.54192
3552.28571
3553.03090
3553.77455
3554.51988
3557.49702
3558.24239
3559.72987
3560.47429
3561.21984
3561.96364
3562.70738
3563.45148
3564.19664
3564.94111
3565.68479
3566.42875
3567.17411
3567.91797
3570.89821
3571.64002
3572.38563
3573.12987
3573.87348
3574.61734
3575.36284
3576.10676
3576.85143
3577.59511
3578.34059
3579.08426
3579.83098
3580.57422
3581.31784
3583.55340
3584.29562
3585.04062
3585.78662
3586.52957
3587.27355
3588.01797
3588.76329
3589.50724
3590.25120
3590.99561
3591.74068
3592.48198
3593.22845
3593.97248
3594.71755
3595.46464
3601.41895
3602.15892
3602.90698
3603.65022
3604.39400
3605.14194
3605.88509
3606.62953
3607.37381
3608.11951
3608.86261
3611.84014
3612.58271
3613.32545
3614.07266
3614.81585
3615.56038
3616.30454
3617.04950
3617.79351
3618.53823
3619.28223
3620.02677
3620.77129
3621.51521
3622.26003
3623.00524
