3355.46385
3358.10460
3360.74680
3363.38836
3371.31249
3373.95351
3376.59515
3379.23695
3387.16065
3389.80461
3392.44401
3395.08279
3397.72609
3400.36740
3403.00931
3405.65124
3439.98848
3442.63017
3445.27068
3447.91339
3453.19504
3455.83719
3458.47799
3461.12032
3463.76285
3469.04375
3474.32680
3479.60974
3482.25031
3484.89290
3487.53401
3492.81693
3495.45755
3498.09970
3500.74041
3506.02320
3508.66473
3511.30593
3513.94731
3545.64427
3548.28581
3550.92709
3553.56891
3561.49263
3564.13413
3566.77579
3572.05854
3574.69944
3577.34106
3579.98138
3585.26464
3587.90646
3590.54820
3593.18887
3603.75501
3606.39590
3609.03776
3611.67871
3614.32031
3616.96150
3619.60312
3622.24456
3627.52699
3630.16874
3632.81019
3635.45224
3640.73496
3643.37466
3646.01674
3648.65858
3651.29992
3656.58269
3659.22414
3661.86536
3667.14797
3669.78966
3675.07235
3677.71363
3680.35516
