3356.36487
3358.61453
3360.86850
3363.11680
3365.36337
3372.12252
3374.37799
3376.62828
3378.88305
3387.88862
3390.14177
3392.38914
3396.88143
3399.15075
3401.39862
3405.90830
3439.67765
3441.92984
3444.18708
3446.43381
3448.68701
3453.18677
3455.43917
3457.69221
3459.94637
3462.19768
3468.95226
3471.20702
3473.45351
3475.70592
3480.20960
3482.46130
3484.71356
3486.96713
3489.22044
3493.72345
3495.97352
3498.22615
3500.47784
3502.72469
3507.23249
3509.48696
3511.73665
3513.98505
3545.51404
3547.76509
3550.01544
3552.26684
3554.51720
3561.28103
3563.53394
3565.78376
3568.02853
3572.53295
3574.78846
3577.03660
3579.29212
3581.54111
3586.04419
3588.29164
3590.55140
3595.05171
3626.58270
3631.07812
3633.33414
3635.58334
3642.34207
3644.58971
3646.84189
3649.09755
3651.34863
3655.84914
3658.10116
3660.35374
3662.60779
3664.85705
3667.11038
3669.36213
3671.61166
3673.86315
3676.11747
3678.37661
3680.61965
