3325.63280
3326.10734
3327.53380
3328.01114
3330.86199
3333.24169
3333.71588
3334.19214
3336.09578
3337.04857
3337.99703
3340.85202
3341.32691
3343.70400
3344.18052
3345.13094
3345.60727
3346.55904
3349.88857
3350.83854
3355.11999
3355.59607
3356.54627
3357.02298
3358.44971
3359.87687
3360.34967
3360.82716
3361.30400
3361.77743
3362.25407
3363.20501
3364.63138
3365.10783
3368.91272
3369.38870
3370.33908
3370.81540
3371.76610
3372.24264
3372.71684
3374.62004
3375.09641
3376.52332
3377.47376
3378.90040
3381.27801
3386.50968
3387.46197
3388.41268
3389.36300
3393.16955
3394.12156
3397.92395
3398.39975
3399.82776
3403.15550
3438.82717
3439.30239
3439.77762
3440.25383
3440.73061
3442.15591
3442.63075
3443.10773
3443.58425
3444.53477
3445.00909
3445.48492
3445.96120
3446.91297
3447.38910
3447.86251
3448.33878
3448.81549
3449.76706
3452.62014
3453.09562
3453.57056
3454.04637
3454.52316
3455.47372
3455.94876
3456.42413
3456.90025
3457.37662
3458.32818
3458.80221
3459.27773
3459.75429
3460.23049
3461.18101
3461.65608
3462.13160
3462.60766
3463.08423
3469.74372
3470.21731
3470.69259
3471.16918
3472.59613
3473.07053
3473.54645
3474.02283
3474.97783
3475.44918
3475.92422
3476.40030
3478.77735
3479.25354
3479.73035
3480.68221
3481.15684
3481.63103
3482.10788
3482.58380
3483.53608
3484.01080
3484.96193
3485.43796
3486.38969
3486.86323
3487.33848
3487.81551
3488.29191
3489.24156
3489.71826
3492.10052
3492.57273
3493.04705
3493.52453
3494.47252
3494.94969
3495.42447
3495.90043
3496.37593
3497.32883
3497.80313
3498.27807
3498.75434
3499.23021
3500.18049
3500.65734
3501.60611
3502.08494
3505.88908
3506.36383
3506.83900
3507.31527
3507.79152
3508.74274
3509.21773
3509.69289
3510.16906
3510.64582
3511.59799
3512.07102
3512.54628
3513.02290
3514.45012
3514.92474
3515.40050
3515.87674
3571.04823
3571.52344
3572.00029
3572.95287
3573.42560
3573.90145
3574.37741
3574.85409
3576.27942
3576.75487
3577.23140
3577.70801
3578.65939
3579.13305
3580.08494
3584.36599
3584.84042
3585.31620
3585.79277
3586.74788
3587.21948
3587.69407
3588.17014
3588.64650
3589.60089
3590.07263
3590.54797
3591.02390
3591.50033
3593.40162
3593.87757
3594.35447
3595.30623
3601.48728
3601.96232
3602.43970
3602.91628
3603.86760
3604.34017
3604.81663
3605.29266
3605.76957
3606.71994
3607.19529
3607.67137
3608.14693
3609.10004
3612.42760
3612.90467
3613.85461
3614.80722
3615.28036
3615.75570
3616.23203
3616.70927
3617.66025
3618.13517
3618.60930
3619.08634
3619.56282
3620.51295
3620.98846
3621.46399
3621.94020
3622.41660
3622.89155
3625.74796
3626.22104
3626.69424
3627.64773
3630.02567
3630.50151
3632.40232
3632.87881
3633.35545
3634.30893
3634.78150
3636.20903
3637.15986
3641.44023
3642.39122
3642.86720
3643.81780
3644.29430
3645.24507
3645.72141
3646.19560
3646.67192
3647.14823
3648.09901
3648.57456
3649.04950
3650.00222
3650.95285
3651.42839
3651.90324
3652.37907
3654.75659
3655.70960
3656.66048
3657.13550
3659.03801
3659.51451
3659.98875
3660.46452
3661.89177
3662.36818
3662.84265
3663.79428
3665.22116
3665.69601
3666.17169
3666.64887
3670.45286
3670.92820
3671.40337
3671.87973
3672.35645
3673.30617
3673.78246
3674.25714
3674.73327
3675.21003
3676.16231
3676.63686
3677.11014
3677.58755
3678.53862
3679.01393
3679.48834
3679.96476
3680.44095
3681.39140
3681.86775
