3355.14748
3356.55488
3357.96041
3359.36182
3360.76695
3362.16911
3363.57935
3364.97985
3366.38385
3369.19047
3372.00040
3374.80740
3376.21440
3377.62033
3379.02208
3387.44738
3388.85060
3390.25634
3391.66243
3393.06520
3394.46744
3397.27721
3398.68051
3400.08585
3401.49034
3402.89453
3404.29933
3405.70310
3439.40549
3440.81036
3442.21545
3443.61965
3445.02465
3446.43062
3447.83154
3449.23749
3452.04455
3453.44722
3454.85240
3456.25824
3457.66347
3459.06615
3460.47089
3461.87443
3463.27928
3468.89699
3470.30140
3473.10938
3474.51283
3475.91731
3478.72640
3480.13077
3481.53466
3482.93943
3484.34868
3485.75000
3487.15409
3488.55610
3492.76720
3494.17339
3495.57818
3496.98177
3498.38646
3499.79009
3501.19514
3502.59898
3505.40826
3506.81138
3508.21624
3509.62076
3511.02493
3512.42826
3513.83341
3515.23754
3544.72888
3546.13184
3547.53634
3548.94027
3550.34528
3551.74895
3553.15338
3554.55763
3557.36399
3560.17488
3561.57897
3562.98455
3564.38772
3565.79178
3567.19582
3571.40961
3572.81377
3574.21884
3575.62127
3577.02741
3578.43086
3579.83475
3581.23899
3584.04442
3585.45335
3586.85681
3588.26156
3589.66560
3591.06923
3592.47383
3593.87657
3595.28326
3626.17627
3627.58028
3630.38950
3631.79091
3633.19740
3634.60239
3636.00669
3637.41350
3641.62353
3643.02801
3644.43246
3645.83674
3647.24065
3648.64501
3650.04936
3651.45393
3654.26350
3655.66715
3657.07049
3658.47439
3659.87939
3661.28287
3662.68763
3664.09507
3665.49707
3666.90123
3669.71397
3671.11551
3672.51735
3673.92312
3675.32650
3676.73079
3678.13556
3679.53930
3680.94505
