3355.02787
3360.16673
3361.45250
3362.73998
3366.59545
3369.16298
3370.45247
3371.73726
3373.01981
3374.30799
3376.87896
3379.44473
3387.15946
3388.44553
3389.72755
3391.01712
3397.44208
3400.00357
3442.42424
3443.71055
3444.99833
3446.28108
3447.56530
3448.85010
3452.70468
3455.27458
3456.56284
3457.84833
3459.13381
3460.41994
3461.70664
3469.41516
3470.69984
3473.26954
3475.84140
3479.69659
3480.98168
3482.26746
3483.55272
3484.83856
3486.12509
3487.41379
3488.69560
3492.54821
3493.83322
3495.12254
3496.40388
3497.69192
3498.97484
3500.25817
3501.54191
3502.82871
3505.40775
3506.69151
3507.97286
3509.26253
3510.54552
3511.82748
3513.11272
3514.39754
3515.68345
3545.24682
3546.53431
3547.81631
3549.10468
3550.39035
3551.67260
3552.95774
3554.23898
3558.09834
3559.37958
3560.66784
3561.95748
3563.23803
3564.52831
3565.81281
3567.09542
3570.95381
3572.23744
3573.52095
3574.80895
3576.09475
3577.37654
3578.66207
3581.23009
3583.80631
3585.09621
3586.38186
3587.65855
3588.94190
3590.23032
3591.51326
3592.80127
3594.08709
3595.37002
3600.51407
3601.80551
3604.36759
3605.65400
3606.94435
3608.22105
3612.07904
3613.36356
3614.64586
3615.93484
3617.21972
3618.50265
3619.79365
3621.07785
3622.35830
3623.64863
3626.21773
3627.50200
3630.07317
3631.35419
3632.64237
3633.93906
3636.50108
3641.64205
3642.92598
3644.20774
3645.49709
3646.78304
3648.07138
3649.35769
3651.92083
3654.49331
3655.77658
3657.06598
3658.34779
3659.63343
3660.91258
3662.20702
3663.49335
3664.77264
3666.05883
3667.34730
3669.91607
3671.19997
3673.77600
3675.05651
3676.34074
3677.62842
3678.91307
3680.19762
3681.48382
