3354.65062
3355.22447
3355.76896
3356.86967
3357.41465
3358.51990
3359.61768
3360.72759
3361.82290
3362.92738
3363.46697
3364.01245
3364.58701
3365.14293
3365.69894
3368.99802
3369.53876
3370.08526
3371.20637
3371.74600
3372.29417
3372.85180
3373.93616
3374.49650
3375.07279
3376.69597
3379.48171
3438.46339
3440.11686
3441.19704
3442.31019
3443.44279
3445.60319
3447.28545
3447.81225
3448.37435
3448.94581
3449.49256
3452.21842
3452.75783
3456.66078
3458.29466
3459.37693
3459.96416
3462.18090
3462.72311
3544.84492
3545.94920
3547.06316
3548.16166
3553.11815
3554.78073
3557.52529
3563.03640
3563.60109
3564.71367
3567.46644
3571.32493
3572.94301
3573.50670
3574.07555
3580.70381
3581.25240
3585.10017
3590.06334
3591.16534
3592.25751
3594.42301
3601.63409
3602.19024
3602.74518
3603.29492
3603.83161
3604.39187
3604.94399
3605.48481
3606.05933
3606.59671
3607.15001
3607.69774
3608.25163
3608.79309
3609.35161
3611.55976
3612.65870
3613.23080
3614.30994
3614.85957
3615.42510
3615.96047
3616.51762
3617.63025
3618.17615
3618.73148
3619.28591
3619.82701
3620.38995
3620.93086
3621.49072
3622.03111
3622.58289
3623.12759
3623.69862
3633.08465
3634.69757
3650.15424
3652.37037
