3326.57094
3329.81754
3333.05901
3336.30164
3342.79457
3346.02052
3352.52054
3355.77016
3359.01777
3362.25656
3365.49955
3371.98854
3375.22988
3378.49503
3388.21355
3391.43794
3397.93801
3401.20842
3404.42212
3440.11015
3443.37023
3446.60030
3449.83539
3453.09316
3456.33214
3459.58210
3462.81785
3469.29918
3472.53976
3475.78351
3479.03510
3482.27870
3485.51710
3488.77063
3492.00382
3495.21986
3498.49125
3501.73730
3508.22547
3511.49589
3514.71414
3573.10594
3576.33992
3579.57222
3586.08770
3589.32523
3602.30471
3605.54387
3608.78963
3612.02822
3615.27524
3618.52702
3621.76889
3631.49045
3634.73737
3641.21703
3644.46919
3647.72094
3650.96866
3654.22468
3660.68826
3663.93364
3667.17803
3670.42704
3673.67623
3676.91718
3680.16550
