3625.61841
3626.35798
3627.10052
3627.84294
3629.32500
3630.07834
3630.81942
3631.56115
3633.04689
3633.79317
3634.54017
3635.28649
3636.02522
3636.76982
3638.25679
3640.47704
3641.23007
3641.97527
3642.71576
3643.46572
3644.20533
3644.95050
3645.69507
3646.43657
3647.18200
3647.92460
3648.66958
3649.41498
3650.15689
3650.89776
3651.64327
3652.38974
3654.61435
3655.35566
3656.10585
3656.84844
3658.33662
3659.08190
3659.82565
3660.56550
3661.31393
3662.05741
3662.79988
3663.54308
3665.02641
3665.77297
3666.51844
3667.26089
3669.49182
3670.23629
3670.97851
3671.72512
3672.48189
3673.21099
3673.95615
3674.70219
3675.45925
3676.18541
3676.93206
3677.67366
3678.41581
3679.16213
3679.90794
3680.64770
3681.39141
3682.14009
