3355.11563
3357.12151
3358.12453
3359.12869
3360.13479
3362.14455
3363.14341
3364.14666
3365.15204
3366.15469
3369.16959
3370.17405
3371.16118
3372.18016
3373.17039
3374.18732
3375.18702
3377.20106
3378.20989
3379.20767
3438.42897
3439.43138
3440.43878
3441.43776
3442.44569
3443.44683
3444.45368
3445.45602
3446.45785
3447.46570
3448.46635
3449.46909
3452.48460
3453.48503
3454.48820
3456.49879
3457.49627
3458.50700
3459.51055
3460.51465
3461.51703
3462.51904
3463.52041
3468.54412
3469.54862
3470.55331
3471.57595
3472.56060
3473.56047
3474.56913
3475.57211
3476.57309
3478.58344
3479.58319
3480.58638
3481.58706
3482.59772
3483.59869
3484.60042
3485.60728
3486.60929
3487.61263
3488.61842
3489.62513
3492.63557
3493.63628
3494.64291
3495.64500
3496.64954
3497.65135
3498.65339
3499.66072
3500.66211
3501.66542
3502.66622
3505.68182
3506.68661
3507.69310
3508.69123
3509.69809
3510.69856
3511.70630
3512.71074
3513.71423
3514.72015
3515.71881
3544.83233
3545.83488
3546.84065
3547.84069
3548.84772
3549.84957
3550.85133
3551.85639
3552.86245
3553.86637
3554.86963
3557.88090
3559.88448
3560.89215
3561.89573
3562.89892
3563.90540
3564.90351
3565.90718
3566.91171
3567.92312
3602.04307
3604.05171
3605.05317
3606.05901
3607.06481
3608.06939
3609.07249
3611.07623
3612.08612
3613.08287
3614.08614
3615.09383
3616.09834
3617.09949
3618.11176
3619.10868
3620.11549
3621.11259
3622.11987
3623.13178
3626.14342
3627.14164
3629.14321
3630.14897
3631.15363
3633.16016
3634.16283
3635.16575
3636.17210
3637.17252
3641.19136
3642.19059
3643.20608
3644.20380
3645.20702
3646.21607
3647.21428
3648.22052
3649.22085
3650.22395
3651.22704
3652.23226
