3325.62408
3326.59352
3327.55722
3328.52570
3329.48886
3330.45977
3331.42591
3333.35963
3334.32591
3335.30037
3336.26107
3337.22675
3338.19491
3340.12365
3341.09589
3342.05951
3343.02717
3343.99433
3344.96007
3345.92789
3346.89318
3349.79565
3350.76205
3352.69343
3354.62767
3355.59536
3356.56451
3357.52942
3358.49549
3359.46329
3360.42852
3361.39645
3362.36275
3363.32936
3364.29666
3365.26936
3366.22885
3369.12696
3370.09836
3371.06959
3372.03051
3372.99795
3373.96467
3374.93368
3376.86389
3378.79800
3379.76526
3380.73265
3386.53263
3387.49850
3388.46548
3389.43211
3390.39981
3391.36713
3392.33334
3393.30042
3394.26662
3397.16657
3398.13343
3399.09922
3400.06778
3401.03494
3401.99899
3402.96661
3403.93417
3404.90087
3405.86572
3438.73868
3439.70349
3440.67181
3441.63713
3442.60471
3443.57201
3444.53887
3445.50619
3446.47197
3447.43881
3448.40655
3449.37280
3452.27319
3453.23890
3454.20673
3455.17322
3456.13981
3457.10684
3458.07345
3459.04028
3460.00738
3460.97410
3461.94026
3462.90750
3491.91305
3492.87713
3493.84452
3494.81172
3495.77813
3496.74510
3497.71124
3498.67894
3499.64511
3500.61183
3501.57807
3502.54532
3505.44556
3506.41295
3507.37938
3508.34487
3509.31229
3510.27979
3511.24749
3512.21315
3513.17938
3514.14488
3515.11368
3545.08390
3546.04965
3547.01666
3547.98314
3548.95114
3549.91751
3550.88498
3551.85000
3552.81742
3553.78398
3554.75218
3557.65282
3559.58637
3560.55151
3561.51849
3562.48600
3563.45200
3564.41942
3565.38564
3566.35371
3567.31941
3568.28738
3571.18887
3572.15033
3573.11781
3574.08509
3575.05210
3576.01947
3576.98720
3577.95309
3578.91869
3579.89042
3580.85332
3584.72468
3585.68549
3586.65558
3587.62384
3588.58714
3589.55453
3590.52128
3591.48985
3592.45956
3593.42358
3594.38999
3595.35605
3601.15694
3602.12496
3603.08592
3604.05831
3605.02363
3605.98988
3606.95826
3607.92249
3608.89195
3611.78777
3612.75628
3613.72744
3614.68475
3615.65965
3616.62308
3617.59092
3618.55732
3619.52373
3620.49298
3621.45865
3622.42412
3623.39670
3626.29812
3627.26317
3630.16575
3631.13110
3633.06317
3634.99990
3636.93412
3641.76622
3642.72924
3643.69984
3645.62929
3646.58839
3647.56468
3648.52731
3649.49242
3650.45571
3652.39189
3654.32395
3655.29455
3656.26144
3657.23205
3658.19816
3659.16049
3660.12732
3661.09497
3662.06493
3663.02874
3663.99820
3664.96283
3665.93099
3666.89865
3669.79706
3670.76119
3671.72944
3672.69795
3673.66306
3674.63128
3675.59806
3676.56439
3677.53079
3678.49826
3679.46475
3680.43170
3681.39836
