3354.65999
3356.87228
3361.33312
3363.58722
3365.80315
3370.26992
3374.74066
3376.98578
3379.19543
3388.12362
3390.38087
3392.58875
3397.05715
3399.30758
3401.52933
3468.51300
3470.76655
3472.98268
3475.23374
3479.70071
3481.90372
3484.17277
3488.64134
3493.09373
3497.55994
3499.77854
3502.02940
3506.49323
3508.70161
3510.95257
3513.18491
3515.42839
3544.42778
3546.68771
3548.90135
3553.36920
3560.09316
3562.29816
3564.55351
3566.77892
3571.21758
3573.48295
3575.70143
3577.95340
3580.16296
3589.14894
3591.34420
