3468.84451
3469.55514
3470.27903
3470.99495
3472.44888
3473.16609
3473.88474
3475.32764
3476.04380
3476.76733
3478.92247
3479.64465
3480.37259
3481.09095
3481.81612
3482.53218
3483.24972
3483.96945
3484.69146
3485.41381
3486.12640
3486.84842
3487.57182
3488.29608
3489.00778
3489.73457
3571.86067
3572.57696
3573.30225
3574.02002
3574.73945
3575.45951
3576.17891
3576.90336
3577.63388
3578.34586
3579.06401
3580.50598
3581.22804
3583.38672
3584.10762
3584.82334
3585.54537
3586.26869
3586.98658
3587.71078
3588.42999
3589.15368
3589.87085
3590.59401
3591.31044
3592.03786
3592.75163
3593.48500
3594.19241
3594.92886
3601.39772
3602.11952
3602.83961
3604.27918
3604.99870
3605.72032
3606.43902
3607.16186
3607.88406
3608.60111
3609.32221
3612.20348
3612.92533
3613.64471
3614.36719
3615.08445
3615.80392
3616.52802
3617.24572
3617.96740
3618.68604
3619.40810
3620.12644
3620.84831
3621.56877
3622.28865
3623.01089
3625.89749
3626.60695
3627.34241
3630.20798
3630.93835
3632.37683
3633.09760
3633.81392
3634.53754
3635.97636
3636.69944
3641.74199
3642.46112
3643.87437
3644.62930
3645.33311
3646.06798
3646.78491
3647.50472
3648.21993
3648.94004
3649.66588
3650.38712
3651.10730
3651.83422
3652.54941
3654.71069
3655.42651
3656.14564
3656.85988
3659.02801
3659.74933
3660.47282
3661.19264
3661.90648
3662.62577
3663.35828
3664.78446
3665.51214
3666.23060
3666.95700
3669.83670
3670.55809
3671.27589
3672.72218
3673.43786
3674.87470
3676.31927
3677.04660
3677.75465
3678.47957
3679.20763
3679.91569
3680.65116
3681.36368
3682.09518
