3357.03804
3360.00453
3362.97174
3365.93753
3368.89923
3371.86724
3374.83024
3377.79845
3380.76375
3386.69574
3389.66183
3392.63220
3398.55847
3401.52330
3404.48870
3440.07628
3443.04300
3446.00806
3448.97414
3451.93906
3454.90460
3457.86903
3460.83439
3469.73266
3472.69773
3475.66403
3481.59534
3484.56040
3487.52501
3493.45681
3496.42283
3499.39001
3502.35439
3505.32039
3508.28470
3511.24953
3514.21839
3546.83985
3549.80376
3552.77121
3561.66667
3564.63338
3567.59854
3570.56593
3573.52880
3576.49819
3579.46326
3585.39200
3588.35983
3591.32195
3594.28957
3626.91362
3629.87607
3632.84057
3635.81176
3638.77012
3641.73545
3644.70256
3647.67052
3650.63717
3656.56790
3659.53417
3662.49743
3665.46436
3671.39447
3674.36051
3677.32550
3680.29240
