3544.71203
3545.54537
3546.37830
3547.21221
3548.04541
3548.87846
3549.71227
3550.54572
3551.37924
3552.21235
3553.04611
3553.87994
3554.71329
3558.04596
3559.71370
3560.54705
3561.38086
3562.21445
3563.04838
3563.88178
3564.71480
3565.54778
3566.38135
3567.21517
3568.04806
3571.38708
3572.21776
3573.04991
3573.88112
3574.71124
3575.55200
3576.38375
3577.21719
3578.04935
3578.87938
3579.71541
3580.54964
3581.38575
3583.88307
3584.72009
3585.55297
3586.38518
3587.21959
3588.04865
3588.88801
3589.71524
3590.54880
3591.38229
3592.21928
3593.05413
3593.88526
3594.72284
