3354.47523
3355.61614
3356.76633
3357.92620
3359.05500
3361.35624
3362.51613
3371.71105
3372.84985
3375.15781
3377.46645
3379.74969
3380.90615
3388.95292
3393.55000
3396.99595
3399.28641
3400.44367
3401.59599
3403.88834
3405.04536
3438.37918
3439.52406
3440.67943
3442.97003
3445.27578
3446.43248
3447.56383
3448.72426
3449.87357
3452.16750
3453.33193
3454.47763
3456.76500
3457.92211
3459.06654
3460.21663
3461.35902
3469.41234
3470.55509
3472.87202
3474.00890
3475.16561
3476.30891
3478.61351
3479.75375
3480.90813
3483.20716
3484.35307
3485.51165
3486.64942
3487.80658
3488.95700
3545.27720
3547.57972
3549.87531
3552.18456
3553.32546
3554.48356
3557.92110
3560.21997
3561.37640
3562.52682
3563.66953
3564.81837
3565.97204
3567.12123
3600.44982
3601.60199
3602.75914
3603.89752
3605.05488
3606.21501
3607.34341
3608.50837
3613.10108
3614.26024
3616.54497
3617.70563
3618.85014
3619.99960
3621.13909
3622.28923
3626.88433
3628.03882
3629.19389
3630.33815
3632.63827
3633.78203
3634.93660
3636.09290
3637.23629
3640.68016
3641.84796
3642.98815
3644.13629
3645.27885
3646.42843
3647.58352
3648.72681
3649.89311
3651.02470
3652.19102
3654.47813
3655.62725
3656.77857
3659.08653
3660.24427
3661.37454
3662.53201
3663.67962
3665.97879
3667.12059
3670.56491
3671.72315
3672.86701
3674.01885
3675.18037
3676.31869
3677.46686
3678.61797
3679.76708
3680.91171
