3326.23767
3328.17703
3331.06824
3332.99991
3333.97199
3334.92903
3335.89173
3336.85066
3340.71080
3342.64478
3343.60943
3344.57150
3345.53057
3346.50808
3350.36128
3352.28451
3355.18136
3357.11214
3358.07908
3359.04598
3360.01104
3361.94168
3362.90230
3363.86157
3364.83630
3365.79845
3366.75889
3369.66118
3371.59959
3372.53572
3373.50839
3374.48513
3375.43611
3376.40672
3377.37862
3378.33343
3379.30733
3387.01618
3387.98322
3388.95169
3390.87991
3391.84609
3392.80993
3393.77978
3397.62921
3398.59595
3399.56071
3400.52529
3401.49038
3402.45424
3403.42175
3404.38571
3405.34856
3439.11179
3440.07659
3441.03873
3442.00548
3442.97033
3443.93413
3444.90162
3445.86711
3446.83045
3447.80151
3448.77263
3449.71978
3452.61694
3453.58424
3454.55697
3455.51353
3456.47442
3457.44178
3458.41036
3459.37189
3460.33349
3461.29842
3462.27995
3463.23577
3469.01727
3469.98220
3470.94600
3471.91231
3472.87590
3473.84054
3474.80684
3475.77040
3478.66450
3479.63016
3480.59435
3481.55919
3482.52484
3483.48771
3484.45417
3485.41668
3486.38193
3487.34778
3488.31166
3489.27868
3492.17547
3493.13636
3494.09930
3495.06279
3496.02946
3496.99675
3497.95769
3498.92357
3499.88944
3500.85196
3501.81838
3505.67605
3506.63981
3507.60559
3508.56976
3509.53453
3510.50018
3511.46353
3512.42821
3513.39540
3514.35638
3515.32446
3544.26368
3545.22825
3546.19311
3547.15968
3548.12368
3549.08511
3550.05444
3551.01582
3551.98169
3552.94570
3553.90943
3554.87565
3557.77546
3559.69876
3560.66566
3561.62855
3562.59423
3563.55905
3564.52385
3565.48828
3566.45013
3567.41743
3571.27055
3572.23846
3573.20573
3574.16587
3575.13229
3576.10272
3577.06114
3578.02309
3578.99358
3579.95849
3580.91925
3583.81261
3584.78498
3585.74392
3586.71498
3587.67544
3588.64146
3589.60309
3590.57701
3591.53701
3592.50161
3593.46139
3594.42381
3595.39208
3601.17955
3602.14378
3603.12337
3604.07503
3605.03940
3606.00304
3606.97082
3607.93423
3608.89880
3611.79246
3612.75923
3613.72201
3614.68653
3615.65315
3616.61643
3617.58195
3618.54350
3619.51031
3620.47541
3621.44083
3622.40352
3623.36913
3626.26396
3627.22642
3629.15355
3630.12895
3631.09331
3633.01296
3633.98024
3634.94445
3635.90787
3636.87498
3640.72793
3641.69491
3642.66665
3643.62009
3644.58850
3645.55755
3646.52418
3647.50228
3648.45293
3649.41382
3650.37684
3651.35042
3652.30821
3655.19914
3656.16988
3657.13318
3658.09800
3659.06382
3660.02663
3660.99272
3661.94887
3662.92494
3663.88488
3664.85628
3665.81134
3666.79070
3669.66777
3670.64169
3671.59930
3672.57504
3673.53995
3674.49869
3676.42720
3677.38154
3678.35861
3679.33190
3680.28944
3681.26073
