3356.04298
3358.22339
3360.40676
3362.59261
3364.77708
3369.14677
3371.33012
3375.69945
3380.06602
3386.62042
3388.80722
3390.99058
3393.17424
3397.54276
3399.72682
3401.91226
3404.09561
3439.04710
3441.22881
3443.41457
3445.59884
3447.78390
3452.15319
3454.33667
3456.52066
3458.70512
3460.88904
3463.07341
3469.62693
3471.81049
3473.99585
3476.17980
3480.54937
3482.73445
3484.91780
3487.10083
3489.28722
3493.65378
3495.84017
3498.02354
3500.20695
3502.39138
3506.76065
3508.94490
3511.12920
3513.31300
3515.49823
3546.07905
3548.26388
3550.44729
3552.63189
3554.81584
3559.18398
3561.36898
3563.55377
3565.73824
3567.92087
3600.68910
3602.87173
3605.05621
3607.24024
3609.42521
3613.79425
3615.97804
3618.16276
3620.34702
3622.53034
3626.89898
3629.08365
3631.27054
3633.45449
3635.63764
3642.19094
3644.37289
3646.55678
3648.74075
3650.92887
3655.29655
3659.66514
3661.84935
3664.03374
3666.21678
3670.58638
3672.77113
3674.95490
3677.13910
3679.32401
3681.50899
