3684.63398
3685.26149
3685.89013
3686.51730
3687.14586
3687.77559
3689.66491
3690.28962
3690.91847
3691.54717
3693.43547
3694.06273
3694.69014
3695.31875
3695.94817
3698.46200
3699.08941
3700.34758
3700.97650
3701.60735
3702.23548
3702.86259
3703.48976
3704.12049
3704.74742
3705.37590
3706.63445
3707.26319
3708.51873
3709.14751
3709.77651
3711.66288
3712.29195
3712.91917
3713.54849
3714.17637
3714.80589
3715.43383
3716.06221
3716.69116
3717.31773
3717.94802
3718.57689
3719.20516
3719.83422
3720.46300
3721.09041
3721.71982
3722.34859
3722.97662
3726.12314
3726.74930
3727.37733
3728.63514
3729.26050
3729.89253
3730.52028
3731.14916
3731.77782
3732.40800
3733.03512
3733.66171
3734.29153
3734.92035
3735.55026
3736.17805
3736.80729
