3354.82515
3356.81928
3360.80608
3362.80306
3364.79635
3366.78957
3368.78466
3370.77775
3372.77288
3374.76727
3376.76073
3378.75537
3380.74879
3386.73530
3388.72621
3390.71990
3398.69540
3402.68507
3468.49307
3470.48784
3472.48249
3474.47657
3476.47066
3480.45929
3482.45307
3484.44639
3486.44156
3488.43599
3572.19095
3574.18633
3576.17887
3578.17390
3580.16816
3584.15641
3586.15075
3588.14447
3590.13967
3592.13328
3594.12748
3655.94767
3657.94158
3659.93625
3661.92986
3663.92362
3665.91805
3669.90641
3671.90108
3673.89470
3675.88959
3677.88374
3679.87586
3681.87110
