3355.29605
3357.13065
3358.96792
3360.80265
3362.63897
3364.47437
3366.31262
3371.81906
3373.65199
3375.49159
3377.32701
3379.16374
3381.00580
3386.50903
3388.34365
3390.18470
3392.01976
3393.85180
3397.52501
3399.36145
3401.19678
3403.03259
3404.87124
3439.75562
3441.59194
3443.42726
3445.26285
3447.09973
3448.93513
3452.60727
3454.44379
3456.27982
3458.11555
3459.95168
3461.78749
3463.62315
3469.12959
3470.96779
3472.80332
3474.64830
3476.47837
3480.14833
3481.98502
3483.81998
3485.65583
3487.49408
3489.32979
3544.41476
3546.24944
3548.08554
3549.92090
3551.75671
3553.59227
3557.26037
3560.93699
3562.77455
3564.60958
3566.44576
3568.28467
3627.03669
3628.86440
3630.71003
3632.54609
3634.38245
3636.21744
3638.05960
3641.72740
3643.56111
3645.39868
3647.23450
3649.07034
3650.90624
3654.58007
3656.41504
3658.25040
3660.08722
3661.92272
3663.75912
3665.59479
3667.43092
3669.26602
3671.10201
3672.94032
3674.77584
3676.61122
3678.44769
3680.28414
3682.11252
