3326.65415
3341.35561
3345.37451
3346.04193
3350.04095
3350.69884
3352.70449
3354.71668
3359.39553
3360.06522
3360.72471
3361.38634
3362.05464
3362.73366
3363.40009
3364.07040
3364.74307
3366.72997
3369.41472
3371.40072
3372.06940
3372.74210
3374.08306
3374.75482
3375.41805
3377.43476
3378.78104
3379.43308
3380.08895
3386.76601
3387.44399
3388.09398
3393.44263
3402.13470
3405.46683
3438.20267
3438.87515
3439.56133
3440.21889
3442.88067
3443.54422
3444.22429
3444.89264
3445.54894
3446.22191
3446.88430
3447.54008
3448.23762
3448.90754
3449.56612
3452.90460
3453.57613
3454.24525
3454.88287
3455.57935
3456.88337
3457.57573
3458.24229
3458.91691
3459.57814
3460.90736
3462.23097
3469.58251
3474.25904
3474.92082
3480.94293
3495.64725
3496.31446
3496.98096
3498.31722
3500.98539
3506.33225
3508.33624
3508.99735
3509.67223
3510.35054
3513.00616
3513.66565
3514.34960
3515.02280
3544.41286
3549.73895
3551.74707
3561.76995
3566.44557
3571.12328
3571.78181
3575.79363
3581.14437
3583.80167
3584.48262
3587.15252
3588.48599
3589.15185
3589.82396
3590.50709
3591.16288
3591.82862
3592.50453
3593.16491
3594.51193
3595.18156
3602.51395
3603.87994
3604.53763
3605.18830
3605.85784
3606.52714
3607.17199
3607.85300
3608.53834
3609.21053
3611.86396
3612.51331
3613.22658
3615.21547
3616.53206
3617.19649
3617.88138
3618.55568
3619.21803
3619.87409
3620.55358
3621.20478
3623.20648
3629.88430
3636.56940
3637.23776
3640.56838
3644.58388
3655.94983
3656.61274
3659.94643
3660.63019
3663.95873
3665.97253
3666.63903
3669.30623
3669.97982
3670.63593
3671.31825
3671.98320
3673.31687
3673.99255
3674.67005
3675.34745
3676.65465
3678.66941
3679.34515
3680.00666
3680.68078
3681.33858
3682.00079
