3325.55499
3328.08815
3328.92251
3331.43834
3333.10775
3344.01296
3346.52610
3350.71643
3354.93663
3358.27826
3359.08821
3360.81513
3362.48441
3369.13906
3376.74252
3379.19967
3386.78496
3387.62698
3388.45775
3389.29490
3390.13394
3390.97218
3393.49176
3394.32804
3397.68724
3398.51835
3399.36002
3400.19769
3401.04083
3401.87558
3402.71266
3403.55256
3404.39033
3405.23122
3438.76732
3439.60866
3440.46091
3441.30365
3442.12255
3442.96862
3443.79908
3444.64730
3445.47901
3446.32488
3447.15518
3448.01221
3448.83695
3449.67488
3452.19793
3453.02478
3453.88348
3454.71635
3455.54483
3456.38134
3457.22813
3458.06027
3458.90862
3459.73853
3460.58273
3461.41465
3462.25095
3463.09237
3469.78965
3470.61835
3472.32101
3473.15557
3473.99602
3474.81884
3475.67596
3476.52957
3479.01369
3479.88238
3480.72133
3482.38182
3483.21294
3484.06221
3484.90576
3485.74157
3486.57918
3487.40925
3488.26358
3489.09839
3492.46019
3494.96047
3495.79524
3496.63432
3497.47696
3498.30306
3499.15538
3499.97653
3500.83058
3501.66444
3502.51890
3505.84052
3506.70406
3507.55872
3509.22837
3510.04344
3511.72900
3512.58264
3513.42822
3514.25592
3515.09859
3545.28082
3546.13188
3546.94708
3548.61554
3549.44206
3550.31267
3551.12381
3551.99731
3552.82387
3557.85827
3559.53838
3560.35884
3562.05391
3563.72222
3571.26826
3572.11283
3572.94718
3573.78356
3574.62432
3575.47422
3576.30463
3577.14001
3577.97583
3579.66353
3580.50014
3581.33283
3583.85349
3584.68735
3585.52769
3586.36319
3587.20646
3588.04239
3588.88224
3589.71702
3590.55781
3591.39678
3592.23519
3593.08378
3593.91559
3594.74741
3601.45766
3602.29800
3603.97555
3604.81676
3605.65181
3606.49299
3607.33078
3608.16822
3609.00613
3611.51779
3612.35886
3613.19875
3614.87699
3615.71583
3616.55491
3617.39364
3618.23094
3619.07092
3619.91168
3620.74725
3621.58546
3622.42495
3623.26196
3625.79354
3626.62130
3627.46122
3629.14165
3629.97346
3630.81238
3631.64595
3632.49397
3633.32815
3634.16555
3636.67948
3641.71415
3642.55242
3643.37108
3644.22626
3645.06792
3645.90371
3646.74924
3647.58301
3648.42189
3649.25993
3650.09875
3650.94024
3651.77562
3652.61448
3654.28998
3655.12652
3655.96707
3656.80703
3658.48603
3659.32248
3660.16246
3661.00441
3661.83924
3662.67812
3663.51446
3664.35806
3665.19273
3666.02931
3666.87027
3669.38719
3670.22402
3671.06018
3671.90088
3672.74041
3673.57813
3674.41527
3675.25739
3676.09886
3676.93351
3677.77198
3678.60980
3679.44897
3680.28855
3681.12944
3681.96468
