3544.57205
3545.88954
3547.20603
3548.52455
3549.84409
3551.16166
3552.48039
3553.79863
3555.11670
3557.75037
3560.38667
3561.70548
3563.02254
3564.34141
3565.65870
3566.97745
3568.29267
3572.24812
3573.56466
3574.88369
3576.20142
3577.51967
3578.83675
3580.15462
3581.47211
3584.10875
3585.42736
3586.74364
3588.06367
3589.37929
3590.69761
3592.01583
3593.33517
3594.64994
3601.24131
3602.55767
3603.87695
3605.19386
3606.51785
3607.82877
3609.14954
3611.78394
3613.10348
3614.41940
3615.73802
3617.05556
3618.37257
3619.69027
3621.01002
3622.32614
3623.64633
