3354.87114
3359.30689
3372.59997
3377.02896
3390.33096
3399.19356
3403.62676
3439.07836
3443.51431
3447.94704
3452.37890
3456.81066
3461.24453
3470.10670
3474.53989
3478.97033
3483.40426
3487.84299
3492.26789
3496.69702
3501.13286
3505.56310
3509.99573
3514.42882
3545.45569
3549.88707
3554.31847
3563.18550
3567.61373
3572.04932
3576.47755
3580.91466
3585.34627
3589.77274
3594.20868
3607.50433
3616.37153
3620.80036
3629.66166
3634.09699
3638.52994
3642.96192
3647.39393
3651.82464
3656.25737
3660.70066
3665.11883
3669.54951
3673.98574
3678.41791
