3387.44184
3388.08753
3389.38359
3399.73411
3401.03559
3401.67866
3402.97832
3469.64531
3470.29105
3472.23282
3472.87914
3473.52647
3474.17347
3474.81995
3475.46734
3476.11826
3476.76395
3478.70292
3479.35346
3479.99841
3481.94079
3482.58832
3484.52791
3485.17605
3485.82483
3486.47258
3487.11986
3487.76710
3488.42006
3492.29674
3492.94550
3493.59245
3494.23954
3495.53814
3496.18461
3496.83363
3497.47967
3498.13001
3498.76957
3499.41822
3500.06418
3500.71145
3501.35948
3502.00761
3502.65531
3505.24703
3505.89982
3506.54534
3507.18912
3509.12856
3509.77501
3510.42285
3511.71622
3512.36424
3513.01526
3513.65594
3514.30631
3514.95342
3515.59996
3544.72567
3545.37015
3547.96066
3548.60885
3549.25655
3549.90291
3550.54988
3551.19479
3551.84366
3552.49038
3553.13910
3553.78654
3554.43461
3558.31690
3559.61265
3560.26273
3560.91068
3561.55651
3562.20334
3562.84994
3564.14731
3564.79033
3565.43964
3566.73205
3567.37915
3568.02715
3573.20558
3573.85173
3574.49898
3576.43974
3577.08845
3577.73551
3578.38267
3579.02932
3580.32606
3580.97367
3583.56063
3584.20899
3585.50187
3586.14982
3586.79708
3587.44456
3588.09241
3588.74038
3590.03616
3590.68691
3591.33388
3591.98150
3592.62011
3593.27052
3593.91747
3594.56439
3595.21202
3656.05243
3656.69858
3670.94032
