3325.73803
3326.40002
3328.38849
3329.04921
3331.04514
3333.02456
3333.76625
3335.66487
3336.33648
3337.02341
3342.29607
3344.94404
3345.60758
3350.24879
3350.90537
3352.94366
3625.76105
3626.42318
3627.08759
3629.07446
3629.73456
3630.39896
3631.10401
3632.38315
3633.04713
3636.35844
3641.65545
3642.31854
3642.98193
3644.30879
3644.96781
3645.63003
3646.97613
3647.61952
3648.27816
3648.94198
3650.28237
3650.92818
3651.59064
3652.25432
3655.56589
3656.22841
3660.20199
3661.52546
3662.85834
3663.51320
3666.16819
3666.82236
3670.13279
3670.79626
3671.46115
3672.78757
3673.44619
3674.10900
3676.09528
3676.75681
3677.42105
3678.74879
3679.40741
3680.06821
3682.05859
