3354.34196
3357.92330
3359.71253
3363.28946
3365.08305
3366.87515
3370.46134
3372.25279
3374.03998
3377.62596
3379.41892
3381.20462
3388.38194
3390.16242
3393.74488
3399.11539
3400.89600
3404.48678
3438.51229
3440.30701
3442.09830
3443.88176
3445.67628
3447.46153
3449.25032
3452.83306
3454.62734
3456.42073
3458.20970
3460.00396
3461.78909
3463.58202
3470.74812
3472.54395
3474.33237
3476.11772
3479.70425
3481.48522
3483.28352
3485.07197
3486.86332
3488.65670
3492.23738
3494.02377
3495.82285
3497.60749
3499.39406
3501.18633
3506.56524
3508.35286
3510.14300
3511.93541
3513.72750
3515.52163
3545.95803
3547.75089
3549.54177
3551.33499
3553.12265
3554.91315
3560.29469
3562.08499
3563.87240
3565.66053
3567.45141
3571.04487
3572.82728
3574.61564
3576.40187
3578.19393
3579.98603
3585.35558
3587.14843
3588.94318
3590.72923
3592.52623
3594.31128
3601.48016
3603.26868
3605.06290
3608.63896
3612.22480
3614.02165
3615.80543
3617.59367
3619.38860
3621.18032
3622.96909
3626.54894
3630.13109
3633.71236
3635.50058
3637.29559
3642.66887
3644.46057
3646.24768
3648.04233
3649.83150
3651.62350
3656.98969
3658.78406
3660.57238
3662.36535
3665.94783
3671.31270
3673.10859
3674.89637
3676.68905
3678.48216
3680.27451
3682.06410
