3326.29632
3327.46736
3328.64313
3329.81715
3330.99166
3333.34350
3334.51658
3335.68998
3336.86524
3338.03841
3340.39072
3341.56448
3342.74029
3343.91894
3345.09005
3346.26427
3349.78749
3350.96173
3352.14236
3354.48311
3355.66379
3356.83835
3358.01182
3359.18668
3360.36358
3362.71103
3363.88730
3365.06104
3366.23366
3369.76038
3370.93592
3372.11036
3373.28651
3374.46033
3375.63416
3376.81048
3379.15779
3386.20663
3387.38235
3388.55633
3389.73011
3390.90800
3392.08290
3393.25672
3394.42982
3397.95683
3399.12986
3400.30580
3401.48003
3403.83079
3405.00523
3439.07444
3440.24947
3441.42365
3442.59820
3443.77347
3444.94711
3446.12201
3447.29749
3448.47255
3449.64651
3451.99716
3453.17154
3454.35085
3455.52132
3456.69636
3457.86960
3459.04649
3460.22140
3461.39636
3462.57065
3463.75129
3470.79880
3471.95615
3473.15701
3474.32639
3475.49695
3479.01655
3480.19362
3481.37436
3484.87848
3486.08139
3487.24674
3488.41873
3493.11618
3494.28893
3495.46699
3496.63992
3497.81622
3498.98654
3500.16349
3501.33778
3502.51331
3506.03808
3507.21306
3508.38813
3509.56300
3510.73739
3511.91178
3513.08849
3514.26135
3515.43605
3544.80848
3545.98143
3547.15694
3548.33203
3549.50772
3550.68086
3551.85689
3553.03057
3554.20547
3560.08027
3561.25499
3562.42944
3563.60376
3564.77932
3565.95459
3567.12707
3581.23914
3587.10343
3589.44791
3591.80953
3592.97183
3601.19761
3602.37468
3603.54611
3604.72212
3605.89801
3607.07313
3608.24635
3611.77209
3612.94703
3614.12277
3615.29767
3616.46896
3617.64424
3618.81936
3619.99622
3621.17033
3622.34737
3623.51895
3625.86800
3627.04562
3629.39475
3630.56786
3631.74229
3632.91779
3634.09573
3635.26776
3636.44089
3641.14374
3642.31928
3643.48781
3644.66278
3645.84996
3647.01388
3648.19063
3649.36172
3650.54098
3651.72146
3656.41673
3658.76615
3659.93841
3661.11496
3662.28754
3663.46273
3664.63594
3665.81207
3666.98556
3669.34759
3670.51151
3671.68825
3672.86258
3674.03469
3675.21262
3676.38480
3677.56200
3678.74309
3679.91053
3681.08368
