3325.55895
3326.07489
3326.58802
3328.12891
3328.64409
3330.69859
3331.21247
3333.26842
3333.78183
3334.29476
3334.80909
3335.83708
3336.35161
3336.86550
3339.94971
3340.46208
3341.48980
3342.00306
3342.51694
3343.03124
3345.08746
3345.60031
3346.11557
3350.22594
3350.74012
3352.79619
3386.19908
3386.71466
3387.23380
3388.25382
3389.28223
3390.82406
3392.87879
3393.39352
3393.90648
3394.42029
3396.99974
3397.50277
3399.55913
3400.07283
3401.10346
3401.61819
3402.13071
3403.15950
3405.21374
3492.06078
3492.57423
3493.08779
3493.60312
3494.11570
3494.62990
3495.14423
3495.65715
3496.17109
3496.68686
3497.19849
3497.71238
3498.22632
3498.74085
3499.25419
3499.76772
3500.28194
3500.79606
3501.30915
3501.82452
3502.33861
3505.42280
3505.93454
3506.44719
3506.96381
3507.47799
3507.98935
3508.50482
3509.02049
3509.53468
3510.04765
3510.56162
3511.07712
3511.58798
3512.09967
3512.61877
3513.12884
3513.64416
3514.15676
3514.67170
3515.18437
3515.69842
3544.47711
3544.99150
3545.50590
3546.01930
3546.53362
3547.04718
3547.56236
3548.07529
3548.58867
3549.10256
3549.61682
3550.13030
3550.64424
3551.15842
3551.67237
3552.18537
3552.69966
3553.21380
3553.72699
3554.24138
3554.75557
3557.31606
3557.83833
3558.35245
3559.38016
3560.40841
3560.92240
3561.43517
3561.94989
3562.46350
3562.98117
3563.49177
3564.00554
3564.51957
3565.03265
3565.54659
3566.06100
3566.57470
3567.08874
3567.60224
3568.12136
3571.19985
3571.71367
3572.22793
3572.74172
3573.25545
3573.76969
3574.28322
3574.79715
3575.31110
3575.82529
3576.33894
3576.85296
3577.36684
3577.88049
3578.39485
3579.42232
3580.45031
3580.96402
3581.48345
3583.53328
3584.04738
3584.56143
3585.07515
3585.58906
3586.10325
3586.61720
3587.13090
3587.64489
3588.15886
3588.67255
3589.18652
3589.69948
3590.21422
3590.72867
3591.24229
3591.75600
3592.78582
3593.29780
3593.81173
3594.32562
3594.83939
3595.35320
3601.52176
3602.03646
3602.54742
3604.08917
3604.60261
3605.11730
3605.63087
3606.65872
3607.17211
3607.68456
3608.20214
3608.71351
3609.22970
3611.79777
3612.31241
3612.82730
3613.33992
3613.85450
3614.36794
3614.88111
3615.39419
3615.91038
3616.42248
3616.93689
3617.45078
3617.96452
3618.47820
3618.99105
3619.50636
3620.02096
3620.53507
3621.04745
3621.56192
3622.07563
3622.58950
3623.10329
3623.61860
3654.45231
3654.96519
3655.99217
3656.50581
3657.02054
3659.07637
3659.58998
3660.10408
3660.61847
3662.15999
3662.67333
3663.18741
3663.70147
3665.75654
3666.27083
3666.78454
3667.29777
3669.35387
3669.86789
3670.38148
3670.89591
3671.41001
3671.92328
3673.46491
3673.97916
3674.49359
3675.00668
3676.03495
3676.54827
3677.06268
3677.57683
3678.08967
3678.60433
3679.11844
3679.63165
3680.14622
3680.66021
3681.17338
3681.68758
