3355.08877
3357.19820
3358.25416
3359.30891
3360.36181
3361.41579
3362.47323
3363.52255
3364.58436
3365.63894
3366.69472
3368.82936
3369.84641
3370.91489
3371.96996
3373.02475
3374.07995
3375.13478
3377.23766
3378.30400
3379.35690
3386.73618
3387.80331
3388.85266
3390.96021
3392.05250
3393.07205
3394.12819
3397.28523
3399.40485
3400.49127
3401.50249
3403.63585
3405.70095
3438.43916
3439.49549
3440.55042
3441.60835
3442.66038
3443.71624
3444.77151
3445.82623
3446.88175
3447.93668
3448.99144
3452.15664
3453.21246
3454.26633
3455.32224
3456.37740
3457.43142
3458.48799
3459.54307
3460.59700
3461.65285
3462.70817
3463.74882
3470.09392
3471.14796
3473.25615
3474.31911
3475.36596
3476.42419
3479.60370
3480.65630
3484.85777
3485.89889
3486.96124
3489.11396
3492.26501
3493.33156
3494.37733
3495.39354
3496.49863
3497.50431
3498.58596
3499.63691
3500.73023
3501.71852
3505.99106
3507.01238
3508.04146
3509.08291
3510.17216
3511.21918
3512.27715
3513.32551
3514.40463
3515.46709
3545.00562
3546.05948
3547.11382
3548.17007
3549.22329
3550.27791
3551.33539
3552.38934
3553.44462
3554.50008
3557.67157
3559.77538
3560.83060
3561.88521
3562.94308
3563.99603
3565.05028
3566.10607
3567.16089
3568.21808
3571.38244
3572.43546
3573.49097
3574.54681
3575.60109
3576.65665
3577.71182
3578.76444
3579.81425
3580.87727
3582.98358
3584.04211
3585.09734
3586.15247
3587.20758
3588.26211
3589.31176
3590.37371
3591.42617
3592.48500
3593.53583
3594.59217
3601.97909
3603.02027
3604.08909
3605.14331
3606.19694
3607.25552
3608.30949
3609.36124
3612.52882
3613.58431
3614.63988
3615.69443
3616.74970
3617.80554
3618.85967
3619.91343
3620.97029
3622.02492
3623.07886
3626.24364
3627.30191
3629.40962
3630.46517
3631.53690
3632.57376
3633.63055
3634.68464
3635.74357
3636.79633
3641.01522
3642.07016
3643.12656
3644.18110
3645.23638
3646.29036
3647.34633
3648.40151
3649.45489
3650.51187
3651.56649
3652.62219
3654.72316
3655.78523
3656.84229
3658.95229
3660.00733
3661.06271
3662.11761
3663.17244
3665.26812
3666.33814
3667.39281
3669.50442
3670.55629
3671.61313
3672.66981
3673.72384
3674.77802
3675.83411
3676.88681
3677.94216
3678.99961
3680.05311
3681.11119
3682.14503
