3356.56587
3360.84078
3365.11868
3369.39724
3373.66906
3377.93834
3386.48735
3390.76071
3395.06085
3399.30938
3403.59062
3442.05943
3446.33399
3454.88493
3459.15860
3463.42691
3471.97967
3476.25453
3480.53123
3484.80800
3489.08366
3493.35734
3497.63285
3501.90067
3506.18069
3510.45462
3514.72800
3544.66710
3548.92622
3553.20491
3557.47835
3561.75003
3566.02467
3574.57659
3578.85175
3583.11117
3587.39590
3591.67330
3604.49446
3608.77039
3613.04395
3617.31986
3621.59240
3625.85808
3630.14253
3634.42027
3638.69413
3642.97007
3647.24232
3651.51805
3655.79149
3660.06688
3664.34265
3672.88960
3677.16468
3681.43922
