3325.75836
3327.05601
3328.35211
3330.92966
3333.50527
3334.15256
3334.80361
3336.08486
3340.59029
3341.21115
3343.18536
3343.80929
3345.74383
3346.37747
3350.26763
3354.78939
3355.44722
3356.72705
3357.37165
3358.02482
3359.31920
3359.95023
3360.59952
3361.88407
3362.53368
3363.17724
3363.82783
3364.46324
3365.12134
3365.75245
3366.39991
3368.98960
3369.62786
3370.27733
3370.91434
3371.55981
3372.21366
3372.84961
3374.13986
3374.80195
3375.42923
3376.71847
3377.36903
3379.30209
3379.95246
3380.62931
3381.23592
3386.40298
3387.03964
3388.33631
3388.97438
3390.26296
3390.91204
3391.56228
3392.86631
3393.49100
3394.14889
3397.36065
3399.30787
3399.94445
3401.23489
3401.87248
3402.52481
3405.13284
3405.74494
3439.26982
3441.26205
3443.80252
3444.45742
3445.72233
3446.39428
3447.68062
3448.30099
3454.17086
3454.78939
3460.57459
3461.24698
3461.86478
3469.60639
3470.25197
3470.89779
3472.84405
3473.47939
3474.11912
3475.40124
3476.06947
3476.70730
3479.28038
3479.93128
3480.57028
3481.21584
3481.86907
3482.51651
3483.14954
3483.80173
3485.10059
3485.72384
3486.38548
3487.02146
3487.66577
3488.31653
3488.96141
3489.60500
3492.16643
3496.05033
3496.71518
3497.99664
3498.65864
3499.27843
3500.58209
3501.22908
3501.87643
3502.51312
3505.74530
3506.37492
3507.01760
3507.65959
3508.31369
3508.95401
3509.61392
3510.24506
3510.89926
3512.16772
3512.83586
3513.47142
3544.43415
3545.08713
3545.72157
3546.36948
3547.01333
3547.65335
3548.30081
3548.94318
3549.59597
3550.23917
3550.88242
3551.52707
3552.17575
3552.82285
3553.47084
3554.11133
3554.75387
3557.98523
3559.26902
3559.95023
3560.55175
3561.21139
3561.85719
3562.49702
3563.15757
3563.79274
3564.42814
3565.07356
3565.72010
3566.36880
3567.01108
3567.65645
3571.53678
3572.17855
3572.82817
3574.10500
3577.97820
3578.62058
3579.26719
3580.55384
3581.20624
3585.07078
3585.71694
3587.01580
3587.65204
3588.29649
3588.94723
3589.59227
3590.23489
3590.87643
3591.53718
3592.16874
3593.44832
3594.10383
3594.77156
3595.38875
3601.83990
3602.47351
3603.13277
3603.79722
3604.42729
3608.30601
3608.95438
3612.81004
3613.45405
3614.10106
3617.33041
3617.97900
3618.62225
3619.25556
3619.89748
3620.55151
3621.83969
3626.36294
3627.64857
3630.22516
3630.87489
3633.46621
3634.09712
3634.73719
3636.03983
3636.67532
3637.31978
3638.61626
3640.55682
3641.20625
3642.46461
3643.12696
3643.79639
3644.42704
3645.05361
3645.70213
3646.34888
3647.63894
3648.29258
3648.92375
3649.57086
3650.21972
3650.88664
3655.38036
3656.03036
3656.67207
3657.31331
3658.60299
3659.26213
3659.89953
3660.54515
3661.18322
3661.83172
3662.47772
3663.12277
3663.76707
3664.41818
3665.05476
3665.69602
3666.34128
3666.98771
3669.57672
3670.21416
3670.85659
3671.50552
3672.80229
3673.43579
3674.09114
3674.73153
3676.01796
3676.66770
3677.31550
3677.95419
3678.59837
3679.24819
3679.89450
3680.54024
3681.18768
3681.84209
