3357.11417
3360.41316
3370.24064
3376.82006
3380.12887
3386.72017
3390.00050
3393.32160
3399.85847
3403.13411
3439.30781
3442.65493
3445.90499
3449.20798
3452.49782
3455.78983
3459.06944
3462.35371
3472.23393
3475.50744
3478.80292
3482.11567
3485.36374
3488.66214
3491.95760
3495.28133
3498.54296
3501.80008
3505.10304
3508.42848
3511.71867
3514.99420
3547.86262
3551.16696
3554.43620
3557.74336
3561.05322
3564.33650
3567.57659
3600.50069
3603.78134
3607.05381
3616.96099
3620.22023
3623.52604
3626.79821
3630.07844
3633.35169
3636.64031
3643.26582
3646.53190
3649.82334
3656.37428
3659.71777
3662.96107
3666.26640
3669.55447
3672.86412
3676.13343
3679.45188
