3356.68019
3360.85390
3365.02750
3369.20084
3373.37478
3377.54622
3390.06447
3394.23780
3398.41525
3402.58603
3440.14216
3444.31684
3448.49021
3452.66376
3456.83503
3461.01074
3469.35516
3473.52608
3481.87371
3486.04914
3544.47349
3548.64503
3552.81872
3561.16421
3565.33868
3573.68631
3577.85968
3586.20397
3590.37721
3594.54888
3602.89552
3607.06830
3615.41492
3619.58865
3627.93398
3632.11597
3636.28066
3640.46040
3644.62695
3648.80060
3657.14650
3661.32191
3665.49295
3669.66688
3673.83802
3678.01334
