3327.41446
3329.41712
3331.40843
3333.44466
3335.46826
3337.48947
3341.50032
3343.48754
3345.50673
3351.56829
3355.52494
3357.57341
3359.59607
3361.59014
3363.62249
3365.63013
3369.65546
3371.65745
3373.65636
3377.69246
3379.69883
3389.77356
3391.72770
3393.79992
3399.82133
3401.81423
3405.87073
3442.06712
3446.07739
3452.11256
3454.13647
3460.11093
3462.15715
3486.30986
3546.64227
3554.68052
3562.70911
3572.78191
3574.78119
3576.79269
3580.79220
3584.80782
3586.85171
3590.88752
3594.89872
3600.93140
3602.93994
3604.95121
3606.98195
3608.99008
3615.02531
3619.03018
3621.03678
3623.05741
3629.13497
3631.13756
3633.10033
3637.10794
3643.17302
3645.17454
3647.22316
3651.22074
3659.26263
3663.32071
3671.33478
3673.35466
3675.38112
