3625.42686
3626.10161
3626.77297
3627.44366
3629.45052
3630.11435
3630.78214
3632.78768
3633.45667
3634.12475
3634.79241
3635.46189
3636.12562
3636.79376
3641.47189
3642.14187
3642.80951
3643.47793
3644.14278
3644.81504
3645.48167
3646.15034
3646.81929
3647.48494
3648.15558
3648.82223
3649.49040
3650.15787
3650.82808
3651.49282
3652.16287
3654.16973
3654.83736
3655.50524
3656.17231
3656.84168
3658.17636
3658.84644
3659.51446
3660.18415
3661.51515
3662.18130
3662.85239
3663.52323
3664.85656
3665.52293
3666.19198
3666.86284
3670.20149
3670.87156
3671.54070
3672.87383
3673.54370
3674.21010
3674.87481
3676.21195
3676.88507
3677.54934
3678.22119
3678.88578
3679.55646
3680.22508
3680.89280
3681.56217
