3356.10547
3360.08650
3364.06648
3372.02511
3376.00348
3379.98444
3387.94214
3391.92274
3399.87976
3403.86115
3439.67546
3443.65485
3447.63396
3455.59307
3459.57253
3463.55102
3471.51099
3475.49080
3479.47020
3483.44882
3487.42854
3495.38745
3499.36689
3507.32539
3511.30510
3515.28494
3547.11974
3551.09882
3555.07771
3563.03748
3567.01634
3570.99829
3574.97606
3578.95488
3582.93826
3586.91370
3590.89306
3594.87274
3602.83089
3614.76913
3618.74867
3622.72830
3626.70775
3630.68759
3634.66706
3638.64471
3642.62434
3646.60527
3650.58512
3654.56187
3658.54262
3662.52332
3666.50081
3670.48036
3674.46071
3678.43942
