3357.79315
3361.69995
3365.60593
3369.51182
3373.42204
3377.32453
3381.23066
3389.04410
3392.95079
3396.86910
3400.76199
3404.65612
3471.07830
3474.98413
3478.89097
3482.79727
3486.70401
3494.51581
3498.42298
3502.32889
3506.23514
3510.14196
3545.29969
3549.20612
3553.11255
3560.92509
3564.83144
3572.64550
3576.55045
3580.45706
3584.36400
3588.26989
3592.17605
3603.89489
3607.80209
3611.70669
3615.61449
3619.52072
3623.42694
3627.33365
3631.24042
3635.14471
3642.95895
3646.86693
3650.77216
3654.67909
3658.58455
3662.49205
3666.39712
3670.30410
3674.20975
3678.11653
3682.02288
