3438.90356
3439.82448
3440.74323
3441.66409
3442.58379
3443.50238
3444.42384
3445.34127
3446.26300
3447.18494
3448.10418
3449.02158
3451.78153
3452.70322
3453.62304
3454.54331
3455.46219
3456.38518
3457.30314
3458.22193
3459.14323
3460.06179
3460.98274
3461.90408
3462.82305
3545.63014
3546.54217
3547.46532
3548.38021
3549.29672
3550.22033
3551.13947
3552.06084
3552.98762
3553.89951
3554.82700
3559.42919
3560.34838
3561.26836
3563.10109
3564.03305
3564.94213
3565.85975
3566.78086
3567.70822
3601.74098
3602.65941
3604.50079
3605.41901
3606.34115
3607.26132
3608.18152
3609.10061
3611.86238
3612.77797
3613.70345
3614.62004
3615.53896
3616.46110
3617.38062
3618.30119
3619.22083
3620.14086
3621.06133
3621.97992
3622.89971
