3354.59174
3357.56891
3360.52463
3363.48954
3369.42880
3372.38779
3375.34547
3378.32935
3381.28335
3387.21233
3390.17890
3393.14588
3399.08097
3402.04438
3405.01443
3470.26474
3473.23206
3476.19766
3479.16204
3482.13169
3485.09714
3488.06201
3493.99570
3496.95856
3499.93059
3505.85917
3508.82230
3511.79510
3514.77661
3544.42153
3547.38719
3550.35432
3553.32399
3559.25021
3562.21514
3565.18552
3568.14387
3574.08803
3577.05076
3580.01366
3585.94814
3588.91411
3591.87744
3594.84101
3603.74256
3606.71408
3612.64561
3615.61326
3618.57729
3621.54473
3627.47143
3630.44092
3633.40586
3636.37035
3642.30845
3645.27383
3648.23761
3651.20944
3654.16865
3657.13429
3663.07163
3666.03418
3671.97371
3677.89657
3680.86476
