3354.49228
3362.97481
3371.45909
3375.70314
3379.94266
3388.42565
3396.90838
3401.15097
3405.39295
3439.32704
3443.56970
3447.81111
3452.05285
3456.29532
3460.53700
3473.26255
3481.74585
3485.98794
3545.37288
3549.59698
3553.85651
3558.09981
3562.33970
3566.58158
3570.81995
3575.06562
3579.30837
3587.79216
3592.03287
3600.51347
3604.75976
3609.00212
3613.23959
3617.48515
3621.72616
3625.97297
3630.20970
3634.45106
3638.69553
3642.93705
3647.17897
3651.41916
3655.66063
3659.90265
3664.14167
3672.62698
3676.86977
3681.11227
