3354.72995
3356.74725
3357.41886
3359.43616
3360.10776
3360.78085
3361.45225
3362.12446
3362.79662
3363.46930
3364.81351
3365.48763
3366.83163
3368.84847
3369.51962
3370.19256
3370.86341
3371.53715
3372.20880
3372.88006
3374.22548
3374.89722
3376.91441
3377.58769
3378.93070
3379.60296
3386.32676
3388.34305
3389.01620
3390.35873
3391.03306
3391.69638
3393.04875
3393.72411
3394.39520
3398.42059
3399.77106
3400.44687
3401.11767
3403.13140
3404.47581
3405.14980
3438.76407
3439.43480
3440.10725
3440.77868
3441.45178
3442.12466
3442.79512
3443.46783
3444.81288
3445.48460
3446.15754
3446.83033
3447.50211
3448.17428
3448.84689
3449.51863
3452.20831
3452.87908
3453.55198
3454.22541
3454.89691
3455.56917
3456.24149
3456.91339
3457.58379
3458.25822
3458.93078
3459.60270
3460.27505
3460.94735
3461.61922
3462.29170
3462.96306
3469.68737
3470.35859
3471.03144
3472.37692
3473.04694
3473.71955
3474.39247
3475.06422
3475.73920
3476.40837
3479.09661
3479.76879
3481.11533
3481.78094
3482.45328
3483.13247
3484.48516
3485.82546
3487.15917
3487.83402
3488.51598
3489.18742
3489.85598
3492.54479
3493.21150
3493.89191
3494.56217
3495.23007
3495.90075
3496.57743
3497.24915
3498.59277
3499.26634
3499.93777
3500.60809
3501.28366
3501.95921
3502.62631
3505.31582
3505.98683
3506.66030
3507.33281
3508.00439
3508.67975
3509.34872
3510.02134
3510.69640
3511.36582
3512.03636
3512.71260
3513.38194
3514.05390
3514.72769
3515.39847
3544.30818
3544.97974
3545.65216
3546.32378
3546.99577
3547.66797
3548.34069
3549.01340
3549.68603
3550.35711
3551.02971
3551.70259
3552.37375
3553.04630
3553.71857
3554.39218
3555.06405
3557.75424
3558.42482
3559.76903
3560.44109
3561.11478
3561.78604
3562.45862
3563.13242
3563.80448
3564.47554
3565.14649
3565.82028
3566.49293
3567.16350
3567.83682
3571.19819
3571.87027
3572.54206
3573.21490
3573.88673
3574.55906
3575.23092
3575.90337
3576.57601
3577.24784
3577.92046
3578.59234
3579.26513
3580.60885
3581.28162
3583.29798
3583.97057
3584.64225
3585.31507
3586.65976
3587.33148
3588.00431
3588.67705
3589.34904
3590.02117
3590.69253
3591.36582
3592.03778
3592.71001
3593.38241
3594.05491
3594.72649
3595.39915
3601.45371
3602.12282
3602.79506
3604.14041
3604.81262
3605.48010
3606.15370
3606.82863
3607.50008
3608.17417
3608.84510
3611.53488
3612.20511
3612.87686
3613.55043
3614.89460
3615.56676
3616.23883
3616.91124
3617.58373
3618.25630
3618.92751
3619.60048
3620.27255
3620.94472
3621.61768
3622.28932
3622.96181
3623.63367
3625.65085
3626.32377
3626.99394
3627.66713
3630.35729
3631.02754
3632.37197
3633.04431
3633.71646
3636.40657
3641.11310
3641.78733
3642.45789
3643.80011
3644.47220
3645.14633
3645.81798
3646.49032
3647.16335
3647.83462
3648.50498
3649.17841
3649.85127
3650.52560
3651.19668
3651.86837
3652.54106
3655.90502
3656.57538
3657.24777
3659.26255
3659.93633
3660.60922
3661.95349
3662.62383
3663.29654
3663.97041
3665.98688
3666.65897
3667.33087
3669.34806
3670.01792
3670.69270
3671.36474
3672.70933
3673.38102
3674.05291
3674.72581
3676.06999
3676.74236
3677.41417
3678.08617
3678.75891
3679.43188
3680.10345
3680.77641
3681.44808
3682.11834
