3684.71102
3685.42922
3686.14704
3686.86478
3687.58263
3689.01850
3689.73644
3690.45367
3691.17187
3693.32483
3694.04315
3694.76128
3695.47888
3698.35040
3699.06747
3699.78498
3700.50309
3701.22044
3704.09139
3704.81024
3705.52695
3706.96275
3708.39848
3709.11599
3709.83385
3711.98817
3712.70557
3713.42325
3714.14086
3714.85886
3715.57613
3717.01177
3717.72926
3718.44751
3719.16483
3719.88312
3721.31860
3722.03602
3722.75376
3723.47132
3727.06013
3727.77737
3729.93134
3731.36688
3732.80192
3734.23753
3735.67302
3737.10807
