3355.54673
3362.02771
3365.28838
3371.84978
3375.06920
3378.33611
3388.06178
3391.36013
3394.61856
3397.88582
3401.09226
3404.40002
3440.12606
3443.38972
3446.64396
3449.87605
3453.16045
3456.45170
3459.68604
3462.95623
3469.46430
3472.65037
3475.97310
3479.21325
3482.46294
3485.71099
3488.98988
3492.24376
3495.49401
3498.76238
3501.97356
3505.22417
3514.97307
3547.57727
3550.78903
3554.04362
3560.53714
3563.81193
3567.03962
3628.87469
3632.17805
3635.39989
3638.61762
3641.88562
3645.15486
3648.40943
3651.70337
3654.98017
3664.65797
3671.19123
3674.48903
3677.67067
3680.98592
