3325.69852
3326.52600
3328.18151
3329.00895
3329.83464
3330.66615
3331.49432
3333.14921
3333.97593
3334.80690
3335.63103
3336.45929
3337.28980
3338.11551
3340.59904
3341.42715
3342.25541
3343.08325
3343.91344
3344.73901
3345.56584
3346.39398
3347.21957
3350.53318
3351.36217
3352.18706
3354.67108
3355.50007
3357.15628
3359.63920
3360.46652
3362.12314
3362.95127
3364.60635
3365.43368
3366.26339
3369.57388
3370.40100
3371.22903
3372.05783
3372.88591
3373.71357
3374.54101
3375.36815
3377.02492
3379.50913
