3356.00466
3360.08522
3364.19937
3372.37337
3376.47535
3380.54884
3388.73345
3392.83869
3396.94334
3401.02899
3405.11333
3441.94399
3446.05300
3454.24282
3458.33075
3462.40428
3470.60961
3474.69932
3482.88610
3486.98096
3495.16398
3499.26066
3507.44642
3511.53599
3515.62634
3544.26127
3548.36763
3552.46341
3560.64532
3564.74072
3572.89022
3577.00225
3581.11137
3585.20445
3589.29827
3593.38294
3626.13650
3630.22013
3638.42459
3642.48555
3646.59599
3650.68594
3654.75946
3658.87136
3662.96837
3667.05958
3671.11844
3675.24628
3679.33669
