3469.08726
3469.70789
3470.32562
3470.94499
3472.18063
3472.80200
3473.41814
3474.03870
3475.27305
3475.89651
3476.51386
3478.97854
3479.61593
3480.86998
3481.47527
3482.09220
3482.70623
3483.94056
3485.17466
3485.77780
3486.42735
3487.04053
3487.64875
3488.88238
3489.50842
3492.59668
3493.23018
3493.83557
3494.46426
3495.08393
3495.70355
3496.31076
3496.93379
3497.57191
3498.19098
3498.77713
3499.43138
3500.66735
3501.26374
3501.87781
3505.60405
3506.21395
3506.83638
3507.45406
3508.07396
3508.66718
3509.31410
3509.93747
3510.54808
3511.16481
3511.77891
3512.40957
3513.64159
3514.87316
