3355.84061
3357.47334
3360.73962
3362.37352
3364.00909
3365.63987
3368.90698
3370.54167
3372.17374
3373.80708
3375.44039
3377.07269
3468.54350
3470.17590
3471.81004
3473.44284
3475.07760
3476.71026
3479.97798
3481.61067
3483.24507
3484.87801
3486.51203
3488.14570
3489.77828
3493.04398
3494.67740
3496.31134
3497.94362
3499.57684
3501.21062
3506.11089
3507.74403
3509.37693
3511.00868
3512.64228
3514.27458
3515.90996
3545.31252
3546.94554
3550.21457
3551.84717
3553.48010
3558.38067
3566.54860
3568.18052
3569.83149
3571.44782
3573.08214
3574.71384
3576.34606
3579.61392
3584.51367
3586.14850
3587.78037
3589.41439
3591.04940
3594.31532
3602.48188
3604.11607
3605.75116
3607.38300
3609.01632
3613.92007
3615.54883
3617.18389
3618.81701
3620.44841
3622.08381
3626.98314
3630.24827
3631.89309
3633.51518
3635.14761
3636.78308
3638.40912
3641.68306
3643.31659
3644.94993
3646.58328
3648.21670
3649.85121
3651.48377
3656.38364
3658.01627
3659.65181
3661.28382
3662.92101
3666.18447
3671.08455
3672.71509
3674.35019
3677.61622
3679.25417
3680.88421
