3357.42139
3360.84156
3374.52963
3388.23420
3391.65091
3398.50229
3401.91775
3405.35184
3439.57226
3442.99945
3446.43176
3449.84302
3453.27576
3456.69233
3460.11374
3463.53841
3470.38504
3473.80741
3494.35055
3497.77852
3501.19284
3508.03922
3511.46202
3514.89064
3545.69726
3549.11571
3552.53875
3559.39073
3562.81418
3573.08102
3576.50611
3586.77565
3590.19998
3600.49726
3603.90818
3607.30978
3621.01569
3627.85222
3634.72069
3638.08107
3641.55198
3644.96685
3648.38092
3651.82660
3658.66295
3662.09039
3665.50736
3672.35508
3675.77527
3679.20507
