3325.83509
3326.83074
3328.81654
3329.80789
3330.80271
3331.79763
3332.79637
3333.78728
3334.77918
3335.77259
3336.76613
3337.77067
3340.74367
3341.74038
3342.73311
3343.72618
3345.71517
3346.71197
3350.68384
3351.67806
3352.67323
3544.50754
3545.51003
3546.50789
3547.48917
3548.48712
3549.48216
3550.47538
3551.47502
3552.46444
3553.45796
3554.45104
3558.42237
3559.42156
3560.41888
3561.40723
3562.40251
3563.39821
3564.38965
3565.38534
3566.37658
3567.37338
3571.34321
3572.34570
3573.33593
3574.33116
3575.32827
3576.31933
3577.31536
3578.30845
3579.30192
3580.29440
3581.29045
3584.27128
3585.26580
3586.26197
3587.25368
3588.24958
3589.24278
3590.23576
3591.22912
3592.22617
3593.21958
3594.21301
3595.20660
3602.17422
3603.15917
3604.15312
3605.14607
3606.13632
3608.12064
3609.12190
3612.10078
3614.08470
3615.08673
3616.08707
3617.06848
3618.06237
3619.06312
3620.05324
3621.04618
3622.04265
3623.03440
