3354.94121
3355.84862
3356.75822
3358.57128
3359.47547
3360.38533
3362.19982
3363.10551
3364.01299
3364.92107
3365.82923
3366.73644
3369.45511
3370.36231
3371.27489
3372.17927
3373.08225
3373.99387
3374.90213
3375.80866
3376.71422
3377.62269
3379.43737
3381.24675
3386.69060
3387.59928
3388.50757
3389.41318
3390.32285
3391.22633
3393.04328
3393.94805
3397.58108
3398.48452
3399.39500
3400.30179
3401.20879
3402.11709
3403.01841
3403.92886
3404.83892
3405.74217
3438.40232
3439.31085
3440.21867
3442.03185
3442.94328
3443.84609
3444.75313
3445.66023
3446.56752
3447.47726
3448.38254
3449.29032
3452.00964
3452.91963
3453.82412
3454.73419
3455.63929
3456.54966
3457.45296
3458.36196
3459.26926
3460.17796
3461.08207
3461.99195
3462.89935
3469.24488
3470.15639
3471.06293
3471.96865
3472.87756
3473.78343
3474.69504
3475.59943
3476.50623
3479.22456
3480.13466
3481.04247
3481.94819
3482.85587
3483.76200
3484.67131
3485.57873
3486.48514
3487.39083
3488.30045
3489.20606
3544.54664
3545.45211
3546.35875
3547.26789
3548.17669
3549.07765
3549.98969
3550.89565
3551.80349
3552.70923
3553.61656
3554.52324
3557.24766
3558.15428
3559.96521
3560.87531
3561.78291
3562.69055
3563.59753
3564.50342
3565.41195
3566.31851
3567.22705
3568.12707
3571.76104
3572.67000
3573.57549
3574.48108
3575.38520
3576.29653
3577.20551
3578.11345
3579.01812
3579.92690
3580.83224
3583.55143
3584.45965
3585.37024
3586.27424
3587.18366
3588.08989
3588.99859
3589.90560
3590.80891
3591.71818
3592.62813
3593.53453
3594.44111
3595.34797
3626.19166
3627.09914
3628.00840
3629.82251
3630.72534
3631.63432
3632.54150
3633.45034
3634.36005
3635.26397
3636.17082
3637.07923
3640.70904
3641.61403
3642.51919
3643.43446
3644.33836
3645.24578
3646.15140
3647.05969
3647.96459
3648.87400
3649.77992
3650.68699
3651.59365
3652.50091
3654.31800
3655.22300
3656.13733
3657.03829
3657.94917
3658.85071
3659.75810
3660.66600
3661.56722
3662.48008
3663.38604
3665.19835
3666.11031
3667.01430
3669.74063
3670.64611
3671.55163
3673.36785
3674.27343
3675.18299
3676.08912
3676.99702
3677.90248
3678.80745
3679.71820
3680.62577
3681.53163
