3545.33241
3546.61330
3547.23329
3547.89409
3549.17577
3549.79522
3550.45740
3551.73987
3552.35665
3553.02108
3554.30227
3554.92140
3557.48326
3558.14679
3559.42781
3560.70907
3561.99111
3562.60922
3563.27326
3564.55468
3565.17255
3565.83503
3567.11597
3567.73388
3601.72386
3605.58352
3606.83970
3608.11953
3609.39990
3611.96708
3613.24882
3614.52891
3615.14792
3615.81066
3617.09319
3617.71269
3618.37419
3619.65592
3620.93709
3622.21872
3622.83726
3623.49995
3626.06124
3627.34500
3627.96375
3629.90635
3630.52447
3632.46943
3633.08748
3633.75380
3636.31415
3641.43743
3642.72050
3644.00232
3645.28282
3645.90209
3646.56535
3647.84680
3648.46287
3649.12996
3650.40979
3651.02811
3651.69158
