3355.51274
3358.42582
3361.33669
3364.24323
3370.05554
3372.99908
3375.89246
3378.80256
3387.57640
3390.49942
3393.31542
3402.16312
3405.05160
3440.00694
3442.91502
3445.83168
3448.73876
3454.60544
3457.49480
3460.37998
3463.31925
3469.15179
3472.05295
3474.96015
3480.78069
3483.71681
3486.63015
3489.53275
3492.46316
3495.36160
3498.27635
3501.18366
3507.00984
3509.93946
3512.84135
3515.75786
3544.90511
3547.79962
3550.71460
3553.62144
3559.46006
3562.36858
3565.25937
3568.22259
3571.10705
3574.01714
3576.95629
3579.84796
3585.67141
3588.59020
3591.51567
3594.40310
3626.46555
3629.38982
3632.30485
3635.21821
3638.13768
3641.05703
3643.94800
3646.87726
3649.79012
3655.60196
3658.51392
3661.42976
3664.34630
3667.27545
3670.17149
3673.07965
3676.00030
3678.90836
3681.81947
