3439.59180
3440.88813
3442.17950
3443.46235
3444.75296
3446.04299
3447.33564
3448.62874
3452.49738
3453.78839
3455.07865
3456.37558
3457.65376
3458.94483
3460.23334
3461.52494
3462.81559
3545.37221
3546.66921
3547.95467
3549.25687
3550.53241
3551.82597
3553.11688
3554.40741
3558.28363
3559.57089
3560.86147
3562.14646
3563.43589
3564.72468
3566.02778
3567.30414
3600.87368
3602.13952
3604.71998
3606.00965
3607.30000
3608.59031
3612.46691
3613.75347
3615.04240
3616.32817
3617.61948
3618.91123
3620.19929
3621.49168
3622.78356
