3354.96587
3357.43585
3358.64930
3359.90000
3362.34525
3363.56499
3364.80736
3366.03244
3369.72654
3370.95467
3372.18906
3373.42071
3374.65045
3377.08850
3378.34863
3379.57988
3386.96679
3388.22314
3389.45504
3390.68798
3391.91046
3393.12244
3394.35211
3398.03086
3399.28418
3400.49455
3401.72914
3402.93515
3404.20799
3405.42573
3469.44041
3470.67410
3471.90330
3473.13497
3474.36377
3475.59530
3476.80205
3479.28747
3480.51669
3481.74624
3482.97620
3484.20520
3485.43703
3486.66341
3487.89513
3489.13380
3492.82753
3494.05365
3495.28679
3496.51939
3497.73745
3498.97640
3500.20916
3501.43709
3502.67167
3506.34796
3507.61400
3508.84327
3512.51737
3514.98899
3545.78903
3547.02563
3548.25260
3550.67649
3551.92430
3553.16261
3554.37922
3558.09064
3559.31996
3560.54519
3561.76635
3562.99456
3564.24308
3565.46650
3566.69036
3567.92298
3655.32664
3656.55148
3659.01305
3660.24447
3661.47517
3662.70608
3663.93622
3665.17495
3666.39917
3668.87138
3670.08896
3671.31998
3673.78156
3675.01059
3676.24259
3677.47458
3678.70988
3679.93641
3681.16683
