3330.46076
3330.87590
3332.94212
3333.77213
3335.84090
3336.25613
3337.08507
3339.98223
3340.39653
3342.88030
3343.29326
3343.70838
3345.36356
3345.77854
3346.19103
3349.91853
3352.40007
3352.81565
3356.54125
3358.19736
3358.61078
3359.02490
3359.43979
3361.92267
3362.33715
3362.75139
3363.16673
3364.82107
3365.64965
3368.96089
3369.37668
3371.44520
3371.85892
3372.27293
3372.68799
3374.34303
3374.75669
3375.17111
3377.65465
3378.89741
3387.17509
3387.59091
3388.41752
3390.90261
3393.38694
3394.21263
3397.11167
3397.52687
3397.94098
3400.42205
3400.83751
3403.32357
3404.14974
3438.50998
3438.92308
3439.33754
3439.75181
3441.40808
3441.81893
3442.23430
3442.64917
3443.06343
3444.71743
3445.13259
3445.54669
3445.96102
3448.03015
3448.44425
3448.85837
3449.27323
3452.16977
3452.58504
3453.00060
3454.23930
3455.06714
3455.48213
3455.89819
3457.96560
3458.38002
3458.79481
3460.86383
3461.27757
3461.69247
3462.10634
3462.52142
3463.76270
3468.73085
3470.38491
3470.79876
3471.21307
3473.69787
3474.11073
3474.52476
3474.93972
3476.59482
3479.90942
3480.32086
3480.73270
3481.14958
3483.63223
3484.87808
3486.52951
3487.36238
3487.77568
3489.84157
3544.90185
3545.31690
3545.73220
3547.38729
3547.80039
3548.21475
3548.62828
3549.04433
3550.69764
3551.11337
3551.52715
3551.94105
3552.35555
3554.01158
3554.42393
3554.83818
3557.73505
3558.15191
3560.22256
3560.63458
3561.04864
3561.46274
3561.87784
3563.53336
3563.94548
3564.36041
3564.77516
3565.18860
3566.84362
3567.25796
3567.67283
3570.98374
3571.39810
3571.81268
3573.05502
3573.46746
3573.88109
3574.29596
3576.36494
3576.77803
3577.19325
3577.60721
3580.09024
3580.50567
3580.91894
3581.33372
3583.81788
3584.23272
3586.71420
3587.12850
3587.54372
3589.19856
3590.02524
3590.44180
3590.85502
3593.33716
3593.75127
3602.03060
3602.44514
3602.85875
3605.34097
3605.75747
3606.58626
3608.65615
3609.06837
3611.96694
3612.37978
3612.79511
3615.27787
3615.69257
3616.10723
3616.52055
3618.17800
3618.58997
3619.00446
3619.41897
3621.48855
3621.90222
3622.31659
3622.73080
3623.14657
3625.62823
3629.35393
3629.76986
3631.00907
3632.66625
3634.73695
3635.97962
3641.35991
3641.77411
3642.18861
3644.25914
3644.67030
3645.08581
3645.50001
3645.91440
3647.15677
3647.56799
3647.98358
3648.39784
3648.81308
3650.46774
3650.88087
3651.29376
3651.70951
3652.12438
3655.02147
3657.09197
3658.74891
3659.99041
3660.40224
3663.71464
3666.61439
3667.02570
3669.92535
3670.33939
3670.75321
3671.16816
3671.58293
3672.82329
3673.65135
3674.06518
3674.47972
3676.13494
3676.54854
3676.96221
3677.37693
3677.79167
3679.44695
3679.86205
3680.27462
3680.68939
3681.10421
