3354.39799
3355.10876
3355.81993
3356.53514
3357.24973
3359.38675
3360.10269
3360.81176
3362.24100
3364.37519
3365.08922
3365.80201
3369.36357
3370.79260
3371.50325
3372.21748
3372.93321
3374.35601
3375.06726
3376.49083
3377.20428
3379.33784
3380.06038
3386.47450
3387.18737
3387.90033
3388.60951
3389.32724
3390.75043
3391.46251
3392.88580
3393.61020
3394.31142
3397.16133
3397.87867
3399.30415
3401.44117
3402.15573
3402.87196
3404.29270
3405.00675
3405.71873
3438.51239
3439.22652
3439.93274
3440.64635
3441.36371
3442.07424
3442.78688
3443.49862
3444.21187
3444.92939
3445.63472
3446.34275
3447.05758
3447.77461
3448.48672
3449.20294
3449.91696
3452.05187
3452.76153
3453.47917
3454.18896
3454.90292
3455.61706
3456.32867
3457.04167
3457.75552
3458.46956
3459.17588
3459.89635
3460.61006
3461.31889
3462.03246
3462.74435
3463.46278
3491.96787
3492.68109
3493.39440
3494.10749
3494.81742
3495.53320
3496.24646
3496.95938
3497.67143
3498.38448
3499.09694
3499.80717
3500.52153
3501.23433
3501.94684
3502.66029
3505.51338
3506.23099
3506.93788
3507.64860
3508.36196
3509.07487
3509.78859
3510.50207
3511.21441
3511.92630
3512.64147
3513.35497
3514.06403
3514.78006
3515.49382
3545.43235
3546.14409
3546.85710
3547.56694
3548.28123
3548.99838
3549.71169
3550.41777
3551.13269
3551.84622
3552.55563
3553.26995
3553.98232
3554.69286
3557.54666
3558.26062
3559.68423
3560.40100
3561.10950
3561.82388
3562.53728
3563.25401
3563.96233
3564.67451
3565.39304
3566.10021
3566.81378
3567.52480
3568.23911
3571.09524
3571.80366
3572.51750
3573.23017
3573.94156
3574.65280
3575.37148
3576.08607
3576.79525
3577.50654
3578.22324
3579.64586
3580.36281
3581.06768
3583.92351
3584.62955
3585.35087
3586.05568
3586.77169
3587.48707
3588.19800
3588.90765
3589.62477
3590.33781
3591.04908
3591.76275
3593.18879
3593.90349
3594.61440
3595.32622
3601.74088
3602.45706
3603.87939
3604.59296
3605.30593
3606.01793
3606.72959
3607.44164
3608.15830
3608.86839
3611.72088
3612.44324
3613.14482
3614.56754
3615.28745
3616.71087
3617.42270
3618.13375
3618.84985
3619.56201
3620.27566
3620.98742
3621.70175
3622.42137
3623.12445
3625.97726
3626.68899
3627.40328
3630.25389
3630.96705
3632.39396
3633.10490
3633.81749
3634.53022
3635.95660
3636.66933
3637.38238
3640.94709
3641.65900
3642.37193
3643.08440
3643.79628
3644.50861
3645.22191
3645.93441
3646.64893
3647.36143
3648.07305
3648.78647
3649.49993
3650.21297
3650.92500
3651.63901
3652.35127
3654.49034
3655.91973
3656.62873
3658.76707
3659.48240
3660.19244
3662.33003
3663.04610
3663.75329
3665.18066
3665.89627
3666.60412
3667.31735
3669.45725
3670.17476
3670.87948
3671.59605
3673.01947
3673.73684
3674.44706
3675.16381
3675.87220
3676.59083
3677.29762
3678.01243
3678.72740
3679.43644
3680.15196
3680.86427
3681.57764
