3325.99390
3326.60216
3328.43170
3329.04356
3329.64985
3330.86854
3333.30735
3333.91747
3334.52520
3335.74579
3336.35606
3336.96477
3338.18478
3340.01125
3340.62222
3341.23041
3341.84772
3342.44558
3343.06375
3343.66964
3344.88964
3345.49809
3346.10993
3350.38111
3350.98678
3352.20446
3352.81459
3354.64529
3355.25481
3355.85844
3356.47064
3357.08006
3357.69357
3358.29868
3359.51910
3360.13014
3360.73828
3361.34799
3361.95593
3362.56701
3363.17812
3364.39918
3365.00569
3365.61916
3366.24324
3366.83910
3369.27401
3370.49479
3371.09859
3371.71133
3372.32578
3372.93326
3374.15100
3374.75945
3375.37137
3376.58927
3377.19713
3379.02904
3379.63873
3380.85960
3386.34575
3386.95609
3387.56186
3388.15750
3389.39668
3390.60844
3391.21281
3391.82714
3393.04420
3393.65894
3394.26772
3397.31962
3397.92783
3398.53771
3399.14583
3399.74859
3400.36406
3400.97046
3401.58636
3402.18559
3402.81567
3403.41891
3404.02583
3405.24395
3438.78780
3439.38869
3439.99379
3440.59795
3441.22162
3441.82073
3442.42619
3443.04060
3443.65372
3444.25155
3444.86658
3445.48243
3446.08735
3446.69553
3447.30463
3449.13647
3449.74922
3452.18625
3452.78291
3453.41587
3454.01323
3454.62448
3455.22916
3455.84765
3456.44608
3457.05900
3458.27421
3458.88711
3459.49947
3460.11544
3460.73067
3461.93045
3462.54748
3463.16703
3468.64646
3469.24335
3470.48392
3471.08192
3472.30161
3472.91086
3473.51998
3474.12623
3475.34838
3475.95705
3476.56795
3479.01044
3479.61266
3480.22949
3480.83167
3481.45580
3482.05955
3482.66389
3483.27350
3483.88931
3484.50080
3485.09430
3485.70604
3486.32747
3486.93262
3487.53888
3488.14540
3488.75453
3489.38006
3492.41204
3493.02758
3493.62658
3494.26739
3494.85738
3495.48195
3496.07194
3496.68745
3497.28985
3497.90020
3498.52167
3499.12575
3499.72993
3500.34180
3500.94892
3501.56580
3502.17294
3505.22072
3505.82841
3506.43591
3507.04357
3507.65841
3508.28620
3508.88647
3509.49182
3510.10973
3510.70636
3511.31928
3511.92341
3512.53614
3513.14669
3513.75777
3514.98195
3515.58057
3544.84541
3545.45569
3546.06203
3546.67519
3547.28550
3547.89175
3548.50159
3549.11107
3549.72185
3550.33147
3550.94773
3551.55196
3552.16206
3552.77243
3553.38284
3553.98781
3554.59760
3555.20483
3557.64106
3558.25916
3559.47661
3560.07934
3560.69735
3561.30581
3561.91909
3562.52611
3563.13094
3563.74660
3564.35399
3564.96463
3565.57427
3566.19765
3566.79218
3567.39910
3568.00601
3571.05875
3571.67027
3572.27593
3572.88773
3573.49820
3574.10632
3574.71302
3575.32186
3575.93714
3576.54571
3577.15504
3577.76510
3578.37247
3578.98722
3579.59467
3580.20561
3580.81120
3581.42315
3583.85837
3584.47535
3585.08082
3585.69020
3586.30683
3586.90941
3587.52247
3588.12957
3588.74925
3589.34801
3589.95885
3590.56943
3591.17703
3591.78447
3592.39636
3593.00855
3593.61453
3594.22810
3594.83530
3595.44570
3600.93444
3601.54118
3602.14976
3602.75881
3603.97933
3604.58971
3605.19973
3605.80694
3606.41453
3607.02816
3607.63899
3608.24822
3608.85761
3611.90244
3612.51470
3613.12351
3613.73371
3614.34445
3614.95372
3615.55839
3616.17091
3616.78097
3617.39097
3617.99822
3618.60944
3619.21965
3619.82906
3620.43724
3621.04729
3621.65703
3622.26639
3622.87780
3623.48591
3625.93099
3626.53740
3627.14719
3627.75340
3629.58340
3630.19161
3630.80286
3632.63234
3633.23927
3633.85052
3634.45965
3635.08258
3636.29121
3636.90181
3640.55451
3641.17166
3641.78010
3642.38579
3642.99072
3643.60827
3644.21368
3644.82056
3645.43554
3646.03981
3646.65754
3647.26316
3647.86975
3648.48011
3649.09607
3649.70394
3650.31073
3650.92367
3651.53047
3652.14073
3654.57546
3655.18841
3655.79727
3656.40876
3657.01524
3658.23953
3658.84746
3659.45584
3660.06360
3661.89323
3662.50240
3663.11252
3663.72123
3664.33082
3664.94574
3665.55064
3666.16142
3666.77405
3667.37856
3669.21562
3669.81462
3670.42895
3671.03740
3671.64877
3672.86663
3673.47632
3674.08528
3674.69428
3675.30436
3675.91385
3676.52595
3677.13400
3677.74270
3678.35409
3678.96275
3679.56915
3680.18442
3680.78905
3681.40058
3682.01168
