3355.72785
3357.81280
3359.89632
3361.98433
3364.08280
3366.15280
3370.32526
3374.47925
3376.58066
3389.08134
3393.25522
3397.41977
3399.50109
3401.58033
3405.76148
3439.11482
3441.19415
3443.28453
3445.36417
3447.44613
3453.70155
3455.79016
3457.87530
3459.95594
3462.03547
3470.38037
3472.46061
3474.55181
3478.72100
3480.80399
3482.89146
3484.96815
3487.05264
3489.14305
3493.31952
3495.39099
3497.47413
3499.57460
3501.65028
3505.81519
3509.98729
3545.41396
3551.67480
3553.76590
3560.01691
3562.09757
3564.18966
3566.26939
3601.71161
3603.78527
3605.87444
3607.95394
3612.13640
3614.20972
3618.38430
3620.47015
3626.71538
3630.89109
3632.96872
3635.06604
3637.15108
3641.31401
3643.39643
3645.47986
3647.56627
3649.64361
3651.74422
3655.89729
3662.15489
3670.49740
3674.66293
3676.76583
3680.91665
