3354.51220
3355.04211
3355.57311
3356.63117
3357.16106
3357.68524
3358.22273
3359.27270
3359.80604
3360.33156
3360.86496
3361.38479
3361.92615
3362.45212
3363.51226
3364.03907
3364.57495
3365.09220
3365.63345
3369.32215
3370.38640
3370.91764
3371.45283
3371.96794
3373.03790
3374.09283
3374.63375
3375.15383
3376.74520
3378.31926
3378.85420
3379.38973
3379.91925
3438.64334
3439.17768
3439.70541
3440.23714
3440.75979
3441.29287
3441.82283
3442.35114
3442.88356
3443.40972
3443.93956
3444.46989
3444.99724
3445.52850
3446.04926
3446.58610
3447.11262
3447.64285
3448.17421
3448.69635
3449.23201
3449.76204
3451.87777
3452.40846
3452.93484
3453.46637
3453.98352
3454.52238
3455.05210
3455.58031
3456.11210
3456.64418
3457.16927
3457.69849
3458.22455
3458.75779
3459.27823
3459.80940
3460.34453
3460.87136
3461.40226
3461.92551
3462.44937
3462.98962
3463.50796
