3325.54141
3326.54540
3328.05090
3328.55170
3329.05485
3330.56374
3331.06439
3333.07940
3333.57718
3334.07961
3334.57969
3335.58257
3336.08982
3337.09116
3337.59620
3338.09772
3340.11057
3340.61035
3341.11130
3342.61885
3343.12520
3344.12610
3345.13713
3345.63207
3346.13453
3350.15342
3350.65515
3351.15902
3655.07952
3655.57798
3656.07859
3656.57783
3657.08041
3658.58647
3659.08999
3659.59286
3660.09550
3660.59539
3661.10029
3661.60004
3662.10449
3662.60869
3663.10718
3663.61237
3665.11758
3665.62024
3666.12146
3666.62684
3667.12765
3669.63395
3670.14042
3670.64269
3671.14440
3671.64807
3672.65647
3673.15348
3673.65849
3674.15921
3674.66068
3675.16447
3675.66753
3676.16974
3676.67077
3677.17332
3677.67497
3678.17895
3678.67985
3679.18350
3679.68627
3680.18668
3680.68983
3681.19228
3681.69412
