3438.26578
3439.16381
3439.61683
3440.51811
3441.87046
3442.32125
3442.77792
3443.22252
3443.67275
3444.57684
3445.47796
3445.92812
3446.83152
3447.28064
3447.73803
3448.18332
3448.63341
3449.08932
3449.53659
3452.24175
3453.14270
3453.59336
3454.04903
3454.49519
3454.94570
3455.40068
3455.84824
3456.75051
3457.20015
3458.10232
3458.55358
3459.45469
3459.90557
3460.36235
3460.80672
3461.25841
3461.71286
3462.16024
3463.06184
3463.51228
3469.37547
3469.82650
3470.72735
3471.17940
3472.53237
3472.98487
3473.43282
3474.33242
3475.68551
3476.13671
3478.84300
3479.30228
3479.74544
3480.64596
3481.09835
3481.99897
3482.45109
3483.35148
3483.80161
3484.70382
3485.15534
3485.60959
3486.05771
3486.95811
3487.41014
3488.31180
3488.76154
3489.66526
3492.36960
3493.27873
3493.71952
3494.62919
3495.07484
3495.97260
3496.42125
3497.32935
3497.77549
3498.68155
3499.58811
3500.03182
3500.49582
3500.93425
3501.38550
3502.29065
3505.89583
3506.34559
3507.24917
3507.70013
3508.15750
3508.60261
3509.05055
3509.50294
3509.95426
3510.85585
3511.30963
3512.20804
3512.65905
3513.12683
3514.01413
3514.91412
3515.36665
3515.82020
3625.83111
3629.44637
3629.89053
3630.79267
3633.49700
3634.84933
3636.20299
3637.10703
3641.16125
3642.51464
3643.86748
3644.76763
3646.12122
3647.47435
3648.82517
3649.72710
3650.17980
3651.08083
3652.43445
