3625.73444
3626.42492
3627.10043
3627.75178
3629.10303
3629.78146
3630.43830
3631.11566
3632.46052
3633.13849
3633.81157
3634.48062
3635.82272
3636.48255
3637.16181
3638.50617
3641.18565
3641.85398
3642.54252
3643.87087
3644.55351
3645.22412
3645.89693
3646.56995
3647.23542
3647.90669
3648.58709
3649.24171
3649.92985
3650.59129
3651.26907
3651.94168
3652.61379
3654.62379
3655.31150
3655.97595
3656.64300
3657.31133
3658.64814
3659.32498
3659.99587
3660.67546
3661.33363
3662.01017
3662.67432
3663.36062
3664.03500
3665.36332
3666.04607
3666.70830
3667.38396
3669.40263
3670.07148
3670.73934
3671.41453
3672.75345
3673.42374
3674.10066
3674.77385
3676.11274
3676.78569
3677.45687
3678.13212
3678.80536
3679.47074
3680.15049
3680.82172
3681.48647
3682.15662
