3326.27278
3327.97522
3329.64404
3331.33367
3333.00831
3334.71184
3336.36583
3338.09689
3341.45070
3343.11289
3344.82915
3346.49094
3349.86568
3351.56579
3355.04086
3356.60716
3358.29059
3359.87818
3361.67898
3363.30604
3366.68340
3370.09001
3371.77124
3373.49975
3376.82076
3380.23339
3386.91177
3388.62099
3390.27277
3391.95519
3393.68556
3396.96273
3398.81886
3400.38982
3402.13312
3403.76363
3405.47073
3439.19837
3440.86891
3442.56172
3444.20518
3445.93336
3447.60256
3449.30821
3452.67051
3454.33804
3456.03783
3457.68741
3459.41512
3461.08207
3462.78266
3469.52287
3471.18779
3472.89168
3474.57173
3476.26777
3479.61843
3481.27826
3483.00807
3484.67400
3486.38426
3488.03358
3489.74590
3493.13614
3496.58771
3498.09811
3499.87173
3501.54750
3506.61834
3509.98931
3511.61646
3513.33299
3545.30350
3547.04735
3548.69899
3550.40584
3552.05830
3553.79275
3560.53442
3562.19815
3563.90191
3565.54442
3567.29420
3572.31191
3573.98756
3575.68605
3577.36931
3579.01424
3580.78888
3584.07382
3585.77032
3587.50470
3589.08676
3592.50763
3594.14337
3600.96904
3602.61953
3604.32993
3606.00070
3607.69563
3609.37343
3612.74569
3614.45541
3616.10848
3617.81732
3619.47709
3621.18446
3622.85384
3626.23163
3627.94298
3629.60679
3631.27977
3632.95460
3634.66462
3636.30730
3638.03759
3641.39737
3643.06815
3644.77637
3646.44643
3648.13227
3649.80093
3651.52169
3654.87418
3656.55828
3658.25694
3659.92488
3661.62471
3663.29390
3665.00447
3666.66013
3670.03395
3671.74146
3673.40028
3675.11746
3676.77615
3678.48645
3680.13921
3681.84427
