3325.62461
3326.14549
3328.30958
3330.94851
3331.45516
3333.03986
3333.57360
3334.11247
3341.52240
3342.56833
3343.13611
3343.64747
3344.16714
3345.21891
3345.75486
3346.29606
3346.82917
3350.52308
3351.08295
3355.29213
3355.83316
3357.40745
3359.00110
3359.49631
3360.08915
3362.17557
3362.71042
3364.32437
3364.81507
3369.07115
3369.62025
3371.70852
3372.27278
3372.80383
3373.84767
3374.38882
3374.85926
3376.51438
3377.02043
3377.56864
3379.15410
3379.68690
3381.28011
3386.58120
3387.11188
3387.61258
3392.92699
3393.48149
3397.14938
3400.32673
3402.99519
3493.04086
3495.19464
3513.74917
