3447.91248
3642.21464
3645.14854
3645.63580
3646.61112
3647.58987
3648.56905
3649.54558
3650.03344
3650.52407
3651.01267
3651.99091
3654.43499
3655.41123
3656.38888
3656.87634
3658.83187
3659.32104
3659.81027
3660.29830
3661.76513
3662.25282
3662.74303
3663.23071
3663.72050
3665.18533
3665.67428
3666.16276
3666.65287
3667.14089
3670.07412
3670.56284
3671.05094
3671.54163
3673.49420
3673.98405
3674.47259
3674.96114
3675.93774
3676.42719
3676.91654
3677.40439
3677.89448
3678.38374
3678.87153
3679.36271
3679.85118
3680.33954
3680.82882
3681.31379
3681.80364
