3326.37597
3329.35958
3332.32487
3335.31230
3341.27782
3344.25673
3347.23557
3350.21840
3356.15870
3359.17523
3362.14752
3365.11589
3371.04888
3374.04819
3377.04514
3380.02106
3388.95687
3391.94529
3394.92004
3397.90083
3400.88073
3403.85933
3439.62271
3442.60490
3445.58352
3448.56462
3454.52257
3457.49856
3460.48990
3463.43946
3469.42786
3472.40906
3475.38809
3481.34675
3484.32602
3487.30952
3493.26963
3496.25015
3499.22868
3502.20692
3505.17418
3508.17082
3511.14806
3514.12919
3546.92350
3549.90711
3552.86755
3561.81411
3564.79537
3567.77442
3570.77265
3573.73691
3576.71567
3579.69265
3585.65773
3588.63674
3591.61521
3594.59813
3600.55945
3603.52681
3606.51346
3612.46718
3615.45386
3618.44163
3621.41974
3627.37852
3630.35967
3633.34017
3636.32046
3642.27889
3645.25940
3648.24260
3651.22185
3654.20422
3657.17929
3660.16398
3663.14241
3666.12392
3672.07983
3675.06403
3678.04536
3681.02401
