3364.75817
3365.84023
3369.09115
3369.63251
3370.17420
3371.25693
3371.80182
3372.33900
3372.87873
3374.50661
3376.67797
3378.29728
3378.84229
3379.38389
3379.92284
3387.50160
3390.20825
3391.28762
3392.92288
3393.99245
3397.24992
3397.78921
3398.33431
3398.87377
3399.41884
3399.94983
3400.50155
3401.04068
3401.58333
3402.12622
3403.20848
3404.29214
3404.83267
3405.37493
3405.91126
3505.90810
3506.97944
3507.52238
3508.06459
3512.94660
3514.55426
3571.34737
3571.89117
3572.42929
3572.97400
3573.51008
3574.05650
3574.59532
3575.13579
3576.20999
3576.75500
3577.29194
3577.83707
3578.37636
3579.46088
3580.53924
3581.08289
3583.24544
3583.78149
3584.32624
3584.86353
3585.40753
3586.48693
3587.03335
3587.57181
3588.11446
3588.65367
3589.19592
3589.73490
3590.27724
3590.81979
3591.36063
3591.89802
3592.44251
3592.98163
3593.52603
3594.06577
3594.60471
3595.14633
3601.63801
3602.17440
3603.80005
3604.34572
3604.88959
3605.42610
3605.96668
3606.50656
3607.04598
3607.58700
3608.12182
3608.65955
3611.91535
3612.45713
3613.00694
3613.54513
3615.16045
3615.70289
3616.78450
3617.31997
3617.86598
3618.40187
3618.94588
3619.48442
3620.02516
3620.56579
3621.65109
3622.17769
3622.72242
3626.51391
3627.04670
3627.58945
3630.29341
3632.45891
3632.99834
3633.54602
3634.08322
3634.62251
3636.24759
3636.79086
3637.33061
3641.11948
3641.66096
3642.20309
3642.74358
3644.37308
3644.91236
3645.45107
3645.98856
3646.53796
3647.07977
3647.61557
3648.15573
3648.70117
3650.87060
3670.30396
3670.84522
3671.38422
3671.92862
3675.17638
3675.71071
3676.25380
3676.79434
