3354.69495
3356.83617
3357.55132
3358.26364
3358.97879
3359.69444
3361.83617
3362.55010
3363.26786
3363.98292
3364.69420
3366.83419
3368.97825
3369.69056
3370.40607
3371.83624
3373.98055
3374.69338
3375.40650
3376.83720
3377.54925
3378.26419
3378.97807
3379.68814
3387.54852
3388.26058
3388.97774
3390.40639
3391.12042
3392.54728
3397.55000
3399.69132
3400.40214
3401.12143
3401.83904
3402.54488
3405.40401
3438.25530
3438.97507
3439.68993
3440.40147
3441.83225
3442.54522
3443.25933
3444.68631
3445.40323
3446.11442
3446.82930
3447.54512
3448.25894
3448.97171
3449.68572
3451.82885
3452.54504
3453.25730
3453.97222
3455.40143
3456.11809
3456.83093
3457.54022
3458.25769
3458.97216
3459.68466
3460.40023
3461.11522
3461.82995
3462.54184
3463.25735
3601.81583
3602.53196
3603.24416
3603.96077
3604.67229
3605.38584
3606.10375
3606.81559
3607.53126
3608.24417
3608.96058
3611.81700
3612.53061
3613.24248
3614.67358
3615.38695
3616.10153
3616.81643
3617.53196
3618.24421
3618.95800
3619.67274
3620.38760
3621.10063
3621.81591
3622.53027
3623.24426
