3684.24636
3684.76975
3685.29453
3685.81993
3686.34507
3686.86928
3687.39434
3690.54472
3691.06819
3691.59449
3693.16818
3693.69379
3694.21943
3694.74415
3695.26793
3695.79360
3698.41778
3698.94292
3699.46681
3699.99239
3700.51868
3701.04301
3702.09425
3702.61563
3703.14262
3703.66829
3704.19086
3704.71687
3705.76700
3706.81648
3707.34136
3708.39106
3708.91703
3709.44203
3709.96583
3712.06601
3712.59124
3713.11655
3713.64050
3714.16604
3715.21633
3716.26525
3716.79051
3717.31504
3717.84013
3718.36537
3718.89183
3719.41470
3720.46444
3721.51551
3722.03971
3722.56448
3723.08924
3726.23944
3726.76588
3727.29006
3727.81437
3728.86368
3729.38829
3729.91332
3730.43781
3730.96342
3731.48855
3732.01337
3732.53884
3733.06307
3733.58767
3734.11279
3734.63915
3735.16167
3735.68955
3736.21247
3736.73785
