3712.00317
3712.81872
3713.63464
3714.45213
3715.26666
3716.08277
3716.89815
3717.71369
3718.53000
3719.34652
3720.16297
3720.97926
3721.79446
3722.60933
3723.42533
3726.69267
3727.50581
3728.32097
3729.13596
3729.95511
3730.76844
3731.58361
3732.40021
3733.21606
3734.03162
3734.84887
3735.66276
3736.47944
3738.92756
3739.74355
3740.55928
3741.37566
3742.19082
3743.00627
3743.82605
3744.63855
3745.45481
3746.27084
3747.08699
3747.90166
3748.71812
3749.53316
3751.98191
3752.79624
3753.61465
3754.42921
3755.24504
3756.06131
3756.87618
3757.69273
3758.50831
3759.32432
3760.14061
3760.95655
3761.77304
3762.58783
