3325.79194
3326.85467
3328.44914
3328.97944
3330.57103
3331.10322
3333.22728
3333.75733
3334.81846
3335.88016
3336.41153
3336.94275
3338.00471
3340.12861
3340.65911
3341.19055
3342.78147
3343.31295
3343.84443
3344.90616
3345.43724
3345.96802
3346.49898
3350.21592
3350.74786
3352.33958
3352.87143
3654.44278
3655.50530
3656.03566
3656.56683
3657.09771
3658.15967
3658.69058
3659.22170
3659.75228
3660.28327
3661.34536
3661.87633
3662.40739
3662.93850
3663.46930
3663.99968
3665.06199
3665.59264
3666.12405
3666.65483
3667.18596
3669.30951
3669.84119
3670.37035
3670.90226
3671.43408
3671.96307
3673.55627
3674.08746
3674.61863
3675.14955
3675.68101
3676.21161
3676.74289
3677.27347
3677.80496
3678.33548
3679.39758
3679.92813
3680.45955
3680.99009
3681.52095
3682.05230
