3329.40315
3333.43595
3337.45979
3341.50757
3345.49284
3357.58442
3361.58516
3365.61886
3369.66564
3373.65517
3377.69797
3389.76034
3393.77919
3397.82146
3401.83898
3405.86184
3442.07234
3446.08032
3454.11091
3458.16960
3462.15701
3470.19130
3474.21735
3482.27874
3486.30476
3506.39189
3510.43730
3514.46768
3546.63830
3550.66452
3554.67985
3562.73327
3566.76028
3574.79925
3578.82890
3586.86511
3590.88446
3594.90505
3602.95183
3606.98319
3615.02143
3619.04064
3623.06354
3631.10226
3635.12425
3643.17414
3647.21704
3651.24756
3655.26673
3659.25921
3663.28473
3667.27632
3671.30858
3675.34785
3679.35442
