3569.77386
3571.18845
3571.89731
3572.60605
3573.31439
3574.02258
3574.73254
3575.44129
3576.14860
3576.85968
3577.56739
3578.27665
3578.97968
3579.69482
3580.40259
3581.11184
3583.23834
3583.94746
3584.65759
3585.36396
3586.07417
3586.78301
3587.49107
3588.20040
3588.90968
3589.61826
3590.32574
3591.03589
3591.74491
3592.45175
3593.16240
3593.87181
3594.58007
3595.28820
3600.94992
3601.66734
3602.37668
3603.08705
3603.79372
3604.50398
3605.21386
3605.92519
3606.63231
3607.34333
3608.04930
3608.75899
3611.59675
3612.30971
3613.00703
3613.71788
3615.13793
3615.84619
3616.55406
3617.26500
3617.96905
3618.68181
3619.38871
3620.09661
3620.81147
3621.51972
3622.22638
3622.93792
3623.64370
