3355.15236
3357.31761
3359.48105
3361.64264
3363.81100
3365.97022
3370.30092
3374.62814
3376.79026
3378.95430
3387.61123
3389.77480
3391.93795
3394.10370
3398.42944
3402.75807
3404.92369
3439.54404
3441.70929
3443.87192
3446.03475
3448.20042
3452.52718
3454.69048
3456.85447
3459.01842
3461.18143
3463.34729
3469.83731
3472.00212
3474.16405
3476.33006
3478.49664
3480.65865
3482.82081
3484.98680
3487.14984
3489.31295
3545.57330
3547.73736
3549.90136
3552.06498
3554.22892
3560.71980
3562.88384
3565.04809
3567.21236
3571.54089
3573.70354
3575.86942
3578.03179
3580.19510
3584.52319
3586.68799
3588.85264
3591.01610
3593.17955
3595.34356
3601.83448
3603.99822
3606.16311
3608.32792
3612.65437
3614.81811
3616.98183
3619.14514
3621.31025
3623.47386
3625.63834
3627.80345
3629.96638
3632.12257
3634.29205
3636.45735
3638.61962
3642.94950
3645.11143
3647.27589
3649.43978
3651.60369
3655.93240
3658.09581
3660.25993
3662.42278
3666.75230
3671.07973
3673.24328
3675.40498
3677.57100
3679.73488
3681.89948
