3492.42076
3493.87563
3495.33540
3496.79536
3498.25575
3499.71111
3501.16862
3502.62863
3505.55312
3507.00628
3508.46266
3509.92290
3511.38834
3512.84720
3514.30004
3515.75678
3544.94247
3546.40006
3547.85963
3549.31515
3550.78225
3552.23641
3553.69494
3555.15744
3558.07333
3559.53234
3560.98959
3562.44578
3563.91212
3565.37135
3566.83027
3568.28854
3571.20796
3572.66344
3574.13035
3575.58769
3577.04286
3578.50350
3579.95899
3581.41376
3584.32679
3585.80268
3587.25377
3588.71634
3590.17515
3591.63454
3593.09465
3594.54652
