3354.54343
3355.53291
3356.52812
3358.51892
3359.51199
3360.49767
3362.49585
3363.49680
3364.48830
3365.47259
3366.47051
3369.45663
3370.44449
3371.44304
3373.42466
3374.41578
3375.41644
3376.40875
3377.40450
3379.39386
3386.35262
3387.35033
3390.34864
3393.31325
3397.28419
3398.28470
3399.26083
3401.25696
3402.25623
3403.26636
3404.24518
3405.24917
3439.04412
3440.04023
3441.03726
3442.02557
3443.01938
3445.00870
3446.00200
3446.99841
3447.98362
3448.98310
3451.96636
3452.95589
3453.95067
3454.95062
3455.93997
3456.93332
3457.94003
3458.92700
3459.93523
3460.90784
3461.90089
3462.91395
3468.84952
3469.86137
3470.86699
3471.84758
3472.85098
3473.82998
3475.82639
3478.79572
3479.81753
3480.80633
3481.80967
3482.81073
3483.77830
3484.76569
3485.75442
3486.76534
3487.75150
3488.74366
3489.74904
3492.71756
3493.72531
3494.70935
3495.70419
3496.69481
3497.71415
3498.70711
3499.70010
3500.67457
3501.68550
3502.66582
3505.64981
3506.65255
3507.63364
3508.64570
3509.63154
3510.60737
3511.63730
3512.60687
3513.60598
3514.59786
3544.41595
3545.41333
3546.41002
3547.40440
3548.39265
3549.39367
3550.37866
3551.37711
3552.36988
3553.36508
3554.36218
3558.33811
3559.33138
3560.32904
3561.32128
3562.32079
3563.30844
3564.30238
3565.29993
3566.28785
3567.28783
3568.27364
3571.26505
3572.25877
3573.24595
3574.24110
3575.24141
3576.23104
3577.22652
3578.21315
3579.21319
3580.21456
3581.20446
3584.18347
3585.17994
3586.17062
3587.16582
3588.16289
3589.15538
3590.14649
3591.14603
3592.13922
3593.12978
3594.12702
3595.11820
3602.07379
3603.07596
3604.07038
3605.06387
3606.05332
3607.04662
3608.04479
3609.03611
3613.01667
3614.00852
3615.00227
3616.01090
3616.98768
3617.98200
3618.97687
3619.97156
3620.97083
3621.95563
3622.96084
3626.92145
3627.92427
3635.88151
3636.88138
3640.85118
3642.83721
3643.83279
3644.81758
3647.81545
3648.81149
3649.80913
3651.79966
