3325.77009
3328.62744
3331.49985
3332.92417
3334.35294
3335.78615
3337.22010
3340.08072
3341.51538
3342.94606
3345.80784
3347.24268
3350.10378
3351.53433
3352.96618
3354.39754
3355.82816
3357.26043
3360.12311
3362.98178
3364.41850
3365.84806
3370.14620
3371.57543
3373.00647
3374.43868
3375.86745
3377.29993
3378.73313
3380.16745
3387.32324
3388.75347
3390.18722
3391.61475
3393.04634
3394.47634
3397.34317
3398.77547
3400.20562
3401.63628
3403.06915
3404.49746
3405.92986
3438.85517
3440.28529
3441.71848
3443.15083
3444.57875
3446.01183
3447.43996
3448.87470
3453.16841
3454.60647
3456.03486
3457.46305
3458.89625
3460.32588
3461.75622
3463.18822
3468.91323
3470.34530
3471.77459
3473.20900
3474.64223
3476.07866
3478.93496
3480.36991
3481.79911
3483.22899
3484.65819
3486.09188
3487.52804
3488.95875
3493.25146
3494.68074
3496.11397
3497.54226
3498.97704
3500.40729
3501.83897
3506.13293
3507.56225
3508.99341
3510.42640
3511.85835
3513.29125
3514.72267
3571.98136
3573.41063
3574.84438
3576.27343
3577.70586
3579.13900
3580.56924
3584.87073
3586.29705
3587.72738
3589.16012
3590.58924
3592.01998
3593.45547
3594.88489
3600.61387
3602.04163
3603.48042
3604.90317
3606.33797
3607.77021
3609.19953
3613.49387
3614.92528
3616.35626
3617.78454
3619.22159
3620.64823
3622.08077
3623.51528
3626.38014
3627.80776
3629.23831
3630.67157
3632.09697
3633.52984
3634.96818
3636.40114
3637.82823
3640.68127
3642.12141
3643.55496
3644.98316
3646.41612
3647.84721
3649.28072
3650.71015
3652.14404
3655.00782
3656.43518
3657.86366
3659.30219
3662.16246
3663.59528
3665.02539
3666.45582
3669.32110
3670.74972
3673.61461
3675.04480
3676.47653
3677.90968
3679.34278
3680.77149
