3326.45193
3327.72234
3329.01109
3331.56481
3334.12937
3335.41131
3336.68971
3337.96801
3340.52722
3341.80901
3343.08733
3344.36993
3345.64927
3346.92543
3350.76564
3352.04245
3354.59120
3355.88329
3357.16178
3358.44165
3359.72493
3361.00488
3362.28329
3363.56083
3364.84208
3366.12442
3371.23855
3372.51060
3373.79737
3375.08321
3376.35324
3377.63863
3378.92218
3380.19168
3386.59506
3387.87422
3389.15556
3390.43627
3391.71324
3392.99387
3394.27341
3398.10939
3399.39069
3401.95714
3403.22710
3404.50621
3405.79151
3439.06359
3440.34316
3441.60987
3442.89603
3444.17774
3445.45724
3446.73297
3448.01411
3449.29244
3451.84929
3453.13631
3454.41295
3455.69143
3456.97223
3458.25456
3459.53056
3460.81123
3462.09397
3463.36935
3468.48784
3469.77021
3471.04820
3472.32619
3473.60197
3474.89033
3476.16845
3478.72154
3480.00332
3481.29904
3482.56373
3483.84338
3485.11969
3486.41841
3487.68566
3488.96255
3545.26836
3546.55007
3547.82518
3549.10552
3550.38331
3551.66623
3552.94336
3554.22342
3558.06384
3559.34137
3560.62191
3561.90101
3563.18104
3564.46556
3565.74173
3567.02025
3570.86340
3572.13976
3573.41843
3574.69758
3575.97982
3577.25754
3578.53572
3579.81621
3581.09566
3583.65612
3584.93693
3586.21451
3587.49383
3588.77397
3590.05288
3591.33303
3592.61230
3593.89130
3595.17233
3601.57091
3602.84888
3604.12829
3605.40704
3606.68687
3607.96634
3609.24777
3611.80476
3613.09490
3614.36508
3615.64646
3616.92804
3618.21148
3619.48286
3620.76388
3622.04318
3623.32331
3625.88152
3627.16432
3629.72505
3631.00593
3632.26756
3633.55815
3634.84041
3636.12043
3637.40249
3638.68204
3641.23934
3642.52539
3643.79469
3645.07463
3646.35522
3647.63446
3648.92357
3650.19374
3651.47412
3656.59187
3659.15060
3660.43217
3661.71041
3662.98998
3664.26739
3665.54943
3666.82942
3669.38606
3670.67201
3671.94853
3673.22840
3674.50620
3675.78855
3677.06478
3678.34535
3679.62784
3680.90358
