3683.79535
3685.04603
3686.29736
3687.54773
3688.79874
3690.05059
3691.29947
3692.55019
3693.80406
3695.05666
3698.80689
3700.05883
3701.31186
3702.56424
3703.81364
3705.06283
3706.31373
3707.56709
3708.81750
3712.57108
3713.82222
3715.07211
3716.32445
3717.57354
3718.82589
3720.07594
3721.32810
3722.57800
3726.33252
3727.58407
3728.83581
3730.08694
3731.33748
3732.58876
3733.83933
3735.09025
3736.34221
3740.09530
3741.34693
3742.59807
3743.84935
3745.09991
3746.35073
3747.60161
3748.85276
3752.60716
3753.85830
3755.11073
3756.35888
3757.60927
3758.86258
3760.11545
3761.36467
3762.61501
3817.66818
3818.91891
3820.16806
3822.67418
3823.92652
3825.17293
3826.42322
3830.18256
3831.43286
3832.68122
3833.93307
3835.18247
3836.43685
3837.68769
3838.93672
3840.18641
