3325.87215
3330.77395
3333.00940
3337.02178
3340.14582
3343.25997
3343.70531
3344.14748
3345.04245
3345.48221
3346.37269
3349.94230
3350.83130
3354.40113
3354.84308
3357.07012
3358.40455
3359.74782
3360.19191
3360.63745
3361.97780
3362.42056
3363.31343
3364.65374
3365.09861
3365.54272
3369.55358
3370.44091
3370.88817
3371.33986
3371.78414
3372.67184
3374.45990
3375.34948
3376.68443
3377.57390
3378.91308
3438.18701
3439.08315
3439.52546
3440.86206
3441.31228
3441.75199
3443.09083
3444.42596
3444.87549
3445.32028
3445.76792
3446.20986
3446.66474
3447.10617
3447.54917
3448.88843
3449.77634
3452.00412
3452.45246
3452.89719
3453.34823
3455.12559
3455.57037
3456.46408
3457.35451
3457.79954
3458.24162
3458.69220
3459.13930
3460.02686
3460.47380
3460.92095
3462.25925
3462.70113
3463.14797
3493.01407
3493.45458
3495.23653
3496.12815
3496.57716
3498.35686
3498.80397
3499.69405
3500.14519
3500.58268
3501.92537
3502.36624
3505.93625
3506.37757
3506.82414
3507.71867
3509.05539
3509.50217
3510.83632
3511.73032
3512.17386
3512.62361
3513.06965
3513.96352
3514.40518
3514.84754
3515.74640
3545.15686
3545.59878
3546.04515
3546.49550
3547.38450
3547.83241
3550.50436
3550.95187
3551.39624
3551.84363
3552.28763
3552.73400
3553.17851
3554.06718
3554.96073
3560.75373
3561.20251
3561.64591
3562.09448
3563.87903
3564.32151
3565.21003
3566.11060
3566.55061
3567.44140
3567.88427
3571.44846
3571.89950
3573.68160
3574.12531
3574.57479
3575.90787
3576.35322
3576.79715
3577.69388
3578.13473
3578.58316
3579.02540
3579.48040
3580.36740
3581.25563
3585.71574
3587.05106
3587.49598
3587.94353
3588.39349
3589.27850
3590.62149
3591.50544
3593.28926
3593.73449
3594.62569
3595.07726
3601.75971
3602.20287
3602.65151
3603.98686
3604.43511
3604.88008
3605.32336
3606.66486
3607.55831
3608.44499
3608.88172
3609.33750
3612.45519
3613.79430
3615.12810
3616.46603
3617.35754
3617.80698
3618.25053
3618.69234
3619.14203
3619.58630
3620.03517
3620.92347
3621.81287
3622.26191
3622.70789
3623.14931
3623.59621
3626.27220
3627.60668
3629.39351
3629.83897
3632.51229
3633.40539
3633.84706
3634.73733
3636.07802
3636.52254
3637.41115
3642.32338
3642.76400
3643.65637
3644.10190
3644.99000
3645.88153
3648.11794
3648.55505
3649.00225
3649.89709
3650.33992
3650.78268
3651.22925
3651.67918
