3325.92931
3326.48612
3328.17307
3329.86474
3330.98450
3333.22149
3333.78194
3336.02475
3337.15679
3339.95594
3340.52083
3341.07896
3343.32032
3343.88603
3345.00749
3345.57198
3346.12850
3350.05324
3350.62060
3351.17974
3352.30398
3352.86740
3387.09155
3388.20531
3391.56243
3394.38609
3397.18623
3397.74401
3398.87483
3401.12034
3401.67955
3403.35987
3405.04076
3493.18757
3496.52025
3498.19650
3499.32714
3499.88185
3501.00190
3501.56364
3502.12474
3502.69888
3506.06061
3506.61179
3507.17834
3507.73743
3508.29661
3508.86158
3509.43086
3510.54937
3511.66538
3512.22242
3512.79324
3513.34565
3513.91182
3514.46762
3515.02926
3547.01336
3547.59021
3550.94120
3551.51393
3559.36501
3566.70859
3576.18264
3577.88273
3584.59634
3594.16279
3607.61532
3613.23896
3617.72708
3618.85670
3619.40638
3654.19775
3654.75907
3655.87558
3656.44628
3656.99930
3658.12237
3658.68469
3659.24324
3659.80925
3660.36158
3661.49094
3662.05018
3662.61115
3663.17087
3663.73527
3664.29358
3665.97424
3666.53631
3667.09697
3669.34375
3669.90076
3670.46747
3671.02784
3671.59026
3673.27289
3673.83579
3674.39147
3674.95742
3676.07697
3676.64162
3677.20144
3677.75990
3678.32265
3678.88048
3679.44736
3680.00717
3680.56278
3681.13979
3681.68808
