3326.03804
3327.85975
3329.68628
3333.34505
3335.16620
3336.99681
3340.64860
3342.47628
3344.30047
3346.12871
3349.78265
3351.61518
3355.26690
3357.08999
3358.91570
3360.74157
3362.56671
3364.39657
3366.22017
3371.70351
3373.52433
3375.35298
3377.18082
3379.00598
3386.31527
3388.14055
3393.62096
3397.27862
3399.09890
3400.92737
3402.75471
3404.57888
3439.28500
3441.11360
3442.93938
3444.76528
3446.59103
3448.41901
3452.07192
3453.89669
3455.72368
3457.55178
3459.37813
3461.20590
3463.03028
3468.51140
3470.33759
3472.16567
3473.98983
3475.81579
3479.46751
3481.29529
3483.12281
3484.94922
3486.77402
3488.60391
3492.25550
3494.08210
3495.90892
3497.73674
3499.56234
3501.38982
3506.86776
3508.69723
3510.52094
3512.34703
3514.17358
3545.22660
3547.05248
3548.88010
3550.70865
3552.53429
3554.35781
3558.01298
3559.84041
3561.66662
3563.49325
3565.32090
3567.14809
3572.62699
3574.45314
3576.28002
3578.10736
3579.93189
3583.58242
3585.41243
3587.23741
3589.06494
3590.89167
3592.71934
3594.54339
3601.84841
3603.67467
3605.50446
3607.33125
3609.15768
3612.81167
3614.63302
3616.46350
3618.29215
3620.11874
3621.94485
3625.59982
3627.42346
3629.25217
3631.07674
3632.90397
3634.72784
3636.55497
3638.38319
3642.03429
3643.86078
3645.68620
3647.51583
3649.34188
3651.16837
3654.82388
3656.65067
3658.47949
3660.30336
3662.12914
3663.95664
3665.78251
3669.43578
3671.26138
3673.08781
3674.91369
3676.74045
3678.56960
3680.39503
