3354.83047
3356.92880
3358.33577
3359.02450
3359.71940
3361.82436
3363.23060
3368.82257
3369.52385
3370.22454
3371.62696
3376.51830
3379.32393
3380.01802
3386.31203
3387.01427
3388.41358
3393.31811
3397.50412
3398.20467
3399.60838
3400.30437
3401.00655
3403.10203
3405.20102
3438.78641
3439.48405
3440.18043
3440.88340
3442.27885
3442.98491
3443.68792
3444.37767
3445.08147
3445.78612
3446.47671
3447.88074
3449.27628
3454.87260
3456.26878
3457.67331
3459.07147
3460.46996
3461.86850
3462.56975
3463.27905
3492.65271
3494.04967
3495.45236
3496.15075
3497.54851
3498.24739
3498.95001
3499.64840
3500.34702
3501.04599
3501.74968
3502.44633
3505.94243
3506.64793
3507.34582
3508.04657
3509.44570
3510.84336
3511.54373
3512.94172
3513.64302
3514.34151
3515.74183
3625.58087
3626.28295
3626.98588
3629.77415
3630.49239
3631.18345
3632.57921
3633.28064
3633.98143
3634.68112
3636.77858
3641.67353
3642.37291
3643.07783
3643.77652
3645.17398
3645.88058
3646.57629
3647.27692
3647.97216
3648.67149
3651.47460
3652.17177
3654.97917
3655.66695
3657.07272
3658.47290
3659.16356
3659.87412
3660.56654
3661.96478
3665.46565
3666.16528
3666.86344
3670.36718
3671.05876
3671.76206
3673.86385
3674.56284
3675.26124
3675.96166
3677.35582
3678.06592
3678.75731
3679.45504
3680.16074
3680.86023
