3325.60500
3328.99788
3335.73277
3342.46831
3345.81141
3352.54590
3355.93879
3359.28194
3362.67230
3366.03508
3369.41164
3372.75112
3376.14828
3379.48695
3386.21995
3389.61159
3392.95535
3399.68857
3403.08053
3440.09803
3443.49032
3446.83307
3453.56827
3456.95919
3460.30249
3463.69243
3470.42764
3473.77037
3480.50896
3483.89634
3487.23961
3493.97754
3497.36745
3500.70881
3507.44615
3510.83742
3514.18109
3544.51132
3547.85435
3551.24718
3554.58850
3557.98044
3561.32453
3564.71582
3568.06162
3571.45073
3574.79278
3578.18820
3584.92150
3588.26318
3591.65522
3594.99780
3601.73315
3605.12393
3608.46748
3611.85496
3615.20323
3618.59312
3621.93763
3625.32878
3628.67278
3632.06587
3635.40828
3642.14303
3645.53323
3648.87861
3652.26898
3655.61200
3659.00433
3662.34669
3665.73866
3669.08421
3672.48026
3675.81743
3679.20607
