3327.97430
3328.64767
3330.64307
3331.30365
3333.30428
3334.63029
3335.96812
3336.62775
3337.29804
3337.96403
3339.96132
3340.62207
3341.29651
3341.96247
3342.62581
3343.29128
3343.96698
3345.28675
3345.95497
3346.63049
3349.95278
3350.61545
3351.95223
3352.61628
3438.50644
3439.17088
3439.83564
3440.49836
3441.16335
3441.82759
3442.49493
3443.16397
3443.82960
3444.49520
3445.16305
3445.83146
3446.49792
3447.15699
3447.82431
3448.49230
3449.16105
3449.82575
3452.49356
3453.15674
3453.82434
3454.48134
3455.14710
3455.81475
3456.47807
3457.14456
3457.80818
3458.47895
3459.14151
3459.81511
3460.47770
3461.14058
3461.80638
3462.47111
3463.13727
3469.13506
3469.79750
3470.46608
3471.13125
3471.79065
3472.46378
3473.12758
3473.78924
3474.45740
3475.11991
3475.78881
3476.45610
3479.11568
3479.78587
3480.44637
3481.11825
3481.78234
3482.44889
3483.11033
3483.77687
3484.43732
3485.11234
3485.77531
3486.44380
3487.10810
3487.77436
3488.44257
3489.10716
3489.77140
3492.43526
3493.10609
3493.76574
3494.43134
3495.09737
3495.76036
3496.42798
3497.09325
3497.76618
3498.43240
3499.09058
3499.75902
3500.42232
3501.08355
3501.76047
3502.42968
3505.08159
3505.74932
3506.41419
3507.08179
3507.74563
3508.41389
3509.07993
3509.74076
3510.40845
3511.07694
3511.74833
3512.41683
3513.07651
3513.73983
3514.40834
3515.07004
3515.73567
3600.95601
3601.63385
3602.29520
3602.96044
3604.29509
3604.95974
3605.62051
3606.28491
3606.95152
3607.61639
3608.28336
3608.95181
3611.61996
3612.27776
3612.94263
3613.60667
3614.27711
3614.94939
3615.61232
3616.28021
3616.94279
3617.60947
3618.27408
3618.94116
3619.60855
3620.26902
3620.93544
3621.60371
3622.26729
3622.93948
3623.60675
