3326.39083
3329.00647
3331.59683
3332.91938
3334.22453
3335.52992
3336.83880
3338.13969
3340.75374
3342.05707
3343.36230
3345.97385
3347.28226
3349.88946
3351.19559
3352.50479
3355.11495
3356.41855
3357.72227
3359.02771
3364.25060
3365.55620
3369.47201
3370.77692
3372.08234
3374.69340
3377.30476
3379.91482
3381.22072
3386.43210
3389.05364
3390.35954
3391.66401
3392.96969
3394.27704
3398.18994
3399.49696
3400.80326
3402.11146
3403.41341
3404.71755
3438.66054
3439.96664
3441.27093
3442.57606
3443.88217
3445.18832
3446.49385
3447.79781
3449.10328
3453.02094
3454.32532
3455.63539
3456.93676
3458.24219
3459.54948
3460.85275
3462.15820
3463.46582
3468.69823
3469.99107
3471.29864
3472.60215
3473.90738
3475.21521
3476.51812
3479.13110
3480.43422
3481.74089
3483.04852
3484.35086
3485.65626
3486.96293
3488.26718
3489.57241
3544.39312
3545.70771
3547.01288
3548.32093
3549.62345
3550.92966
3552.23582
3553.54029
3554.84526
3557.45554
3560.06892
3561.37294
3562.67752
3563.98651
3565.28869
3566.59422
3567.90256
3571.81635
3573.12107
3574.42708
3575.72989
3577.03782
3578.34248
3579.64935
3580.95717
3583.56607
3584.87117
3586.17637
3587.48232
3588.78804
3590.09268
3591.39926
3592.70354
3594.00872
3595.31616
3601.84129
3604.45287
3605.75743
3607.06443
3608.36836
3612.28514
3613.59087
3614.89749
3616.20257
3617.51108
3618.81304
3620.11780
3621.42344
3622.72845
3625.34138
3626.64631
3627.95048
3629.25987
3630.56245
3631.84959
3633.17501
3634.48254
3635.78473
3637.09197
3640.99971
3642.31169
3643.61547
3644.92512
3646.22697
3647.53197
3648.83948
3650.14414
3651.44710
3655.36886
3656.67233
3657.98441
3659.28072
3660.58622
3661.89206
3663.19869
3665.81214
3667.11428
3669.72450
3671.03040
3672.33589
3673.64064
3674.94653
3676.25404
3677.55815
3678.86183
3680.16988
3681.47343
