3325.51540
3326.26241
3327.01597
3328.50255
3330.74622
3332.98771
3333.73034
3334.48484
3335.22771
3335.97636
3336.72331
3338.21887
3340.45825
3341.20171
3341.95149
3342.69774
3343.44613
3344.19484
3344.94196
3345.68428
3346.43046
3347.17595
3350.16821
3350.91607
3352.40754
3354.64954
3355.39641
3356.89089
3357.63684
3358.38497
3359.13679
3359.87799
3360.62774
3361.37618
3362.11930
3362.87283
3364.35989
3365.10983
3365.85339
3366.60082
3369.59149
3370.33516
3371.83308
3372.57753
3374.07416
3374.81871
3375.56436
3376.31349
3377.06152
3379.30035
3380.04738
3380.79702
