3625.55873
3626.23495
3626.96159
3627.61268
3629.69137
3630.37405
3631.08061
3632.44899
3633.15050
3633.82784
3634.53514
3635.24549
3635.90661
3636.56782
3637.28610
3638.67081
3640.74676
3641.41577
3642.10416
3643.50073
3644.85761
3645.56154
3646.93768
3647.62880
3648.31071
3648.98425
3649.68546
3650.35768
3651.06600
3651.77554
3652.47243
3654.53074
3655.19601
3655.90528
3656.59725
3657.27824
3658.66886
3659.36006
3660.06074
3661.42188
3662.09700
3662.82056
3663.48434
3664.90194
3665.57907
3666.24464
3666.91892
3670.36493
3671.07052
3671.75595
3673.14285
3674.52085
3675.22076
3675.88442
3676.61792
3677.27843
3677.99490
3678.65146
3679.35610
3680.03664
3680.75414
3681.41443
