3438.31090
3439.45271
3440.59352
3441.74041
3442.88328
3445.16916
3446.31201
3447.45524
3448.59786
3449.74233
3452.02860
3453.17319
3454.31486
3455.45858
3456.60266
3457.74462
3458.88763
3460.03097
3461.17552
3462.31783
3463.46179
3469.18058
3470.32073
3471.45675
3472.60705
3473.75390
3474.89366
3476.03492
3479.46900
3480.60809
3481.75476
3482.89303
3484.03792
3485.18591
3486.32882
3487.46806
3488.61044
3489.75643
3492.04094
3493.18619
3494.33058
3495.47195
3496.61670
3497.75936
3498.90451
3500.05088
3501.19153
3502.33308
3505.76426
3506.91102
3508.04840
3509.19095
3510.33648
3511.47759
3512.61965
3513.76491
3514.90593
3601.80121
3602.94137
3604.08465
3605.22718
3606.37438
3607.51587
3608.65840
3612.08476
3613.23585
3614.37016
3615.51889
3616.66025
3617.80844
3618.94577
3620.09118
3621.23409
3622.38006
3623.52326
