3354.48508
3355.27657
3356.85407
3358.43393
3359.22341
3360.01378
3360.80311
3362.38132
3363.17057
3363.96093
3364.75171
3365.54224
3366.32812
3369.48896
3370.27677
3371.07049
3371.85684
3372.64711
3374.22467
3375.01373
3375.80088
3376.59474
3377.38443
3378.96336
3438.97192
3439.76374
3440.54942
3441.34211
3442.13334
3442.92304
3443.71290
3444.49984
3445.28709
3446.08105
3446.86876
3447.65658
3448.44540
3449.23656
3452.39248
3453.18701
3453.97435
3454.76290
3455.55807
3456.34307
3457.13496
3457.92545
3458.71434
3459.50662
3460.28845
3461.08167
3461.87100
3462.66351
3463.44972
3492.67275
3493.45523
3494.24804
3495.03500
3495.82571
3496.61338
3497.40464
3498.19426
3498.98502
3499.77254
3500.56511
3501.35473
3502.13836
3505.30094
3506.08812
3506.88362
3507.66991
3508.45870
3509.25131
3510.04520
3510.82712
3511.61638
3512.40426
3513.19599
3513.98549
3514.77611
3515.56804
3544.78194
3545.56825
3546.35958
3547.15005
3547.94001
3548.72955
3549.52083
3550.30680
3551.10048
3551.88841
3552.67903
3553.46590
3554.25695
3555.04626
3557.41646
3558.20655
3559.78232
3560.57023
3561.36405
3562.15392
3562.94107
3563.73180
3564.52049
3565.30988
3566.10012
3566.89025
3567.67916
