3386.92835
3388.72088
3389.63039
3390.52111
3391.43713
3393.23130
3394.13651
3396.83200
3397.74788
3399.54988
3400.44795
3401.36363
3402.26334
3403.16338
3404.04770
3404.95841
3405.86350
3438.35266
3439.25461
3440.15532
3441.05967
3441.96074
3442.86232
3443.76296
3444.66770
3445.56922
3446.46938
3447.37424
3448.27582
3449.17644
3451.88388
3452.78594
3453.68878
3454.59121
3455.49205
3456.39750
3457.29699
3458.19910
3459.10194
3460.00163
3460.90361
3461.80835
3462.70998
3463.61016
3469.02352
3469.92317
3470.82833
3472.63054
3473.53796
3474.43238
3475.33968
3476.23887
3478.93812
3479.85360
3480.76236
3481.65823
3482.55556
3483.46714
3484.36026
3485.26548
3486.16402
3487.06592
3487.96892
3488.87086
3489.77618
3492.48389
3493.38544
3494.28918
3495.19370
3496.09755
3496.99579
3497.89288
3498.80499
3499.70073
3500.59061
3501.51183
3502.40867
3506.01386
3506.92049
3507.81930
3508.72616
3509.62243
3510.52768
3511.42588
3512.33694
3513.24494
3514.14291
3515.04537
3570.97351
3571.87695
3572.79096
3573.68355
3574.58218
3575.49264
3576.40665
3577.29371
3578.20053
3580.00712
3580.92033
3583.60414
3585.40223
3586.31627
3588.12616
3590.83269
3591.73109
3593.54075
3594.44905
3595.34315
3626.01549
3626.91943
3627.81915
3630.52939
3632.33369
3633.23442
3634.14275
3635.03987
3635.94165
3636.84907
3638.65195
3641.35164
3642.26127
3643.16408
3644.05875
3644.96203
3645.86975
3646.76389
3647.67026
3648.58058
3649.47735
3650.37675
3651.28502
3652.18638
3654.88749
3655.78802
3656.70045
3658.50440
3659.39890
3660.30653
3661.19881
3662.10528
3663.01410
3663.91629
3664.81476
3665.71744
3666.61920
3669.33301
3670.22783
3671.12945
3672.94049
3673.83694
3674.73904
3675.64255
3676.54982
3677.44230
3678.34645
3679.25775
3680.15896
3681.05720
3681.96442
