3684.00058
3685.07315
3686.14487
3687.21844
3688.28814
3689.36304
3690.43421
3691.50748
3692.58037
3693.65191
3694.72319
3695.79818
3697.94341
3699.01556
3700.08847
3701.15965
3702.23597
3703.30619
3704.37812
3705.45079
3706.52430
3707.59475
3708.66721
3709.73999
3711.88266
3712.95683
3714.03065
3715.10346
3716.17880
3717.24849
3718.32140
3719.39354
3720.46873
3721.54214
3722.61186
3725.83128
3726.89996
3727.97515
3729.04456
3730.11910
3731.19230
3732.26278
3733.33651
3734.41033
3735.48139
3736.55380
3739.77190
3740.84502
3741.91761
3742.98890
3744.06122
3745.13682
3746.20764
3747.28101
3748.35446
3749.42490
3752.64231
3753.71572
3754.78804
3755.86172
3756.93369
3758.00612
3759.07885
3760.15141
3761.22409
3762.29617
3816.99750
3818.06704
3819.14015
3820.21382
3821.28660
3822.35921
3823.43063
3824.50383
3825.57602
3826.65021
3829.86828
3830.93957
3832.01205
3833.08203
3834.15824
3835.22916
3836.30011
3837.37321
3838.44526
3839.52123
