3326.35225
3327.54059
3328.73459
3331.11088
3333.48768
3334.68029
3335.86687
3337.05468
3340.62432
3341.81310
3343.00028
3344.19246
3345.37950
3346.56841
3350.13666
3351.32710
3352.51520
3354.89255
3356.08259
3357.27080
3358.46027
3359.64922
3360.83773
3362.02695
3363.21580
3364.40482
3365.59458
3366.78366
3369.16497
3370.34933
3371.54026
3372.72787
3373.91784
3375.10688
3376.29538
3377.48582
3379.86342
3381.05627
3386.99906
3388.18777
3389.37598
3390.56910
3391.75631
3392.94378
3394.13292
3397.69896
3398.88780
3400.07722
3401.26718
3402.45522
3403.64877
3404.83398
3439.31886
3440.50771
3441.69654
3442.88445
3444.07398
3445.26453
3446.45169
3447.64148
3448.83094
3452.39776
3453.58698
3454.77578
3455.96517
3457.15890
3458.34316
3459.53406
3460.72163
3461.91039
3463.10002
3469.04592
3470.23527
3471.42425
3472.61162
3473.80244
3474.99119
3476.17880
3479.74714
3480.93739
3482.12658
3483.31393
3484.49949
3485.69026
3486.87806
3488.07295
3489.25453
3492.82645
3494.01743
3495.20867
3496.39461
3497.58219
3498.77227
3499.95919
3501.14941
3502.33824
3505.90943
3507.10049
3508.28234
3509.47368
3510.66444
3511.85339
3513.04050
3514.23335
3515.42602
3545.14954
3546.33709
3547.52518
3548.71561
3549.90269
3551.09345
3552.28240
3553.47055
3554.65966
3558.22761
3559.41757
3560.60558
3561.79514
3562.98528
3564.17296
3565.36223
3566.55138
3567.73969
3571.30606
3572.49701
3573.68576
3574.87423
3576.06397
3577.25321
3578.44201
3579.63218
3580.82119
3583.20002
3584.38633
3585.57788
3586.76556
3587.95508
3589.14465
3590.33423
3591.52285
3592.71202
3593.89980
3595.08898
3601.03431
3602.22334
3603.40927
3604.60077
3605.79130
3606.97918
3608.17031
3609.35486
3611.73649
3612.92420
3614.12185
3615.30409
3616.49213
3617.68124
3618.87051
3620.05964
3621.24939
3622.43845
3623.62690
3626.00646
3627.19467
3629.57387
3630.76366
3631.95143
3633.14005
3634.32799
3635.51837
3636.70809
3637.89741
3641.46301
3642.65279
3643.84213
3645.02981
3646.21876
3647.40955
3648.59767
3649.78672
3650.97687
3652.16449
3654.54576
3655.73217
3656.92247
3658.11102
3659.30243
3660.48906
3661.67873
3662.86767
3664.05863
3665.24914
3666.43462
3670.00240
3671.19091
3672.38083
3673.56929
3674.75775
3675.94676
3677.13556
3678.32560
3679.51739
3680.70391
3681.89185
