3684.18074
3685.06520
3685.95051
3686.83558
3687.72060
3688.60755
3689.49117
3690.37588
3691.26101
3692.14841
3693.03254
3693.91678
3694.80291
3695.68784
3698.34303
3699.22796
3700.11262
3700.99802
3701.88389
3702.76876
3703.65331
3704.53919
3705.42379
3707.19338
3708.07902
3708.96429
3709.84856
3711.62095
3712.50473
3713.38952
3714.27507
3715.16000
3716.04504
3716.92994
3717.81538
3718.70062
3719.58666
3720.47029
3721.35553
3722.24196
3723.12634
3726.66638
3727.55187
3728.43677
3729.32232
3730.20650
3731.09202
3731.97863
3732.86268
3734.63264
3735.51955
3736.40321
