3356.04562
3360.07043
3362.08668
3364.11749
3366.12435
3370.14211
3372.15059
3374.16702
3378.17709
3380.19574
3386.23192
3388.23854
3394.26568
3398.31287
3400.31625
3402.32205
3404.33578
3438.54196
3440.54985
3442.56566
3444.56932
3446.58734
3448.60708
3452.63578
3454.64751
3456.65248
3458.65670
3460.66979
3462.68811
3468.72241
3470.73368
3472.73767
3474.75785
3476.76131
3478.77542
3480.79607
3482.80170
3484.81640
3486.82508
3488.83708
3492.86138
3494.88021
3496.90086
3498.89961
3500.90330
3506.95760
3508.96005
3510.97688
3512.98362
3514.99390
3545.17054
3547.17972
3549.19358
3551.21008
3553.23375
3555.23319
3557.23867
3559.25662
3561.27133
3563.27970
3565.29573
3567.30564
3601.50580
3605.52941
3607.54423
3611.56317
3613.57465
3615.58958
3617.59627
3619.60942
3621.61697
3623.63019
3625.65117
3627.66412
3629.65183
3631.67736
3633.69263
3635.68760
3641.73143
3643.75841
3645.76118
3647.77677
3649.77325
3651.80920
3655.82479
3659.84290
3661.85849
3663.87770
3665.88733
3669.90516
3671.92164
3673.92399
3675.94145
3677.95788
3679.96269
3681.98186
