3355.28278
3357.62456
3359.97088
3362.31541
3364.65993
3369.35068
3371.69476
3374.03868
3376.38365
3378.72741
3381.06266
3388.10456
3390.44941
3392.79490
3397.48870
3399.82642
3402.18440
3404.52650
3439.68758
3442.03304
3444.37658
3446.72212
3449.06599
3453.75516
3456.10012
3458.44453
3460.78914
3463.13407
3470.16723
3472.51377
3474.85688
3479.54683
3481.89157
3484.23534
3486.57956
3488.92630
3493.61588
3495.95678
3498.30187
3500.64941
3505.33719
3507.68256
3510.02607
3512.37146
3514.71533
3545.19441
3547.53941
3549.88476
3552.22920
3554.57370
3559.26370
3561.60767
3563.95203
3566.29682
3570.98778
3573.33065
3575.67715
3578.02024
3580.36574
3585.05470
3587.39814
3589.74397
3592.08929
3594.43315
3627.25696
3629.60083
3631.94767
3634.29489
3636.63551
3641.32616
3643.66913
3646.01509
3648.35897
3650.70382
3655.39170
3657.72971
3660.08223
3662.42642
3664.77047
3667.11606
3669.46095
3671.80567
3674.14943
3676.49442
3678.83762
3681.18397
