3328.12886
3330.56479
3333.00326
3340.31712
3350.06419
3350.88279
3360.62444
3361.43959
3362.25346
3372.81651
3374.43892
3375.25761
3376.87616
3377.69328
3387.44138
3393.13015
3397.19209
3399.62969
3400.43963
3402.87985
3405.31552
3438.63281
3439.44460
3440.25853
3441.88254
3442.69631
3443.50775
3444.31999
3445.13101
3445.94424
3446.75691
3447.57041
3448.38087
3449.19448
3452.44577
3453.25721
3454.07025
3454.88231
3455.69341
3456.50691
3457.31864
3458.13278
3458.94610
3459.75793
3461.38229
3462.19400
3463.00832
3492.25423
3493.06963
3493.88612
3494.69746
3496.32034
3497.13655
3498.37702
3498.75816
3499.57286
3500.38167
3500.81166
3501.19414
3501.61710
3502.00632
3505.26015
3506.48693
3506.88516
3507.69326
3508.50684
3509.31902
3510.13642
3511.76046
3512.18351
3512.56727
3513.38244
3515.00755
3515.82298
3545.07195
3545.88489
3546.69771
3547.50965
3547.93745
3548.32201
3549.13395
3549.95070
3550.37184
3550.75946
3551.57453
3552.38412
3553.19625
3554.01058
3554.82122
3555.24147
3558.07346
3559.70010
3560.12783
3560.51046
3560.93418
3561.32247
3562.13586
3562.94820
3563.75992
3564.57302
3565.38763
3565.80291
3566.63017
3567.01087
3567.82341
3571.07245
3571.88441
3573.51111
3574.32384
3575.13683
3575.94791
3576.75991
3577.57230
3578.38630
3579.19879
3580.82381
3584.88630
3585.69882
3586.51208
3586.94049
3587.32447
3588.13759
3588.94844
3590.57637
3591.38459
3593.01216
3593.82464
3594.63838
3595.45171
3601.95072
3602.76382
3604.38701
3605.19875
3606.01302
3607.63633
3608.44718
3609.26305
3611.70709
3612.51594
3614.95574
3615.76364
3616.57592
3617.38970
3618.20408
3619.01076
3619.82618
3620.63710
3621.45411
3622.26613
3623.07770
3626.32771
3627.94979
3630.38856
3632.82828
3633.63988
3636.07787
3636.88921
3641.76286
3642.57694
3644.19869
3645.01209
3645.82472
3646.64374
3647.46207
3648.26446
3649.08002
3649.89087
3650.71714
3651.51433
3652.32994
3655.60270
3656.38922
3657.20513
3658.82790
3660.45645
3662.08319
3662.90326
3663.70312
3666.14112
3666.96518
3669.39225
3670.21562
3671.02884
3671.83289
3675.08329
3675.89946
3676.71192
3677.52376
3678.33073
3679.13707
3679.95696
3680.78094
3681.57827
