3325.82572
3326.29310
3328.14869
3328.61155
3330.46971
3330.93523
3333.25476
3333.72179
3334.18309
3336.03959
3336.50678
3336.96909
3340.22075
3341.15084
3342.07726
3342.53929
3343.00577
3343.93339
3344.86080
3345.32462
3345.79004
3346.25233
3349.96628
3350.89458
3354.60888
3355.07549
3355.53823
3356.00273
3356.46793
3356.93110
3358.32320
3359.25563
3359.71887
3360.17986
3360.64655
3362.03799
3362.50398
3363.42992
3364.82268
3365.75073
3369.00069
3369.46375
3370.39358
3370.85681
3371.32161
3371.78653
3372.24975
3372.71537
3374.10721
3374.57203
3375.50093
3376.42836
3376.89248
3377.35731
3378.75011
3379.21438
3379.67823
