3363.32419
3371.70828
3375.90606
3380.09384
3388.47785
3392.63053
3396.86667
3401.06239
3405.26420
3438.81565
3442.99454
3447.18666
3455.57569
3459.76903
3472.34928
3476.54340
3480.73599
3484.93035
3489.12303
3493.31550
3497.50907
3501.70355
3505.89681
3510.07732
3514.28129
3547.83105
3552.02346
3560.41096
3564.60251
3572.99138
3577.18475
3581.37766
3585.57113
3589.76550
3593.95731
3602.34289
3606.53355
3614.89851
3619.11756
3623.30876
3627.50156
3631.68917
3635.89251
3644.27641
3648.47085
3652.65694
