3355.70643
3356.43065
3357.16156
3358.63886
3359.36077
3360.09611
3360.82418
3365.22191
3368.88671
3369.61559
3370.34866
3374.00562
3374.75280
3375.47579
3376.93515
3377.66785
3379.13210
3438.45759
3439.17836
3439.92195
3440.65374
3441.38078
3442.10893
3443.58137
3444.32222
3445.03814
3445.77768
3446.49675
3448.69576
3449.43359
3453.10199
3453.82657
3455.29736
3456.02330
3456.75835
3457.49408
3458.95845
3459.68173
3461.15220
3461.88231
3462.61771
3463.35725
3545.35713
3546.09353
3546.81690
3547.56404
3548.30442
3549.01548
3549.75653
3550.49131
3551.21148
3551.95105
3552.68494
3553.40854
3554.14007
3554.88272
3557.81679
3559.28669
3560.74453
3561.46690
3562.20343
3562.92974
3563.66667
3564.39831
3565.12562
3565.87057
3566.60305
3567.32273
3568.05756
