3387.19055
3388.53775
3389.89948
3391.24935
3392.61374
3393.96879
3398.04069
3399.39860
3400.74921
3402.11029
3403.47028
3404.83495
3438.76757
3440.12221
3441.48314
3442.83467
3444.19759
3445.55221
3446.90688
3448.26528
3449.63175
3452.34033
3453.69623
3455.05501
3456.41105
3457.77128
3459.12738
3460.48375
3461.83870
3463.19954
3468.62861
3469.98245
3471.34378
3472.70099
3474.05723
3475.42518
3476.78248
3479.48823
3480.84341
3482.20546
3483.55961
3484.92131
3486.27967
3487.62963
3488.99025
3493.07583
3494.42048
3495.77703
3497.13250
3510.71137
3512.08366
3513.42766
3514.78498
3544.65064
3546.00443
3547.35927
3548.71535
3550.07653
3551.43382
3552.79186
3554.14730
3558.22210
3559.57356
3560.93495
3562.29052
3563.65432
3565.00666
3566.36395
3567.72151
3601.66108
3603.01404
3604.37112
3605.73283
3607.08560
3608.44334
3612.52113
3613.87830
3615.23858
3616.58774
3617.94913
3619.30449
3620.66126
3622.01994
3623.38482
3654.59728
3655.95491
3657.32368
3658.67203
3660.02772
3661.38593
3662.74365
3664.10527
3665.46169
3666.81516
3669.53274
3670.88995
3673.60246
3674.96406
3676.31633
3677.67311
3679.03296
3680.38724
3681.74272
