3355.16908
3356.64005
3358.11075
3359.58328
3362.52641
3363.99904
3365.46867
3366.94033
3371.35469
3372.82577
3374.29738
3375.76872
3377.23887
3378.71059
3380.18759
3387.54039
3389.01110
3390.48517
3391.95472
3393.42640
3397.83913
3399.31171
3400.78396
3402.25530
3405.19693
3439.04011
3440.51122
3441.98364
3443.45510
3444.92607
3446.39797
3447.86931
3449.34100
3452.28544
3453.75484
3455.22643
3456.69782
3458.16992
3459.64089
3461.11232
3462.58416
3469.94114
3471.41239
3472.88467
3474.35552
3475.82662
3478.77099
3480.24038
3481.71311
3483.18261
3484.65430
3486.12457
3487.59835
3489.06918
3492.01081
3493.48235
3494.95697
3496.42697
3497.89760
3499.37007
3500.84105
3502.31217
3505.25259
3506.72730
3508.19773
3509.66931
3511.13903
3512.61285
3514.08844
3515.55507
3544.98435
3546.45606
3547.92718
3549.39756
3550.87046
3552.34121
3553.81289
3555.28373
3558.22702
3559.69818
3561.16969
3562.64206
3564.11294
3565.58491
3567.05579
3571.46955
3572.94166
3574.41251
3575.88473
3577.35550
3578.82716
3580.29915
3583.23971
3584.70973
3586.18481
3587.65562
3589.12615
3590.59878
3592.07034
3593.54174
3595.01289
3600.90082
3602.36983
3603.84093
3605.31368
3606.78464
3608.25561
3611.19956
3612.66966
3614.14004
3615.61301
3617.08526
3618.55529
3620.02743
3621.49865
3622.96994
3625.91940
3627.38512
3630.32495
3631.79573
3633.26984
3634.74213
3636.21235
3640.62651
3642.09869
3643.57032
3645.04228
3646.51245
3647.98513
3649.45578
3650.92801
3652.39992
3655.34272
3656.81286
3658.28788
3659.75624
3661.22447
3662.69849
3664.17450
3665.64233
3667.11281
3670.05508
3671.52839
3672.99856
3674.46945
3675.94205
3677.41346
3678.88470
3680.35635
3681.82696
