3493.04098
3494.31840
3495.59536
3496.87632
3498.15015
3499.42779
3500.70644
3501.98117
3505.81340
3507.09085
3508.36894
3509.64647
3510.92304
3512.20091
3513.48112
3514.75463
3545.40878
3546.68618
3547.96336
3549.23934
3550.51719
3551.79426
3553.07162
3554.35178
3558.18349
3559.45950
3560.73609
3562.01518
3563.29336
3564.56837
3565.84675
3567.12306
3569.67756
3570.95709
3572.23248
3573.50938
3574.78777
3576.06379
3577.34116
3578.61868
3579.90282
3581.17305
3583.73015
3585.00515
3586.28745
3587.56101
3588.83740
3590.11381
3591.39296
3592.66867
3593.94556
3595.22361
