3355.46567
3356.84326
3358.22011
3359.59831
3362.35226
3365.10373
3366.50161
3369.23689
3371.99277
3373.37207
3374.74673
3377.50115
3378.88055
3387.15240
3388.52079
3391.27397
3394.03721
3398.17196
3399.53803
3400.92058
3402.29698
3403.67486
3405.05506
3439.48874
3440.86317
3442.23865
3443.61952
3444.99559
3446.37115
3447.75155
3449.12890
3451.87730
3453.26030
3454.63819
3456.01446
3457.39022
3458.76978
3460.14644
3461.52460
3462.90429
3469.78767
3471.16349
3472.54259
3473.91912
3475.29762
3476.67429
3479.42926
3480.80771
3482.18237
3483.56079
3484.93780
3486.31853
3487.69513
3489.07179
3493.20926
3494.58117
3495.96067
3497.33772
3498.71548
3500.08553
3501.46893
3505.59927
3506.97976
3508.36123
3509.73370
3511.10635
3512.48622
3513.87286
3515.24401
3545.54605
3546.92398
3548.30133
3549.67904
3551.04962
3552.43038
3553.80819
3555.18666
3557.94244
3559.32235
3560.69504
3562.07204
3563.45087
3564.83056
3566.20461
3567.58528
3600.63694
3602.01718
3603.38961
3604.77056
3606.15099
3607.52632
3608.90198
3611.65235
3613.03823
3614.41579
3615.79258
3617.16829
3618.54639
3619.92294
3621.30091
3622.67956
3625.41665
3626.80987
3629.56655
3630.94305
3632.31969
3633.69919
3635.07693
3636.45378
3637.81288
3640.58499
3641.95905
3643.33700
3644.71713
3646.09614
3647.47190
3648.84918
3650.22653
3651.60683
