3388.00852
3391.65737
3398.89733
3402.50568
3442.33535
3445.95714
3449.56659
3453.22703
3456.84633
3460.44946
3471.33257
3474.92447
3482.20176
3485.80546
3489.41330
3493.04564
3496.66370
3500.29025
3507.53755
3511.15038
3514.79502
3547.38267
3550.99863
3554.62560
3558.23399
3561.86032
3565.48258
3572.73332
3579.95833
3587.22601
3590.87510
3601.69240
3605.32143
3608.95485
3612.55877
3616.17788
3619.80555
3627.04765
3630.67488
3637.90820
3648.77590
3656.02672
3659.66492
3663.26478
3666.88807
3670.51840
3674.13613
3677.76833
3681.37752
