3684.78220
3685.67393
3686.11962
3687.01059
3690.12939
3690.57512
3691.46621
3693.69479
3695.03230
3695.92139
3698.59463
3700.37954
3700.82390
3703.05226
3703.49712
3703.94285
3704.38885
3705.72499
3707.50929
3707.95373
3708.84469
3709.73545
3712.40962
3713.30111
3713.74648
3714.19140
3715.52839
3715.97396
3716.86577
3717.75623
3718.20244
3719.09329
3719.53862
3721.32179
3721.76579
3722.65825
3723.54863
3727.11481
3727.55921
3729.78726
3730.23313
3730.67933
3731.56922
3732.01514
3732.90746
3733.35214
3734.24333
3735.13585
3735.57988
3736.02506
3736.47205
