3356.97261
3361.39002
3365.80925
3370.20842
3374.60693
3379.03136
3387.86270
3392.25768
3401.06330
3405.49192
3471.67659
3476.09263
3480.48921
3484.89485
3489.34854
3493.73774
3498.13596
3502.54895
3506.97281
3511.40795
3515.80486
3546.65565
3551.08363
3559.88057
3564.33451
3573.15531
3577.55052
3586.39669
3590.79785
3595.20617
3604.03253
3608.45602
3612.84214
3617.25859
3621.67102
3626.10542
3630.50204
3634.89391
3643.72270
3648.11931
3652.57845
3656.96699
3661.36653
3665.77590
3670.21927
3674.61309
3679.04196
