3544.43570
3545.05633
3545.67817
3546.30057
3546.91796
3547.53755
3548.15881
3548.78266
3549.40110
3550.01877
3550.63922
3551.25850
3551.88254
3552.50080
3553.11988
3553.74148
3554.36585
3554.98237
3557.46518
3558.08312
3559.32442
3560.56527
3561.18390
3561.80486
3562.42927
3563.04439
3563.66472
3564.28544
3564.90711
3565.52959
3566.14467
3566.76653
3567.38798
3568.01134
3571.11277
3571.72848
3572.34943
3572.97053
3573.59527
3574.21186
3574.83072
3575.45148
3576.07001
3576.69269
3577.31148
3577.93223
3578.55335
3579.17740
3580.41295
3581.03401
3584.13643
3584.75282
3585.37649
3586.61662
3587.24060
3587.85866
3588.47614
3590.34022
3590.95852
3591.57850
3592.81855
3593.44102
3594.05983
3594.68026
3595.29891
3601.50365
3602.12444
3603.98758
3604.60536
3605.22352
3605.84639
3606.46743
3607.70619
3608.32663
3608.94526
3612.05190
3612.66996
3613.28768
3614.53205
3615.15215
3615.77016
3616.39023
3617.00979
3617.63499
3618.25207
3618.87109
3619.49247
3620.11152
3620.73447
3621.35240
3621.97303
3622.59444
3623.21733
