3355.44659
3356.66928
3357.88671
3359.08805
3360.31078
3362.76003
3363.97122
3365.20274
3366.40300
3368.84652
3370.07651
3371.28216
3373.72069
3374.93295
3377.37923
3379.81957
3387.11952
3388.34454
3389.55855
3390.78572
3391.98914
3393.21148
3394.42937
3396.86654
3398.09111
3399.30267
3400.51654
3401.74539
3402.95406
3404.17821
3405.39009
3438.31983
3439.51171
3440.72235
3441.95332
3443.18556
3444.38857
3445.62274
3446.82712
3448.04596
3449.26781
3452.93287
3454.13610
3455.35311
3456.56370
3457.82048
3459.01871
3460.22066
3461.43187
3462.65839
3493.11462
3494.32981
3495.55238
3496.78442
3497.99351
3499.22569
3500.43019
3501.63885
3505.30462
3506.53028
3507.74127
3508.96326
3510.18070
3511.41077
3512.61998
3513.85018
3515.02266
3544.30453
3545.51271
3546.71887
3547.94720
3549.18675
3550.38918
3551.60584
3552.80047
3554.03504
3555.26131
3557.70306
3560.11467
3561.34143
3562.57582
3563.78270
3565.00239
3566.21970
3567.45283
