3326.90998
3328.14533
3329.40835
3330.64280
3331.88928
3333.12635
3334.41675
3335.64315
3336.87974
3338.13563
3340.61394
3341.86051
3343.12355
3345.61944
3350.61245
3351.87837
3355.63116
3356.85049
3358.12013
3369.33595
3371.81411
3373.09827
3376.86255
3380.58064
3386.83485
3388.05405
3389.34257
3390.56161
3393.05473
3394.30234
3398.04077
3399.29600
3400.56005
3401.79956
3403.05128
3404.29469
3405.53826
3439.24501
3440.51273
3441.73884
3442.99067
3444.23165
3445.49021
3446.73295
3447.98570
3449.23073
3452.98933
3454.22333
3455.48755
3456.73571
3457.97421
3459.21969
3460.47542
3461.72347
3462.97452
3470.44712
3471.68381
3472.94099
3474.19627
3475.43742
3476.70223
3479.20650
3480.38064
3481.69066
3482.94350
3485.42015
3486.69725
3487.93845
3489.17603
3545.36362
3550.35349
3557.81687
3560.32551
3562.83556
3566.58204
3572.79604
3576.55996
3577.81790
3579.08768
3580.34329
3584.05928
3586.57484
3589.13250
3590.30215
3592.75493
3594.02407
3595.27711
3601.52329
3602.78567
3604.02503
3605.26712
3606.53054
3607.75288
3609.03767
3611.52038
3612.78400
3615.24380
3616.52031
3617.74777
3619.00433
3620.25317
3621.50272
3622.75180
3626.49409
3627.72659
3630.23410
3632.72514
3641.47762
3642.72194
3645.20385
3646.44954
3647.71991
3648.95341
3650.22129
3651.45170
3655.20712
3656.44448
3658.93943
3660.20145
3661.45090
3662.69048
3663.94182
3665.19346
3666.44053
3668.95945
3670.17817
3671.46003
3672.66147
3673.93590
3675.17368
3676.43616
3677.67251
3678.91277
3680.17072
3681.41111
