3684.48057
3685.46855
3685.96114
3686.94927
3687.44175
3690.40381
3690.89845
3693.36697
3693.86001
3694.35531
3694.84787
3695.34128
3695.83580
3698.30507
3698.79728
3700.27838
3700.77311
3703.24287
3703.73483
3704.23033
3704.72337
3705.71091
3706.69886
3707.19129
3708.17984
3708.67245
3709.16762
3709.66038
3711.63467
3712.12877
3713.11692
3713.60962
3714.10493
3715.09059
3715.58528
3716.57372
3717.06612
3718.05428
3718.54686
3719.04214
3719.53503
3722.00347
3722.99156
3723.48421
3726.44685
3727.92891
3729.90251
3730.39758
3731.38447
3731.87822
3732.86665
3733.35934
3734.34758
3734.84066
3735.33543
3736.32330
3736.81595
3739.28490
3739.77749
3740.27244
3741.26073
3741.75330
3742.74155
3743.23416
3743.72940
3744.22206
3744.71498
3745.21016
3746.19825
3746.69066
3747.67879
3748.17148
3749.15962
3749.65253
3752.61633
3753.10872
3754.09712
3754.58983
3755.08492
3756.07284
3756.56568
3758.04626
3759.03452
3759.52712
3760.02216
3761.00815
3761.50274
3762.49105
3762.98348
3819.76420
3820.25706
3820.75214
3822.23267
3823.71343
3824.70162
3825.19437
3825.68942
3830.62673
3832.10741
3833.09552
3833.58804
3834.57635
3837.04474
3838.03288
3838.52540
3839.51356
