3355.35892
3356.44124
3358.60126
3359.68191
3360.76080
3361.84146
3362.91652
3364.00440
3365.08030
3366.16273
3369.40071
3370.47941
3371.56096
3372.64017
3373.72298
3374.79993
3375.88858
3376.96079
3379.12024
3381.28001
3386.68100
3391.00046
3392.08411
3393.16240
3394.24128
3397.47788
3399.64618
3401.79864
3402.87859
3403.96446
3438.51969
3439.60186
3440.68003
3441.75910
3442.84028
3443.92037
3444.99933
3446.08173
3447.15967
3448.23999
3449.32055
3452.55942
3453.64178
3454.72013
3455.79935
3456.88114
3457.96004
3459.03960
3460.11922
3461.19857
3462.27937
3463.36019
3468.76166
3469.84013
3470.92079
3471.99914
3473.08004
3474.16065
3475.23987
3476.31926
3479.55961
3480.64075
3481.72043
3482.79836
3483.87905
3484.96051
3486.03869
3487.11976
3488.20112
3489.28096
3492.52299
3493.60082
3494.68006
3495.76004
3496.84648
3497.91861
3498.99986
3500.08293
3501.15946
3502.23943
3505.47912
3506.55795
3507.64320
3508.71841
3509.79968
3510.87761
3511.95705
3513.03804
3514.12272
3515.19874
3544.35943
3545.43863
3546.51819
3547.59995
3548.67843
3549.75847
3550.83856
3551.91854
3552.99833
3554.07989
3555.15938
3557.31889
3558.39886
3559.47870
3560.55979
3561.63919
3562.71890
3563.79904
3564.87886
3565.95819
3567.03807
3568.11930
3571.35851
3572.43823
3573.51751
3574.60014
3575.67908
3576.75872
3577.83826
3578.91830
3579.99853
3581.07948
3583.24058
3584.31871
3585.39955
3586.47787
3587.55840
3588.63752
3589.71884
3590.79831
3591.87798
3592.95803
3594.03949
3595.11789
3600.52000
3601.59883
3602.67923
3603.75710
3604.83769
3605.91808
3606.99817
3608.07808
3609.15872
3612.39736
3613.47709
3614.55767
3615.63770
3616.71665
3617.79678
3618.87798
3619.95738
3621.03709
3622.11851
3623.19810
3626.44125
3627.51930
3629.67714
3630.75639
3632.91745
3634.00154
3635.08487
3636.15821
3637.23730
3640.47349
3641.55724
3642.63798
3643.71929
3644.79738
3645.87533
3646.95805
3648.03696
3649.11819
3650.19643
3651.27712
3652.35758
3654.51656
3655.59607
3656.67699
3658.83725
3659.91671
3660.99616
3662.07809
3663.15756
3666.39639
3667.47718
3669.63479
3670.71613
3671.79628
3672.87821
3673.95689
3675.03591
3676.11676
3677.19642
3678.27760
3679.35669
3680.43660
3681.51628
