3326.56363
3328.27846
3331.70681
3333.42219
3335.13894
3336.85077
3340.27792
3341.99514
3343.70804
3345.42033
3347.13541
3350.56390
3352.27527
3355.71165
3357.42233
3359.13447
3360.85085
3362.56709
3364.27947
3369.41932
3371.13416
3372.85250
3374.56695
3376.27997
3379.71270
3386.56960
3388.29074
3391.70949
3393.42582
3398.57247
3400.28561
3401.99725
3405.43064
3439.71797
3441.43195
3443.14561
3444.86036
3446.57528
3448.29016
3453.43299
3455.14876
3456.86241
3458.57787
3460.29296
3462.00549
3463.71438
3492.86718
3494.57889
3496.29151
3498.01018
3499.72396
3501.43876
3506.58251
3508.29400
3510.01398
3511.72240
3513.44336
3515.15290
3544.30337
3546.01417
3547.72837
3549.44310
3551.15690
3552.87569
3554.58810
3558.01499
3559.72996
3561.44581
3563.16001
3564.87454
3566.59064
3571.73365
3573.44518
3575.16122
3576.87601
3578.58960
3580.30381
3583.73368
3585.44806
3587.16176
3588.87655
3590.59347
3592.30754
3594.01938
3600.87766
3602.58881
3604.30683
3606.01770
3607.73406
3611.16560
3612.87865
3614.60303
3616.31035
3618.02012
3619.73622
3621.45049
3623.16909
3626.59400
3630.02350
3631.73551
3633.45293
3635.16699
3636.88477
3638.59585
3642.02190
3643.73782
3645.45724
3647.16932
3648.88466
3650.59973
3652.31486
3655.73356
3659.17263
3660.88274
3662.60024
3664.31317
3666.02672
3669.46207
3671.17186
3672.88417
3674.59926
3676.31627
3678.02517
3679.74126
3681.45483
