3739.62095
3740.45549
3741.28655
3742.11880
3742.94911
3743.78924
3744.61456
3745.44662
3746.28021
3747.11622
3747.94879
3748.77900
3749.61148
3752.10699
3752.93932
3753.77254
3754.60543
3755.43737
3756.27001
3757.10153
3757.93488
3758.76776
3759.59851
3760.43222
3761.26392
3762.09826
3762.92844
3819.53256
3820.36593
3822.03036
3822.86288
3823.69439
3824.53117
3825.35961
3826.19625
3827.02728
3830.36079
3832.02627
3833.68610
3834.51736
3835.35030
3836.18566
3837.01781
3837.84727
3838.67989
3840.35140
