3355.57917
3357.09910
3358.60913
3360.12741
3361.63881
3363.15929
3364.67314
3366.17154
3369.21658
3372.24739
3373.76417
3375.27837
3376.79626
3378.30333
3379.82714
3387.40288
3388.91257
3390.43260
3391.94813
3393.46092
3397.99975
3399.52154
3401.03360
3402.54960
3404.07746
3405.58978
3438.91958
3440.43208
3441.94911
3443.46493
3444.98042
3446.49486
3448.00909
3449.52749
3452.55328
3454.07375
3455.58647
3457.10139
3458.61794
3460.13161
3461.64869
3463.16133
3602.56668
3604.08396
3605.59459
3607.09715
3608.62846
3611.65408
3613.17452
3614.68992
3616.20700
3617.71194
3619.23449
3620.75362
3622.26529
