3326.87134
3328.25784
3329.64309
3331.03713
3332.40822
3333.81494
3335.20618
3336.59596
3337.98379
3340.76572
3342.15367
3343.54103
3344.93175
3346.32389
3350.49119
3351.88136
3354.65071
3356.04915
3357.44127
3360.21903
3363.00102
3364.38805
3365.77859
3371.33704
3372.72909
3374.11578
3375.50607
3376.89649
3378.28536
3379.67676
3386.63268
3388.00685
3389.41107
3390.80082
3392.18613
3393.57093
3397.74168
3399.12485
3400.50230
3403.30825
3404.67004
3439.42774
3440.81454
3442.20395
3443.59612
3444.98679
3446.37655
3447.76749
3449.15456
3451.93757
3453.32568
3454.71733
3456.10321
3457.49467
3458.88294
3460.27548
3461.66159
3463.05223
3468.61091
3470.00111
3471.38962
3472.78261
3474.17085
3475.56005
3479.72792
3481.11911
3482.50672
3483.89734
3485.28687
3486.67473
3488.06536
3489.45565
3492.23714
3493.61680
3495.02398
3496.40935
3497.77618
3499.18140
3500.56563
3501.96216
3506.13942
3507.50284
3508.89608
3510.29845
3511.68326
3513.07250
3514.47318
3515.85786
3545.04027
3546.43959
3547.82206
3549.21604
3550.59968
3551.98701
3553.37464
3554.76786
3557.55253
3560.32518
3561.71941
3563.10786
3564.49645
3565.88227
3567.27437
3571.44267
3572.83104
3574.22420
3575.61347
3577.00407
3578.39328
3579.78068
3581.17174
3583.95095
3585.33896
3586.73065
3588.11839
3589.51010
3590.90129
3592.28743
3593.67764
3595.06874
3600.63308
3602.01472
3604.79376
3606.18437
3607.57497
3608.96227
3611.74191
3613.14605
3614.52689
3615.91356
3617.30153
3618.69552
3620.08065
3621.47107
3622.86264
3625.65532
3627.01823
3631.20283
3632.59104
3633.97846
3638.15618
3647.87925
3652.03647
3654.82268
3656.20775
3657.60374
3658.98654
3660.37686
3661.77278
3663.16012
3664.54298
3665.93894
3667.32682
3670.11012
3671.49783
3672.88785
3674.27736
3675.66592
3677.05217
3678.44608
3679.83543
3681.22611
