3329.40736
3333.46081
3337.47163
3341.48798
3345.48809
3357.58953
3365.62976
3369.66176
3373.65471
3377.70961
3389.78176
3393.77723
3397.83860
3401.82244
3405.80976
3442.05271
3446.07956
3454.11700
3458.14414
3462.16598
3470.19130
3474.21735
3482.27874
3486.30476
3494.34808
3498.34974
3502.38874
3506.41188
3510.46804
3514.42690
3550.64288
3554.64742
3562.70222
3566.75966
3594.84540
3602.95183
3606.98319
3615.02143
3619.04064
3623.06360
3627.03431
3631.08645
3643.15826
3647.20761
3651.19343
3655.26811
3659.25462
3663.28436
3667.30274
3671.31594
3675.35572
3679.36455
