3325.94653
3327.17289
3328.40099
3329.64080
3330.86143
3332.08986
3333.32184
3334.55174
3335.77741
3337.00651
3340.69455
3341.92250
3343.15347
3344.38557
3345.61037
3346.84686
3350.53002
3351.75862
3352.99095
3355.44613
3356.67672
3357.90548
3359.13667
3360.36551
3361.59799
3362.83047
3364.05178
3365.27568
3366.51146
3368.96835
3370.19793
3371.42907
3372.65821
3373.88867
3375.11722
3376.34521
3377.57412
3378.80428
3380.03081
3381.26118
3386.18393
3388.63970
3391.10080
3392.32567
3393.55343
3397.24335
3398.47213
3399.70384
3400.93129
3402.16430
3403.39083
3404.61944
3405.85009
3439.03858
3440.26905
3441.50064
3442.72664
3443.95739
3445.18671
3446.41478
3447.64502
3448.87447
3452.56275
3453.79066
3455.02538
3456.25381
3457.47989
3458.71026
3459.93683
3461.16778
3462.39646
3463.62503
3468.53988
3469.77189
3471.00173
3472.23058
3473.45930
3474.68780
3475.91891
3479.61115
3480.83489
3482.06504
3483.29704
3484.52427
3485.75254
3486.98363
3488.21528
3489.44015
3544.76035
3545.98929
3547.21717
3548.44722
3549.67754
3550.90463
3552.13559
3553.36499
3554.59393
3558.28119
3559.50773
3560.74126
3561.96964
3563.20130
3564.42902
3565.65671
3566.88725
3568.11641
3571.79941
3573.03374
3574.26380
3575.49349
3576.72242
3577.95096
3579.17968
3580.40992
3584.09600
3585.32677
3586.55618
3587.78528
3589.01813
3590.24403
3591.47379
3592.70266
3593.93235
3595.16044
3601.30873
3602.53699
3603.76558
3604.99595
3606.22452
3607.45392
3608.68530
3612.37050
3613.60513
3614.82994
3616.06016
3617.28881
3618.51791
3619.74730
3620.97627
3622.20460
3623.43457
3625.89263
3627.12343
3629.58283
3630.81136
3632.04629
3633.27015
3634.50042
3635.72816
3636.95888
3638.18797
3640.65328
3641.87568
3643.10434
3644.33398
3645.56196
3646.79082
3648.02261
3649.25007
3650.48084
3651.70998
3654.16802
3655.40289
3656.62637
3659.08848
3660.31313
3661.54478
3662.77197
3664.00415
3665.23427
3666.46072
3670.14921
3671.37706
3672.60612
3673.83523
3675.06512
3676.29542
3677.52526
3678.76476
3679.98393
3681.21328
