3325.75612
3326.31048
3326.85996
3327.96245
3328.51571
3330.73779
3332.95733
3333.51031
3334.06575
3334.61277
3335.72881
3336.28179
3336.84004
3337.94760
3340.16819
3340.72207
3341.27934
3341.82576
3342.93178
3344.04480
3345.15357
3345.70419
3346.26430
3346.81662
3350.14964
3350.69446
3352.36333
3352.91326
3354.57686
3355.13196
3355.69885
3356.79259
3357.90322
3358.46331
3359.00668
3359.56326
3360.11693
3360.67732
3361.78567
3362.33473
3363.44449
3364.00703
3364.55039
3365.10849
3365.66488
3366.77286
3368.98828
3369.54209
3370.10204
3371.75898
3372.32438
3372.87043
3373.98097
3374.53080
3375.09134
3376.74793
3377.30318
3378.97044
3379.52682
3380.07688
3386.17403
3386.72973
3388.39405
3388.94514
3390.60861
3391.71837
3393.38125
3393.93266
3394.48909
3397.26154
3397.81517
3398.37082
3399.47814
3401.13981
3402.24946
3403.35786
3403.91723
3405.02275
3438.28339
3438.84510
3439.39154
3439.94732
3440.50169
3441.60416
3442.16541
3442.72044
3443.27903
3443.82674
3444.38154
3444.93496
3445.49220
3446.04383
3446.60013
3447.15390
3447.70802
3448.26076
3448.82187
3449.37055
3452.14539
3452.69709
3453.25168
3453.80672
3454.35979
3454.91549
3455.46933
3456.02514
3456.57806
3457.13229
3457.68677
3458.23967
3458.79535
3459.35069
3459.90525
3460.45863
3461.01608
3461.56466
3462.12154
3462.67626
3463.23472
3468.77314
3469.33103
3469.88317
3470.43705
3470.99257
3472.11165
3472.65492
3473.21215
3473.75875
3474.31603
3474.87270
3475.42515
3475.97938
3476.53612
3478.75007
3479.30723
3479.86034
3480.41496
3480.96931
3481.52650
3482.07656
3482.63845
3483.18996
3483.73921
3484.30368
3484.85326
3485.40849
3485.95516
3486.51397
3487.07323
3487.62207
3488.17765
3488.73009
3489.28462
3489.83745
3545.82300
3546.93394
3548.60867
3549.15133
3549.69885
3550.82054
3551.92638
3552.48582
3560.79143
3563.57098
3564.11909
3566.34638
3567.44742
3568.00862
3601.26108
3601.82086
3602.37349
3602.92338
3604.03709
3604.58305
3605.14069
3605.69864
3606.25527
3606.80924
3607.36122
3607.92200
3608.47048
3609.02930
3612.34891
3612.91148
3614.57298
3615.12026
3615.67998
3616.23258
3616.79327
3617.33971
3617.89986
3618.45481
3618.99732
3619.55476
3620.11163
3620.66777
3621.21897
3621.76803
3622.32842
3622.88664
3623.43427
3625.65630
3626.20150
3626.76271
3627.31833
3627.87076
3630.08643
3630.64736
3632.86112
3633.41781
3633.97543
3634.52382
3635.07728
3635.62433
3636.18682
3636.74088
3637.29355
3640.61899
3641.17210
3641.73371
3642.28319
3642.84569
3643.94771
3644.51455
3645.05840
3645.61170
3646.16166
3647.27610
3647.82707
3648.38196
3648.93763
3649.49090
3650.04394
3650.60864
3651.15253
3651.70960
3652.26788
