3359.69729
3363.25198
3366.80764
3370.36063
3373.91429
3377.46707
3388.12931
3391.68191
3398.78878
3402.34332
3405.89745
3441.43473
3444.98675
3448.54071
3452.09282
3455.64837
3459.20228
3462.75649
3469.86468
3473.41784
3480.52412
3484.07690
3487.63140
3494.74123
3498.29452
3501.84649
3505.40035
3508.95495
3512.50712
3544.49309
3548.04548
3551.59837
3555.15165
3562.25726
3565.81172
3572.91915
3576.47332
3580.02775
3587.13390
3590.68922
3594.24054
3601.34851
3604.90415
3608.45693
3612.00796
3615.56538
3619.11832
3622.67187
3626.22709
3629.78011
3633.33271
3636.88679
3640.44046
3643.99342
3647.54662
3651.10095
3654.65446
3658.21005
3661.76142
3665.31211
3668.86783
3672.41831
3675.97653
3679.53263
