3356.94502
3360.75772
3364.56974
3372.20987
3379.84418
3387.47998
3391.29304
3395.10160
3398.93586
3402.75205
3440.91735
3444.74130
3448.55436
3452.36822
3456.18643
3460.00038
3471.44803
3475.26428
3479.08325
3482.90365
3486.71986
3494.35585
3498.17074
3501.98703
3505.80686
3509.62370
3513.43799
3547.79518
3551.60322
3559.23655
3563.05443
3566.88096
3570.68954
3574.50650
3578.32898
3585.96527
3589.77394
3593.59598
3601.22824
3605.04499
3608.86185
3612.68210
3616.49741
3620.32430
3627.94582
3635.58225
3643.21635
3647.03160
3650.84918
3654.66596
3658.47225
3662.29962
3666.12077
3669.93173
3673.75199
3677.57001
3681.39425
