3354.71528
3357.59618
3359.02864
3360.46967
3361.90893
3363.34772
3364.78581
3369.10065
3370.54025
3371.97734
3373.42029
3374.85474
3376.29288
3377.73274
3379.17017
3380.60953
3439.58865
3441.02420
3442.46461
3443.90334
3445.34145
3446.78004
3448.21824
3449.65719
3452.53471
3453.97288
3455.41122
3456.84962
3458.28867
3459.72727
3461.16559
3462.60416
3544.59911
3546.03724
3547.47561
3548.91417
3550.35279
3551.79130
3553.22978
3554.66843
3557.54461
3560.42241
3561.86070
3563.29935
3564.73778
3566.17627
3567.61491
3625.15326
3626.59329
3628.03376
3629.47005
3630.90897
3632.34752
3633.78607
3635.22463
3636.66239
3642.41725
3643.85609
3645.29438
3646.73327
3648.17130
3649.60961
3651.04870
3652.48669
3655.36275
3656.80279
3658.24102
3659.67921
3661.11567
3662.55563
3663.99566
3665.43296
3666.87208
3669.74967
3671.18739
3672.62533
3674.06436
3675.50173
3676.94127
3678.38028
3679.81759
3681.25631
