3354.69491
3356.39173
3358.08365
3359.77725
3361.47422
3363.16626
3364.85817
3366.54931
3369.94273
3371.63716
3373.33125
3375.02340
3376.71976
3378.41321
3380.10762
3386.88242
3388.57843
3390.27634
3391.96745
3393.66098
3397.04884
3400.43556
3402.13149
3403.82744
3405.51745
3439.40073
3442.78842
3444.48269
3446.17789
3447.87398
3449.56842
3452.95542
3454.64985
3456.34448
3458.03694
3459.73133
3461.42824
3463.11985
3469.89655
3471.59217
3473.28437
3474.97745
3476.67383
3480.06271
3481.75546
3483.44851
3485.14504
3486.83778
3488.53088
3493.61419
3495.30737
3497.00326
3498.69231
3500.38921
3502.08480
3505.47352
3507.16700
3508.86118
3510.55474
3512.24878
3513.94441
3515.63830
3544.43886
3546.13271
3547.82627
3549.52071
3551.21567
3552.91027
3554.60367
3557.99200
3559.68616
3561.38122
3563.07553
3564.76861
3566.46228
3568.15716
3602.04038
3603.73123
3605.42715
3607.12257
3608.81489
3612.20488
3613.89878
3615.59230
3617.28609
3618.98042
3620.67545
3622.36872
3625.75728
3627.45134
3629.14553
3630.83987
3632.53464
3634.22792
3635.92271
3641.00359
3642.69992
3644.39273
3646.08658
3647.78074
3649.47576
3651.16986
3654.55658
3656.25219
3657.94580
3659.64057
3661.33405
3663.02825
3664.72279
3666.41668
3669.80378
3671.49988
3673.19372
3674.88831
3676.58112
3678.27587
3679.96930
3681.66441
