3470.44641
3471.94117
3473.43345
3474.92225
3476.41629
3479.39921
3480.89137
3482.38271
3483.87518
3485.36845
3486.85874
3488.35154
3489.84279
3492.82828
3494.31839
3495.81142
3497.30407
3498.79564
3500.28848
3501.77921
3506.25945
3507.74798
3509.24018
3510.73244
3512.23069
3513.71554
3515.20963
3545.04845
3546.54446
3548.03458
3551.01845
3552.50901
3554.00010
3561.46050
3562.95490
3564.44420
3565.93743
3567.43125
3601.75926
3604.72912
3607.71246
3609.20651
3612.18993
3613.68475
3615.17372
3616.66677
3618.16040
3619.65003
3621.15662
3622.63382
3625.61852
3640.53850
3655.46094
3658.44313
3659.94911
3662.91974
3665.90360
3667.39632
3670.37968
3671.88080
3673.36359
3674.85679
3676.34963
3677.84022
3679.33325
3680.82491
