3438.72234
3439.77100
3440.83265
3441.88426
3442.93484
3443.99646
3445.04343
3446.10183
3447.15049
3448.21215
3449.25821
3452.41809
3453.47874
3454.53441
3455.58457
3456.63606
3457.69739
3458.75782
3459.80341
3460.86682
3461.91350
3462.96305
3469.27710
3470.33586
3471.39326
3472.45000
3473.50714
3474.55772
3475.60719
3476.66106
3478.77082
3479.82223
3480.87705
3481.94076
3482.99232
3484.04537
3485.09921
3486.16042
3487.21216
3488.25932
3489.32268
3492.48500
3493.52763
3494.58692
3495.63960
3496.70008
3497.74613
3498.80945
3499.86239
3500.90787
3501.96657
3505.13408
3506.18449
3507.24017
3508.30362
3509.34912
3510.40690
3511.45030
3512.51758
3513.56708
3514.61449
3515.66654
3626.35027
3627.40134
3629.51098
3631.60307
3632.65796
3633.71859
3634.77662
3635.82965
3636.88112
3641.10450
3642.15336
3644.26196
3645.31883
3646.36669
3647.42469
3648.47427
3649.53554
3650.59261
3651.63226
3652.70005
