3354.93123
3355.70514
3356.49019
3357.27304
3359.60651
3361.94963
3362.72014
3363.50391
3364.28375
3365.06075
3365.84145
3369.73928
3370.51687
3371.29695
3372.07514
3372.85760
3374.41191
3376.75198
3377.53259
3378.32113
3379.08970
3390.77999
3391.56241
3393.11779
3397.02820
3397.80015
3399.36108
3400.92569
3401.69322
3468.72297
3469.50085
3470.27917
3471.05788
3472.62206
3473.39821
3474.18006
3474.95468
3475.73660
3476.51454
3478.85703
3479.63226
3480.40351
3481.19095
3481.97223
3482.75043
3483.53036
3484.31176
3485.08872
3485.86912
3486.65001
3487.42476
3488.20755
3488.98681
3489.76478
3492.10584
3492.88051
3493.66103
3494.44130
3495.22072
3496.00213
3496.78764
3497.56134
3498.33820
3499.12052
3499.89909
3500.67638
3501.45813
3502.23485
3505.35281
3506.13493
3506.91495
3507.69370
3508.47245
3509.25357
3510.02664
3510.80979
3511.58742
3512.36988
3513.14832
3513.92894
3514.70621
3515.48458
3547.45811
3548.99648
3549.78804
3550.55669
3551.34005
3552.11593
3552.89922
3553.69116
3554.45188
3555.23831
3557.56649
3558.35716
3560.68025
3563.80861
3564.58665
3566.14919
3566.93288
3626.15918
3626.93899
3627.72417
3630.07811
3630.83471
3632.39969
3633.17009
3633.96729
3634.73551
3635.52061
3636.30310
3641.75354
3642.52894
3644.08244
3644.86480
3645.64929
3646.42690
3647.20808
3647.98736
3648.76221
3649.54688
3651.10439
3651.87723
3652.66101
3655.77924
3656.55986
3658.89627
3659.67248
3660.45476
3662.01447
3662.79107
3663.57055
3664.35348
3665.13110
3665.91076
3666.69022
3667.47837
3669.80875
3670.58798
3671.36474
3672.92567
3673.70269
3674.48322
3675.26364
3676.04315
3676.82215
3677.60057
3678.37912
3679.15992
3679.94092
3680.71663
3681.49675
