3712.48754
3713.46749
3714.45071
3715.42991
3716.41221
3717.39228
3718.37490
3719.35492
3720.33655
3721.31673
3722.29993
3723.27971
3726.22202
3727.20396
3728.18421
3729.16844
3730.14745
3731.12947
3732.11062
3733.09274
3734.07299
3735.05467
3736.03433
3737.01652
3738.97838
3739.96035
3740.94141
3741.92306
3742.90412
3743.88673
3744.86597
3745.84806
3746.82883
3747.80977
3748.79106
3749.77605
3752.71610
3753.69698
3754.67769
3755.65924
3756.64112
3757.62227
3758.60328
3759.58439
3760.56521
3761.54692
3762.53088
