3388.82604
3392.92604
3401.12944
3402.15207
3404.20761
3439.08017
3440.08617
3442.13441
3443.16045
3444.21993
3446.23659
3447.26494
3448.33343
3452.38984
3453.43321
3455.45418
3456.48647
3457.50582
3459.56582
3461.61296
3470.84029
3471.86712
3475.96622
3481.09025
3485.19441
3486.21746
3487.24231
3492.36704
3495.44596
3497.49466
3500.57076
3501.58492
3502.62632
3505.70122
3506.72134
3508.77497
3509.79629
3510.82750
3511.84815
3514.90535
3545.67813
3546.74150
3548.75506
3549.77814
3550.81117
3551.84134
3553.87952
3554.90486
3557.98433
3564.13196
3565.15807
3568.23423
3604.11598
3605.14013
3608.21650
3609.24278
3618.46491
3619.49208
3621.54445
3622.56536
3623.59223
3626.66982
3627.69243
3632.81888
3633.84649
3636.91945
3642.04580
3643.07029
3644.10268
3647.17151
3648.20070
3649.22541
3652.29769
3654.35175
3656.39873
3658.45030
3661.52403
3662.54839
3663.59034
3665.62642
3666.64989
3671.77742
3672.80385
3675.87823
3676.90252
3677.92843
3681.00362
3682.02771
