3326.96853
3329.40045
3331.82669
3334.26112
3336.69194
3341.55435
3343.98744
3346.41567
3351.28078
3492.27738
3494.70810
3497.13862
3499.56928
3502.00147
3506.86230
3509.29397
3511.72400
3514.15330
3601.67056
3604.10252
3606.53168
3608.96454
3611.39389
3613.82617
3616.25722
3618.68834
3621.11928
3623.54976
3625.98266
3630.84338
3633.27496
3635.70585
3638.13479
3640.57113
3642.99901
3645.43100
3647.86085
3650.29286
3655.15546
3660.01699
3662.44724
3664.87742
3667.30859
3669.74009
3674.60044
3677.03311
3679.46141
3681.89412
