3386.63291
3387.49366
3388.35547
3389.21827
3390.94145
3391.80454
3393.52735
3394.38942
3396.97526
3397.83654
3399.56012
3400.42102
3401.28396
3402.14553
3403.00904
3405.59528
3438.34599
3439.20728
3440.06984
3440.93151
3441.79315
3442.65470
3443.51682
3444.37876
3445.24130
3446.10248
3446.96488
3447.82685
3448.68808
3449.55001
3452.13530
3452.99796
3453.85960
3454.72202
3455.58332
3456.44511
3457.30738
3458.16904
3459.03085
3459.89289
3460.75476
3461.61731
3462.47863
3463.34118
3468.51228
3469.37366
3470.23609
3471.09778
3471.96290
3472.82094
3473.68314
3474.54506
3475.40790
3476.26877
3478.85467
3479.71629
3480.57868
3481.44042
3482.30197
3483.16399
3484.02623
3484.88812
3485.74980
3486.61158
3487.47427
3488.33539
3489.19705
3571.07773
3571.93976
3572.80223
3573.66322
3574.52559
3575.38730
3576.24867
3577.11062
3577.97280
3579.69687
3580.55834
3581.42099
3583.14240
3584.00698
3584.86826
3585.73001
3586.59253
3587.45347
3588.31575
3589.17769
3590.03914
3590.90207
3591.76297
3592.62581
3593.48643
3594.34874
3595.21108
3654.68190
3655.54365
3656.40615
3657.26708
3658.12895
3658.99143
3659.85282
3661.57650
3662.43875
3663.30064
3665.02461
3665.88672
3666.74789
3669.33380
3670.19504
3671.05786
3671.91967
3672.78239
3673.64307
3674.50566
3675.36954
3676.22916
3677.09051
3677.95272
3678.81536
3679.67719
3680.53823
3681.40093
