3386.67153
3388.27896
3391.49587
3393.10232
3397.92559
3399.53394
3401.14083
3402.75005
3404.35636
3405.96590
3439.72516
3441.33338
3442.94139
3444.54935
3446.15754
3447.76486
3449.37220
3452.58835
3454.19542
3455.80212
3457.41037
3459.01878
3460.62563
3462.23302
3468.66465
3470.27146
3471.88039
3473.48872
3475.09518
3476.70384
3479.91883
3481.52627
3483.13441
3484.74157
3486.34901
3487.95736
3489.56522
3492.77943
3494.38687
3495.99632
3497.60206
3499.21180
3500.81838
3502.42680
3505.64207
3507.25045
3508.85820
3510.46504
3512.07336
3513.68137
3515.28735
3545.83481
3547.44253
3549.05058
3550.65832
3552.26457
3553.87258
3560.30439
3561.91178
3563.51901
3565.12709
3566.73538
3571.55792
3573.16540
3574.77303
3576.38069
3577.98959
3579.59694
3581.20422
3584.41915
3586.02842
3587.63615
3589.24317
3590.85096
3592.45834
3594.06631
3600.49644
3602.10432
3603.71249
3605.31984
3606.92787
3608.53543
3611.75122
3613.35766
3614.96625
3616.57393
3618.18210
3619.78904
3621.39636
3623.00531
3655.15959
3656.76659
3658.37373
3659.98484
3661.58748
3663.19843
3664.80558
3666.41447
3669.62768
3671.23490
3672.84686
3674.45251
3676.05806
3677.66745
3679.27649
3680.88278
