3357.24434
3360.31735
3363.38935
3366.48671
3372.56781
3378.71832
3440.05504
3443.09956
3446.17367
3449.24865
3452.31341
3455.37244
3458.44481
3461.51863
3470.69807
3473.77965
3479.90156
3482.97053
3486.03833
3489.10509
3492.16926
3495.23353
3498.31180
3501.36721
3507.50925
3510.57868
3513.65344
3544.30112
3547.38557
3553.51186
3559.63526
3562.70397
3565.77003
3602.57295
3605.62263
3608.69589
3614.83728
3617.91341
3620.96458
3627.10046
3630.17207
3633.24372
3636.30088
3642.42613
3645.49729
3648.56363
3651.62856
3663.89876
3666.95830
3670.04490
3673.11163
3676.16928
3679.23434
