3356.41690
3358.33034
3360.39305
3364.38045
3366.46146
3370.36231
3372.33277
3376.26121
3378.32313
3472.54787
3474.55627
3476.54535
3478.58750
3480.58129
3482.53780
3484.56412
3486.57322
3488.54976
3492.60161
3494.56937
3496.58629
3498.57375
3500.59841
3502.59101
3506.60038
3508.59534
3510.59690
3512.60184
3514.62381
3572.71943
3574.85555
3576.70924
3580.76217
3584.67251
3586.75443
3588.80264
3590.84678
3592.78432
3594.79869
3600.76095
3602.77778
3604.78715
3608.79323
3614.80014
3616.79785
3620.82538
3622.81291
3626.83856
3628.82422
3630.84916
3632.84118
3634.84137
3636.81903
3640.88710
3642.82114
3644.84295
3646.84744
3648.86997
3650.87365
3656.87979
3658.85201
3660.93745
3662.91251
3664.91071
3666.88529
3668.96120
3670.89611
3672.91333
3674.88186
3676.90718
3678.89428
3680.89940
