3355.72679
3357.81549
3359.90887
3361.99736
3364.08871
3370.35911
3372.45291
3374.54021
3376.63281
3378.72362
3380.82116
3439.35161
3441.43538
3443.53174
3445.61956
3447.71114
3449.80306
3451.89224
3453.98087
3456.07322
3458.16219
3460.25455
3462.34330
3468.61781
3470.70576
3472.79725
3474.88623
3479.06805
3481.15844
3483.24868
3485.34005
3487.42953
3489.52239
3493.70388
3495.79311
3497.88866
3499.97993
3502.06460
3506.24830
3508.33864
3510.43144
3512.51647
3514.60891
3545.96545
3548.05760
3550.14611
3552.23856
3554.32767
3560.60061
3562.68949
3564.78179
3566.87123
3571.05439
3573.14384
3575.23274
3577.32551
3579.41363
3581.50610
3585.68706
3587.77642
3589.86856
3591.95738
3594.04963
3602.41191
3604.50010
3606.59225
3608.68225
3612.86302
3614.95486
3617.04474
3619.13678
3621.22521
3623.31810
3625.40995
3627.49807
3629.58811
3631.68275
3633.76817
3635.86053
3637.95318
3642.13038
3644.22256
3646.31068
3648.40327
3650.49291
3652.58454
