3357.16939
3358.62751
3360.08591
3363.00329
3364.46130
3365.91991
3368.83620
3370.29490
3371.75354
3374.67041
3377.58697
3379.04542
3389.25449
3390.71381
3392.16578
3399.46351
3400.92213
3403.83879
3405.29766
3438.84028
3440.29997
3441.75804
3443.21737
3444.67422
3446.13326
3447.59232
3449.05231
3451.96857
3453.42655
3454.88602
3456.34311
3457.80294
3459.26032
3460.71965
3462.17740
3463.64034
3469.47098
3470.92940
3472.38799
3473.84520
3475.30587
3476.76216
3479.68128
3481.13833
3482.59751
3484.05541
3485.51581
3486.97441
3488.43063
