3684.42411
3685.29366
3686.16387
3687.03194
3688.76676
3689.63390
3690.50407
3691.37269
3692.24181
3693.10834
3693.97704
3694.84682
3695.71206
3698.31846
3699.18667
3700.05485
3700.92226
3701.79095
3702.65637
3703.52818
3704.39399
3705.26265
3706.13334
3707.00175
3707.86971
3708.73583
3709.60499
3712.20950
3713.07915
3713.94665
3714.81508
3715.68525
3716.55110
3717.41985
3718.28842
3719.15578
3720.02394
3720.89378
3721.76132
3722.63066
3723.49666
3726.10456
3726.96859
3727.83785
3728.70972
3729.57634
3730.44390
3731.31106
3732.18231
3733.04986
3733.91925
3734.78559
3735.65318
3736.52176
3739.12262
3739.99500
3740.86203
3741.73050
3742.59895
3743.46971
3744.33612
3745.20525
3746.07401
3746.93965
3747.80962
3748.67878
3749.54610
3752.14940
3753.01756
3753.88656
3754.75473
3755.62274
3756.49175
3757.35982
3758.22812
3759.09626
3759.96840
3760.83230
3761.70092
3762.56887
3818.13771
3819.00603
3819.87433
3820.74348
3821.61314
3822.48013
3823.34793
3824.21567
3825.08513
3825.95431
3826.82200
3829.42392
3830.29410
3831.16300
3832.03164
3832.90045
3833.76791
3834.63539
3836.37299
3837.23920
3838.10803
3838.97599
3840.71514
