3354.87375
3355.49796
3356.74779
3357.37267
3357.99654
3358.62419
3359.24894
3359.87317
3360.49903
3361.74857
3362.37368
3364.24898
3364.87417
3365.49852
3366.74941
3369.24995
3370.50125
3371.12516
3371.75074
3372.37669
3373.00017
3373.62584
3374.25132
3374.87724
3375.50168
3376.75195
3377.37694
3379.25231
3379.87652
3386.75440
3387.37780
3388.00298
3388.62908
3389.25312
3390.50851
3391.12834
3393.00481
3393.62961
3394.25443
3397.37899
3399.25506
3400.50406
3401.12923
3401.75246
3402.38546
3403.00404
3404.26048
3404.88151
