3354.63622
3355.95369
3360.57976
3362.53761
3363.19188
3364.50723
3365.17244
3365.82400
3369.77389
3371.75338
3374.38745
3378.98701
3379.64874
3386.88147
3388.20070
3390.83450
3393.46421
3401.36051
3403.33664
3438.20335
3439.53010
3440.19077
3440.84659
3442.82076
3443.47941
3445.45246
3446.11113
3446.77623
3447.42500
3448.08637
3448.74511
3449.39976
3452.03124
3452.69229
3453.35169
3454.00747
3455.32433
3455.98243
3456.64068
3457.29585
3457.97250
3458.61349
3459.27107
3459.93674
3461.24476
3461.90564
3462.55880
3463.21975
3626.42699
3627.08528
3627.74420
3629.71519
3630.37392
3631.03309
3633.00596
3633.66436
3636.29599
3636.96294
3641.56034
3642.21838
3642.87906
3643.53640
3644.19941
3644.85206
3645.50882
3646.16694
3647.48372
3648.14176
3648.79833
3649.45639
3650.11612
3650.77773
3651.43146
3652.08943
