3326.11098
3330.14409
3338.13937
3346.16051
3350.16836
3358.18639
3362.19452
3366.20276
3370.21455
3374.22232
3386.24976
3394.26733
3398.27866
3402.28550
3470.44146
3474.45118
3482.47043
3486.48102
3494.49740
3498.50818
3502.51596
3506.52688
3510.53852
3514.54494
3546.62081
3550.63112
3554.63755
3562.65596
3566.66441
3574.68290
3578.69376
3586.71208
3590.72026
3594.72983
3602.74793
3606.75691
3614.77587
3618.78697
3622.79297
3626.80729
3630.81147
3634.82079
3642.83931
3646.85065
3650.85960
3654.86638
3658.87480
3662.88576
3666.89595
3670.90449
3674.91520
3678.92353
