3684.20717
3684.88238
3685.55734
3686.23321
3686.90935
3687.58655
3688.93916
3689.61314
3690.29019
3690.96415
3691.64403
3692.31944
3692.99559
3693.66830
3694.34467
3695.02084
3695.69646
3698.39825
3699.07358
3699.75194
3700.42714
3701.10265
3701.77890
3702.45491
3703.13138
3703.80559
3704.48196
3705.15760
3706.51090
3707.18479
3708.53659
3709.21355
3709.88876
3711.91541
3712.59134
3713.26746
3713.94303
3715.29538
3715.97136
3716.64607
3717.32304
3717.99843
3718.67358
3719.35058
3720.70155
3721.37795
3722.05425
3722.72987
3723.40527
3726.10904
3726.78435
3727.46080
3728.13712
3728.81028
3729.48694
3730.16345
3730.83876
3731.51473
3732.19101
3732.86683
3733.54320
3734.21893
3734.89413
3735.56997
3736.24556
3736.92149
