3354.33643
3355.68295
3357.03593
3358.38239
3359.72560
3362.41396
3363.76283
3365.10326
3366.44726
3369.13563
3370.48073
3371.82193
3374.51641
3375.86088
3377.21360
3379.89672
3386.61975
3387.96548
3389.30955
3390.64167
3392.00246
3393.34369
3397.37965
3400.06137
3401.40863
3402.76389
3404.10244
3405.43383
3439.06512
3440.41102
3441.75819
3443.09832
3444.43824
3445.79515
3447.14136
3448.48490
3449.82382
3452.51160
3453.85029
3455.21342
3456.56557
3457.90292
3459.24938
3460.59147
3461.93089
3463.27895
3468.65514
3470.02742
3471.34436
3472.69035
3474.03482
3475.38068
3476.71871
3479.41596
3480.75629
3482.10560
3483.44965
3484.79916
3486.14438
3487.47021
3488.82441
3492.85895
3494.20662
3495.54900
3496.90138
3498.23492
3499.58410
3500.92771
3502.27563
3506.31117
3507.65630
3508.99579
3510.33831
3511.67309
3513.02714
3514.37210
3515.72394
3545.30369
3546.65896
3548.00309
3549.34980
3550.68871
3552.03159
3553.38005
3554.71786
3557.40827
3560.09906
3561.44688
3562.79305
3564.13484
3565.48258
3566.82647
3568.17586
3601.80056
3603.12889
3604.48496
3605.82199
3607.17124
3608.51774
3612.54595
3613.88770
3615.23637
3616.58305
3617.92853
3619.27134
3620.62162
3621.96269
3623.30389
3625.98840
3627.34239
3628.68543
3630.02872
3632.71972
3634.06559
3635.41822
3636.75908
3642.13672
3643.48330
3644.82009
3646.16470
3647.51011
3648.86874
3650.19756
3651.55052
3655.58579
3656.92935
3658.24674
3659.61439
3660.96606
3662.30525
3663.65584
3664.98978
3666.34599
3669.03039
3670.37766
3671.71825
3673.07034
3674.40573
3675.76455
3677.10573
3678.43844
3679.79320
3681.13889
