3355.71069
3358.46940
3363.98334
3366.74207
3369.50432
3372.25999
3375.01502
3377.77915
3380.53434
3388.80721
3391.56566
3394.32246
3397.08039
3399.84290
3402.60476
3405.35934
3438.44671
3441.21473
3443.97136
3446.73012
3449.48567
3452.24451
3455.00428
3457.75971
3460.52402
3463.27652
3468.79537
3471.55576
3474.31040
3479.82702
3482.58329
3485.34381
3488.10012
3546.02173
3548.77908
3551.53787
3554.29628
3559.81241
3562.57014
3565.32865
3568.08642
3570.84742
3573.60399
3576.36252
3579.11835
3584.63607
3587.39421
3590.15214
3592.90881
3603.95160
3606.70781
3609.45989
3612.21611
3614.97672
3617.73389
3620.48564
3623.24974
3626.01374
3628.76568
3631.52361
3634.28400
3637.04086
3642.55742
3645.31325
3648.07391
3650.83241
3656.34704
3659.10540
3661.86178
3664.61767
3667.37821
3670.13728
3672.89594
3675.65428
3678.41174
3681.17091
