3387.52292
3389.24288
3390.96401
3394.40413
3397.84402
3399.56441
3401.28418
3403.00375
3404.72498
3470.08811
3471.81021
3473.52881
3475.24864
3478.68746
3480.40798
3482.12909
3483.84821
3485.56932
3487.29048
3489.00970
3492.44976
3494.17037
3495.89002
3497.60849
3499.32921
3501.05139
3502.76951
3506.20914
3507.92922
3509.64943
3511.37096
3513.09182
3514.81025
3545.77207
3547.49246
3549.21383
3550.93245
3552.65459
3554.37194
3557.81365
3559.53329
3561.25222
3562.97361
3564.69502
3566.41313
3568.13322
3569.85581
3571.57391
3573.29449
3575.01403
3576.73446
3578.45448
3580.17450
3583.61386
3585.33387
3587.05511
3588.77520
3590.49529
3592.21487
3593.93507
3602.53593
3604.25525
3605.97538
3607.69627
3609.41531
3612.85567
3614.57495
3616.29583
3618.01747
3619.73689
3621.45633
3623.17595
3654.13419
3655.85923
3659.29807
3661.01919
3662.74013
3664.45851
3666.17955
3669.62042
3671.34070
3673.05859
3674.78047
3676.50051
3678.21975
3679.93951
3681.65959
