3355.81959
3358.28058
3360.73952
3363.20233
3365.66476
3370.57635
3373.04074
3375.49838
3390.26116
3400.10257
3402.55512
3405.03056
3439.47120
3441.92861
3444.39219
3446.85185
3449.30876
3451.77162
3454.22765
3456.68872
3459.14720
3461.60925
3481.29041
3486.21229
3488.67148
3493.58763
3498.49566
3508.36319
3547.71636
3550.17636
3552.63459
3555.09463
3557.57453
3560.01986
3562.47142
3564.93876
3567.39989
3577.24642
3584.63667
3587.07780
3589.53362
3592.00855
3594.46032
3626.43945
3633.81626
3641.20035
3646.12671
3648.58394
3651.05938
