3492.54517
3493.58467
3494.62718
3495.66823
3496.70715
3497.74875
3498.78927
3499.83048
3500.87078
3501.91171
3506.07406
3507.11538
3508.15599
3509.19728
3510.23639
3511.27835
3512.31754
3513.35889
3514.39882
3515.44029
3570.59861
3571.63737
3572.67746
3573.71815
3574.75844
3575.79868
3576.84020
3577.88050
3578.92162
3579.96131
3581.00318
3583.08794
3584.12246
3585.16482
3586.20520
3587.24658
3588.28767
3589.32681
3590.36912
3591.40900
3592.44827
3593.49073
3594.53071
3601.81557
3602.85632
3603.89562
3604.93719
3605.97820
3607.01764
3608.05921
3609.10001
3612.22275
3613.26320
3614.30425
3615.34386
3616.38463
3617.42583
3618.46622
3619.50670
3620.54630
3621.58856
3622.62894
3623.67167
