3601.40696
3605.91671
3606.55883
3607.20791
3612.36397
3614.94111
3615.58244
3616.22728
3616.86746
3619.43171
3622.02887
3622.67134
3623.32060
3654.89434
3655.53837
3656.18042
3656.82061
3658.12377
3658.75846
3659.39603
3660.04233
3661.33498
3661.97916
3662.62398
3663.27046
3663.91054
3665.20145
3665.84844
3666.48689
3667.13431
3669.71319
3670.35168
3671.00216
3671.64952
3672.93536
3673.57891
3674.86880
3676.15726
3676.80083
3677.44480
3678.08649
3678.73122
3679.37596
3680.02145
3680.66370
3681.31287
3681.95743
