3684.42218
3685.17991
3685.93236
3686.68813
3687.43640
3688.19398
3688.94649
3689.70016
3690.45195
3691.20787
3692.71489
3693.46825
3694.22304
3694.97324
3695.72856
3697.98996
3698.74362
3699.49319
3700.24956
3701.00173
3701.75847
3702.50790
3703.26378
3704.01557
3704.77095
3705.52209
3706.27981
3707.02857
3707.78589
3708.53740
3709.29286
3712.30667
3713.05790
3713.81305
3715.32004
3716.07076
3716.82762
3717.57826
3718.33348
3719.08644
3719.84203
3720.59511
3721.34881
3722.09986
3722.85526
3725.86935
3726.62046
3727.37646
3728.12871
3728.88320
3729.63419
3730.39037
3731.14113
3731.89706
3732.64902
3733.40423
3734.15676
3734.91406
3735.66233
3736.41843
3737.16931
