3570.77550
3571.41614
3572.04654
3572.68274
3573.31675
3573.95202
3574.58286
3575.22910
3575.85075
3576.48523
3577.11303
3577.75176
3578.37916
3579.01994
3580.28716
3580.90727
3583.44227
3584.08988
3584.71407
3585.35667
3585.97296
3586.62117
3587.24524
3587.88547
3588.50850
3589.15183
3589.77689
3590.41868
3591.05055
3591.68391
3592.30907
3592.95610
3593.57359
3594.21830
3594.84306
3595.48480
3600.54636
3601.82103
3602.44708
3603.08218
3603.70746
3604.34445
3604.97819
3605.61499
3606.24083
3606.88017
3607.50918
3608.14908
3608.77903
3611.95855
3612.57587
3613.21874
3613.82645
3615.10816
3615.75349
3616.37540
3617.02332
3617.64111
3618.27987
3618.90524
3619.54815
3620.17040
3620.82167
3621.44056
3622.08179
3622.70556
3623.34279
