3355.57737
3359.93878
3364.41925
3368.87878
3373.41949
3377.81930
3386.78893
3391.20620
3400.18176
3404.58040
3440.27737
3444.74756
3449.21175
3453.63075
3458.13564
3462.55294
3471.55791
3476.02055
3480.43983
3484.87844
3489.36556
3493.88706
3498.32572
3502.77640
3507.27659
3511.73619
3547.34171
3551.83150
3560.77401
3565.23891
3574.19507
3578.56651
3583.04195
3587.55255
3591.97625
3600.90443
3605.37572
3618.80691
3623.22126
3627.65571
3636.64927
3641.07922
3645.51517
3649.98987
3654.46604
3658.92143
3663.41966
3672.30454
3676.76436
3681.19925
