3356.87500
3360.60314
3364.32951
3371.78322
3375.51010
3379.23863
3386.69249
3390.41982
3394.14841
3397.87471
3401.60125
3405.32602
3442.59971
3446.32732
3453.78154
3457.50818
3461.23600
3468.68992
3472.41756
3476.14427
3479.87191
3483.59921
3487.32529
3498.50759
3502.23482
3505.96262
3509.68922
3513.41538
3546.96021
3550.68676
3554.41514
3558.14184
3561.86926
3565.59588
3573.04908
3576.77712
3580.50321
3584.23592
3587.95811
3591.68675
3595.41235
3602.86682
3606.59448
3614.04919
3617.77587
3621.50380
3625.22948
3632.68531
3636.41128
3643.86603
3647.59343
3651.32196
3655.04828
3658.77488
3662.50177
3666.22991
3669.95994
3673.68328
3677.41075
3681.13909
