3327.13713
3332.98053
3335.89066
3341.75715
3344.67819
3350.52738
3356.37770
3362.22674
3365.14892
3373.91778
3376.84521
3379.77518
3388.54494
3391.46188
3394.38885
3397.30796
3400.23601
3403.15519
3438.23422
3441.18112
3447.02120
3452.87226
3455.78370
3458.71530
3461.64081
3470.40595
3473.33609
3476.26102
3479.18477
3482.11285
3485.03583
3487.95611
3493.80407
3496.73106
3499.65458
3502.57424
3505.49390
3508.42445
3511.35197
3514.27831
3546.43975
3549.34908
3552.28624
3555.20608
3558.13811
3561.05714
3563.98319
3566.90775
3601.99729
3604.92151
3607.84868
3613.68959
3616.61973
3619.53676
3622.46181
3631.22344
3634.15775
3637.07869
3642.93611
3645.85321
3648.78168
3651.70816
3654.62922
3657.53054
3660.47667
3663.40270
3666.32545
3669.24388
3675.09673
3678.01969
3680.94487
