3326.04010
3326.92227
3327.81069
3328.69884
3329.58394
3330.47291
3331.35792
3333.13173
3334.01752
3334.90755
3335.79000
3336.67168
3337.56329
3340.22357
3341.11300
3341.99765
3342.88596
3343.77339
3344.66110
3345.54733
3346.43044
3347.30447
3349.97999
3350.86618
3351.75334
3352.64341
3354.41192
3355.30266
3356.17969
3357.07533
3357.95999
3359.73322
3360.62033
3362.39395
3363.27622
3364.16870
3365.05638
3366.83547
3369.48744
3370.37365
3371.26098
3372.14583
3373.04080
3373.91900
3374.81722
3375.69701
3376.57944
3377.46740
3378.35380
3379.23986
3380.13575
3386.33648
3387.22760
3388.10888
3388.99804
3390.77032
3391.65823
3392.54543
3393.43143
3394.31751
3396.97670
3397.86856
3399.63771
3400.52619
3401.40912
3402.29912
3403.18324
3404.07210
3404.95897
3405.84036
3438.66029
3439.54788
3440.42513
3441.31809
3442.20370
3443.09077
3443.97886
3444.86571
3445.74784
3446.63200
3447.52672
3448.41459
3449.29920
3451.95873
3452.84600
3453.73048
3454.62095
3455.50873
3456.39202
3457.27719
3458.16628
3459.05248
3459.94147
3460.82454
3461.71275
3462.60419
3463.49100
3468.80697
3469.69524
3470.58349
3471.46454
3472.35914
3473.24187
3474.12428
3475.01043
3475.90357
3479.44658
3480.33296
3481.22029
3482.11385
3482.99506
3483.88587
3484.76812
3485.65746
3486.53891
3487.42526
3488.31591
3489.20527
3492.74944
3493.63593
3494.52019
3495.41334
3496.28880
3497.19645
3498.07569
3498.95936
3500.72573
3501.60651
3514.03621
3545.07448
3545.95097
3546.84910
3547.72403
3548.61783
3549.51198
3550.40289
3551.27416
3552.16161
3553.05812
3553.93564
3554.82031
3558.37832
3559.26217
3560.14230
3561.03194
3561.93460
3562.80223
3563.68969
3564.57554
3565.46063
3566.34971
3567.24344
3568.13171
3570.77606
3571.67306
3572.56775
3573.44404
3574.33503
3575.22150
3576.10482
3576.98990
3577.87297
3578.78017
3579.65223
3580.55615
3581.43156
3583.20763
3585.85296
3586.74324
3587.62592
3588.51939
3590.29891
3591.18364
3592.05358
3592.95073
3593.84361
3594.72226
3600.92423
3601.79407
3602.70194
3604.47869
3605.35755
3606.25729
3607.15142
3608.02138
3608.91631
3615.11612
3616.01402
3616.90551
3617.77985
3618.67427
3619.56287
3620.44557
3621.33317
3622.21610
3623.09522
3625.76886
3626.65616
3627.54017
3629.31218
3630.20227
3631.08034
3631.97559
3632.86107
3633.75298
3634.63432
3635.51845
3636.41075
3637.28265
3641.73943
3642.61130
3643.50246
3644.38725
3645.27225
3646.15775
3647.04932
3647.93557
3648.82353
3649.70903
3650.59034
3651.48168
3652.36546
3654.13901
3655.03101
3655.91403
3656.80116
3658.57545
3659.46897
3660.34854
3661.23359
3662.12114
3663.00792
3663.89506
3664.78084
3665.67186
3666.55499
3669.21567
3670.10140
3670.99010
3671.87855
3672.76685
3673.65159
3674.54268
3676.31038
3677.19816
3678.08407
3678.97270
3679.85579
3680.74625
3681.63022
