3355.11051
3356.55555
3358.00663
3359.45781
3360.90998
3362.35127
3365.20846
3366.65737
3369.55088
3370.99947
3373.89408
3375.32321
3376.75316
3378.19423
3379.64512
3438.81512
3440.26695
3441.71155
3443.13446
3444.56324
3446.00602
3447.45422
3448.90537
3451.80667
3453.24687
3454.67564
3456.10521
3457.55432
3459.00037
3460.45400
3461.90137
3463.35482
3545.55872
3547.00015
3548.45013
3549.90114
3551.35264
3552.80197
3554.24953
3561.44310
3562.89320
3564.34462
3565.79209
3567.21739
3601.83548
3604.71963
3606.17026
3607.62238
3609.07398
3611.94890
3614.81654
3616.26112
3617.71974
3619.16382
3620.61095
3622.06138
3623.48929
3626.36021
3627.80636
3629.25606
3630.70719
3633.60098
3635.02490
3636.45907
3640.80140
3642.25117
3643.69994
3645.13965
3646.56381
3647.99961
3649.44558
3650.89619
3652.34507
