3684.85334
3686.07138
3687.28772
3688.50363
3689.72451
3690.94136
3692.15899
3693.37590
3694.59633
3695.81015
3698.24764
3699.46295
3700.68159
3701.89922
3703.11616
3704.33469
3705.54919
3706.76948
3707.98748
3709.20322
3711.63783
3712.85561
3714.07295
3715.29167
3716.50798
3717.72594
3718.94188
3720.15687
3721.37763
3722.59740
3726.24822
3727.46726
3728.68302
3729.90030
3731.11745
3732.33766
3733.55499
3734.77057
3735.98635
3737.20246
3739.63959
3740.85772
3742.07432
3743.29087
3744.50875
3745.72793
3746.94437
3748.16272
3749.37825
3753.03311
3754.24961
3755.46642
3756.68238
3757.90214
3759.11940
3760.33532
3761.55526
3762.77203
