3711.96424
3712.72286
3713.48409
3714.24448
3715.00437
3715.76210
3716.52579
3717.28569
3718.04595
3718.80701
3719.56740
3720.32880
3721.84887
3722.60653
3723.36880
3725.64963
3726.41010
3727.17025
3727.93145
3728.69149
3729.45294
3730.21112
3730.97310
3731.73305
3732.49361
3733.25406
3734.01394
3734.77133
3735.53552
3736.29423
3737.05594
3739.33591
3740.09701
3740.85662
3741.61761
3742.37724
3743.13879
3743.89851
3744.65988
3745.41862
3746.17925
3746.94000
3747.70059
3748.46183
3749.22152
3749.98317
3752.26236
3753.02270
3753.78334
3754.54386
3755.30350
3756.06466
3756.82541
3757.58425
3758.34565
3759.10476
3759.86747
3760.62763
3761.38769
3762.14641
3762.90914
