3325.59839
3326.68025
3327.76624
3328.84263
3331.01137
3332.08867
3333.17440
3334.25732
3335.34222
3336.42408
3337.49970
3340.75246
3341.83560
3342.91792
3344.00104
3345.08367
3346.16625
3347.24959
3350.49751
3351.58076
3352.66357
3625.53801
3626.62271
3627.70478
3628.77769
3629.87052
3630.95344
3632.04746
3633.11946
3634.20158
3635.29098
3636.36746
3637.45413
3638.53247
3640.70438
3641.78504
3642.85722
3643.95481
3645.03625
3646.11909
3647.19955
3648.28243
3649.35277
3650.44665
3651.51732
3652.61018
3654.77580
3655.85848
3656.94162
3658.02387
3659.10800
3660.18953
3661.27195
3662.35577
3663.43783
3665.60395
3666.68611
3669.94088
3671.02871
3673.19328
3674.27800
3675.36069
3676.44375
3677.52319
3678.60700
3679.68105
3680.76038
3681.84784
