3325.71133
3329.10230
3332.50528
3335.89035
3342.68016
3346.06924
3352.85115
3359.63982
3363.03419
3366.42523
3369.82158
3376.60373
3379.99666
3386.78454
3390.17446
3393.57312
3396.96116
3400.35072
3441.06646
3444.45907
3447.84956
3454.63800
3458.03185
3461.42160
3474.99257
3481.77957
3485.17060
3488.56340
3491.95966
3495.34840
3498.74169
3502.13234
3505.52720
3508.91843
3512.31249
3515.70669
3546.23980
3549.63090
3553.02329
3559.81019
3563.20455
3566.59918
3573.38380
3576.77717
3580.16476
3586.95247
3590.34226
3593.74426
3600.52404
3603.91169
3607.30499
3614.09457
3617.48598
3620.88024
3627.66577
3631.05737
3634.44805
3641.23709
3644.62773
3648.02063
3651.41189
3654.80430
3658.20600
3661.59079
3664.98393
3671.76566
3675.15966
3678.56087
3681.94549
