3327.86047
3332.54651
3337.23228
3341.91715
3355.97411
3360.65974
3365.34529
3370.02899
3374.71640
3379.40066
3388.77280
3393.45703
3398.14098
3402.82690
3440.31138
3444.99534
3449.68116
3454.36703
3459.05055
3463.73484
3473.10724
3482.47817
3487.16439
3496.53439
3501.21865
3505.90498
3510.59091
3515.27659
3571.49955
3576.18411
3580.87082
3585.55394
3590.24043
3594.92520
3604.29624
3608.98120
3613.66857
3618.35204
3623.03921
3627.72294
3632.40833
3637.09511
3641.77959
3646.46397
3651.14808
3655.83457
3660.51980
3665.20537
3669.89259
3674.57426
3679.26274
