3356.72584
3360.17532
3370.55748
3374.02017
3377.45230
3380.93548
3398.20944
3401.65939
3405.10838
3439.67351
3443.13546
3446.59628
3453.50092
3456.97493
3460.43621
3470.80846
3474.23618
3481.16401
3484.59360
3488.07913
3494.99299
3498.43976
3501.87683
3505.35417
3508.82108
3512.26795
3515.71346
3546.82394
3550.28209
3553.71857
3560.63570
3564.09870
3567.57516
3602.13963
3605.59475
3609.03373
3612.49034
3615.95507
3619.40515
3622.86321
3626.32107
3629.76779
3633.22601
3636.70583
3643.61274
3647.05731
3650.50840
3664.33568
3671.24717
3674.69470
3678.16343
3681.62526
