3387.23551
3389.74922
3391.00536
3397.29304
3399.80492
3401.07498
3402.31604
3403.57188
3404.83624
3470.17809
3471.44140
3472.69128
3473.94860
3475.21304
3476.45933
3478.97460
3480.23228
3481.48903
3482.75150
3484.00169
3485.25771
3486.51417
3489.02830
3492.79806
3494.05651
3495.31187
3496.56843
3497.82640
3499.08992
3500.33833
3501.59575
3505.36557
3506.62787
3509.13485
3510.39826
3511.64937
3512.90590
3514.17691
3515.42034
3544.32403
3545.58253
3546.83887
3548.09328
3549.35282
3550.60574
3551.86251
3553.12408
3554.37775
3558.14701
3559.40341
3560.66166
3561.91624
3563.17355
3564.43063
3565.68968
3566.94355
3568.20101
3570.71324
3571.97080
3573.22682
3574.48384
3577.00464
3578.25382
3580.77114
3583.27994
3584.53781
3585.79341
3587.04975
3588.30970
3589.56306
3590.82049
3592.07898
3593.33482
3594.59063
3600.87072
3602.13045
3603.38707
3604.64422
3605.90094
3607.15752
3608.41391
3612.19192
3613.44004
3614.69380
3615.96343
3617.20965
3618.46690
3619.72604
3620.98059
3622.23660
3623.49652
3656.16903
3658.68217
3659.93770
3662.45266
3663.70894
3664.96420
3666.22240
3667.47806
3669.99166
3671.24823
3673.76088
3675.02036
3676.27483
3677.53200
3680.04444
3681.30153
