3571.51897
3572.69442
3573.87170
3575.04821
3576.22464
3577.40117
3578.57682
3579.75345
3580.92961
3583.28182
3584.45946
3585.63536
3586.81187
3587.98844
3589.16513
3590.34126
3591.51806
3592.69397
3593.87079
3595.04700
3600.93073
3602.10534
3603.28108
3604.45800
3605.63492
3607.98755
3609.16403
3612.69445
3613.86983
3615.04529
3616.22223
3617.39729
3618.57515
3619.75281
3620.92768
3622.10512
3623.28149
3625.63415
3626.81070
3627.98704
3629.16388
3630.33980
3631.51697
3632.69294
3633.86892
3635.04509
3636.22173
3637.40056
3638.57449
3640.92665
3642.10451
3643.28081
3644.45744
3645.63336
3646.81041
3647.98642
3649.16305
3650.33854
3651.51595
3652.69389
