3354.84082
3356.87314
3358.90769
3360.93944
3362.97628
3365.00999
3369.07228
3371.10370
3373.12384
3375.17120
3377.20267
3379.23598
3381.27186
3387.36820
3389.40015
3391.43132
3393.46516
3397.52942
3399.56221
3401.59604
3403.62532
3405.66235
3438.19248
3440.21598
3442.24843
3444.28078
3446.31468
3448.34715
3452.41048
3454.44322
3456.47620
3458.50885
3460.54098
3462.57507
3468.66464
3470.70421
3472.73935
3474.77076
3476.79269
3478.83633
3480.86950
3482.90147
3484.93559
3486.96595
3489.00124
3545.91385
3547.94635
3549.97968
3552.01272
3554.04450
3558.10786
3560.14362
3562.17529
3564.20873
3566.24080
3568.26442
3627.22092
3629.25518
3631.28673
3633.31928
3635.35165
3637.38524
3641.45006
3643.48056
3645.51394
3647.54776
3649.58099
3651.61328
3655.67684
3659.74339
3661.77504
3663.80856
3665.84196
3669.90652
3671.93954
3673.97178
3676.00539
3678.03519
3680.06995
3682.10078
