3711.81116
3712.91556
3714.01019
3715.11417
3716.20805
3717.31232
3718.40638
3719.51171
3720.60663
3721.70961
3722.80433
3726.10689
3727.20142
3728.30498
3729.39869
3730.50227
3731.59695
3732.70141
3733.79602
3734.90032
3735.99408
3737.09881
3739.29711
3740.39072
3741.49558
3742.58930
3743.69339
3744.78664
3745.89169
3746.98620
3748.09010
3749.18440
3752.48740
3753.58208
3754.68551
3755.78002
3756.88336
3757.97725
3759.08222
3760.17602
3761.28090
3762.37446
3818.43787
3819.53250
3820.63653
3821.73322
3822.83580
3823.92943
3825.03389
3826.12749
3827.23358
3829.42966
3830.52448
3831.62956
3832.72319
3833.82745
3834.92178
3836.02559
3837.11976
3838.22429
3839.31893
