3326.07304
3326.84910
3327.62447
3328.40314
3330.73260
3331.51079
3333.06331
3333.84081
3334.61688
3335.39103
3336.16933
3336.94544
3340.04943
3340.83053
3341.60175
3342.38229
3343.15901
3343.93392
3345.48833
3346.26671
3347.03996
3350.14866
3350.92717
3352.47955
3354.81423
3355.58572
3357.13896
3357.91689
3359.46873
3360.24695
3361.79916
3362.57540
3363.35214
3364.12866
3364.90590
3365.68372
3366.45899
3369.56467
3370.34271
3371.12020
3371.89661
3372.67209
3373.45405
3374.22525
3375.00607
3375.77885
3376.55626
3377.33071
3378.88599
3379.66145
3386.66345
3387.42652
3388.20520
3388.98269
3389.74892
3390.53620
3391.31257
3392.08842
3393.64231
3394.41827
3397.52339
3398.29515
3399.86767
3401.41577
3402.20174
3402.94679
3405.28372
3438.69059
3439.46570
3440.24202
3441.01958
3441.79495
3442.57249
3443.34905
3444.12461
3444.90217
3445.67895
3446.45569
3447.23231
3448.00811
3448.78498
3449.56166
3451.89335
3452.67011
3453.44531
3454.22172
3454.99844
3455.77464
3456.55235
3457.32911
3458.10562
3458.88159
3459.65833
3460.43619
3461.21234
3461.98853
3462.76537
3463.54333
3468.98145
3469.75335
3470.53216
3471.30889
3472.08574
3472.86290
3473.63899
3474.41489
3475.19172
3475.96951
3479.08078
3480.63765
3481.40050
3482.17493
3482.95743
3483.73436
3484.51314
3485.28554
3486.81968
3487.62559
3488.40686
3489.16940
3545.09165
3545.86804
3546.64523
3547.42232
3548.19792
3548.97371
3549.75215
3550.52817
3551.30461
3552.08266
3552.85840
3553.63390
3554.41129
3555.19057
3557.51737
3558.29409
3559.84789
3560.62507
3561.40175
3562.17853
3562.95600
3563.73173
3564.50857
3565.28487
3566.06261
3566.83828
3567.61521
3570.73553
3571.49892
3572.27543
3573.05093
3573.82802
3574.60447
3575.38130
3576.15785
3576.93474
3577.71095
3578.48771
3579.26569
3580.03900
3580.81789
3583.14962
3583.92490
3584.70140
3585.47786
3586.25725
3587.03153
3587.80831
3588.58414
3589.36339
3590.13907
3590.91502
3591.69151
3592.46727
3593.24423
3594.02236
3594.79832
3601.78669
3602.56330
3603.32792
3604.12001
3604.89818
3605.67262
3606.44938
3607.22544
3608.00036
3608.77894
3611.88553
3612.66181
3613.43857
3614.21789
3614.99113
3615.76942
3616.54471
3617.32267
3618.09953
3618.87559
3619.65224
3620.42831
3621.20502
3621.98221
3622.75753
3623.53424
3625.85936
3626.63940
3627.41755
3629.74892
3630.52411
3631.30135
3632.07793
3632.85545
3633.63072
3634.40846
3635.19006
3635.96201
3636.73746
3638.29747
3640.62174
3641.39718
3642.17451
3642.95152
3643.72875
3644.50497
3645.28133
3646.05761
3646.83478
3647.61205
3648.38796
3649.16484
3649.94057
3650.71756
3651.49408
3652.27130
3654.60263
3655.37187
3656.15823
3656.93003
3658.48313
3659.26107
3660.03604
3661.59167
3662.36699
3663.14414
3663.92161
3665.47493
3666.25219
3667.02836
3669.35748
3670.13555
3670.91089
3671.68821
3672.46574
3673.24135
3674.01734
3674.79453
3676.34830
3677.12465
3677.90006
3678.67831
3679.45401
3680.23198
3681.00784
3681.78320
