3326.94197
3328.42532
3330.92872
3333.89959
3335.89122
3336.38609
3336.88315
3340.36761
3340.86368
3341.36128
3342.85667
3343.35392
3343.85758
3344.84461
3345.34152
3345.83936
3346.33780
3346.83160
3349.81970
3350.31785
3350.81622
3352.31438
3352.80662
3354.79591
3356.78980
3357.77970
3358.27734
3359.77161
3360.28353
3360.77132
3361.75951
3362.25756
3362.75570
3363.25391
3364.24973
3364.75048
3365.74132
3366.73559
3369.22819
3369.72092
3370.21764
3371.21349
3371.71206
3372.20961
3374.19872
3374.69588
3375.19336
3375.69209
3377.68398
3378.17914
3379.17338
3379.67200
