3355.04816
3358.41798
3361.81534
3365.18798
3371.95730
3375.34837
3378.72242
3388.88457
3392.26022
3399.02438
3402.41943
3405.79309
3439.63242
3443.02863
3446.40070
3449.79779
3453.16961
3456.56323
3459.93685
3463.33080
3470.09870
3473.48070
3480.23633
3483.64235
3487.00320
3493.77538
3497.17148
3500.54429
3507.31390
3510.70278
3514.08315
3544.55471
3547.91771
3551.30701
3554.68546
3558.07826
3561.44898
3564.85138
3568.21466
3571.62051
3574.98573
3578.38358
3585.14733
3588.52521
3591.91776
3595.29318
3625.76520
3629.13393
3632.52502
3635.89995
3642.67243
3646.06253
3649.43220
3656.19952
3659.60131
3662.96659
3666.36445
3669.73598
3673.13110
3676.50880
3679.89953
