3625.73279
3626.57759
3627.42294
3629.11489
3629.95999
3630.80567
3631.65291
3632.49695
3633.34264
3634.18805
3635.03446
3635.87880
3636.72708
3640.95411
3641.79898
3642.64572
3643.49433
3644.33720
3645.18443
3646.02999
3646.87380
3647.71807
3648.56384
3649.41294
3650.25724
3651.10274
3651.94860
3654.48321
3655.33062
3656.17716
3657.02132
3658.71340
3659.56085
3660.40509
3661.24715
3662.09534
3662.94114
3663.78514
3664.63306
3665.47954
3666.32399
3667.16909
3669.70762
3670.55222
3671.39779
3673.09058
3673.93570
3674.78207
3675.62664
3676.47348
3677.31822
3678.16430
3679.01024
3679.85610
3680.70079
3681.54733
