3364.27099
3372.18736
3376.33383
3388.39639
3440.04306
3440.41924
3443.81302
3444.18946
3444.56599
3447.95919
3448.33579
3452.10612
3452.48273
3455.87601
3456.25218
3456.62878
3460.02271
3460.39887
3468.69185
3472.46215
3475.85557
3476.23215
3476.60876
3480.00209
3480.37801
3480.75576
3484.14781
3484.52470
3487.91929
3496.21159
3499.98193
3508.27473
3508.65048
3512.04456
3512.42122
3512.79809
3572.35986
3572.73686
3576.12979
3576.50650
3576.88350
3580.27636
3580.65292
3581.02986
3584.42360
3588.19276
3588.56947
3588.94638
3592.33974
3592.71616
3604.40288
3604.77952
3608.17241
3608.54953
3608.92716
3612.31964
3612.69649
3613.07388
3616.46614
3616.84335
3620.61297
3620.99007
3640.59339
3652.27909
3660.19521
3660.57256
3664.34171
3676.40497
3680.17470
3680.55234
