3684.08559
3684.85006
3685.60483
3686.36897
3687.12706
3690.17005
3690.93431
3693.21888
3693.97879
3694.73736
3695.50064
3698.54494
3699.30476
3700.06723
3700.82384
3701.58965
3702.34954
3703.11112
3703.86772
3704.63151
3705.39192
3706.91236
3707.67534
3708.43303
3709.19745
3709.95957
3712.23956
3712.99914
3713.76298
3714.52719
3715.28533
3716.04207
3716.80693
3717.56677
3718.32900
3719.08932
3719.85062
3720.61877
3721.37206
3722.13236
3722.89316
3726.69897
3727.45896
3728.22097
3728.97933
3729.73899
3730.50376
3731.26411
3732.02646
3732.78715
3733.54887
3734.30828
3735.07115
3735.82895
3736.59261
