3325.62965
3326.19642
3328.48343
3329.04890
3330.76414
3331.33687
3333.04756
3333.61917
3334.18944
3334.76335
3335.90125
3336.47102
3337.04359
3337.61304
3338.18706
3340.47027
3342.75220
3343.32330
3343.89641
3345.03343
3345.60440
3346.18024
3347.31776
3350.17569
3350.74594
3352.45843
3354.75407
3355.30482
3355.89043
3356.45795
3357.03005
3358.18564
3359.87212
3362.15960
3363.30003
3365.01463
3365.58695
3366.71871
3369.00090
3369.58255
3371.30287
3371.86945
3373.02212
3374.14453
3374.71917
3375.29423
3376.99516
3377.57665
3379.30885
3386.72580
3390.13435
3393.00132
3398.14375
3399.24093
3400.42039
3402.12756
3492.32763
3492.88718
3493.46219
3494.03120
3494.60366
3495.17313
3495.73040
3496.31987
3496.88849
3497.45593
3498.03373
3498.60384
3499.17259
3499.74414
3500.30819
3500.88271
3501.44437
3502.02190
3502.59668
3505.44973
3506.01689
3506.58118
3507.15857
3507.73456
3508.30087
3508.87871
3509.45006
3510.00783
3510.58013
3511.15071
3511.72823
3512.30009
3512.86502
3513.44654
3514.01032
3514.58513
3515.15397
3515.72558
