3354.63520
3356.92129
3359.20835
3361.49518
3363.77949
3372.92733
3375.21524
3377.50081
3379.78811
3386.64530
3388.93310
3391.22009
3393.50538
3398.07310
3400.36482
3404.93527
3439.23616
3441.52133
3443.80908
3446.09525
3448.38214
3452.95429
3455.24133
3457.52672
3459.81384
3462.10061
3468.95933
3471.24573
3473.53276
3475.81954
3480.39240
3482.67897
3484.96530
3487.25299
3489.53787
3494.11124
3496.39911
3498.68376
3500.97111
3505.54504
3507.83269
3510.11703
3512.40330
3514.68921
3544.41477
3546.70011
3548.98717
3551.27350
3553.56016
3558.13298
3560.41968
3562.70612
3564.99281
3567.27884
3571.85105
3574.13874
3576.42501
3578.71089
3580.99753
3583.28976
3585.57053
3587.85713
3590.14387
3592.43068
3594.71679
3626.72829
3633.58817
3638.16052
3640.45159
3642.73322
3645.01999
3647.30633
3649.59308
3651.87915
3654.16615
3656.45215
3658.73869
3661.02544
3663.31479
3665.59804
3670.17133
3674.74396
3677.03071
3679.31727
3681.60342
