3684.43914
3685.33049
3685.77595
3686.22113
3686.66798
3687.11409
3687.55822
3690.23204
3690.68028
3691.12488
3691.57131
3693.79959
3694.24359
3695.13687
3695.58199
3698.25701
3699.14715
3699.59400
3700.48632
3700.93126
3701.37653
3703.15923
3704.05209
3704.94506
3705.38857
3707.17283
3707.61824
3708.06396
3708.50958
3709.40223
3709.84789
3712.52096
3712.96747
3713.86020
3714.30552
3715.19793
3716.08682
3716.53504
3716.97980
3717.42594
3718.31856
3718.76201
3719.65420
3721.88360
3722.77684
3723.22119
3727.23141
3727.67771
3728.57102
3729.90744
3730.35237
3730.79762
3731.69130
3732.13359
3733.02911
3733.91721
3734.36445
3735.25661
3736.14756
3736.59194
3739.71359
3740.60628
3741.05166
3741.94353
3742.83319
3743.27991
3744.17133
3745.50756
3746.40011
3747.29329
3747.73693
3748.62948
3749.52102
3749.96665
3752.19556
3753.08624
3754.42329
3755.31614
3756.65263
3758.88052
3759.77358
3761.11022
3762.00256
