3439.39531
3441.72679
3444.06933
3446.40958
3448.74933
3453.42886
3455.76732
3458.10668
3460.44675
3462.78373
3469.79289
3472.14027
3474.48329
3479.16053
3481.49703
3483.83561
3486.18448
3488.51442
3493.19226
3495.53947
3497.87318
3500.21840
3502.55671
3507.23099
3509.57080
3511.90724
3514.24558
3544.65837
3546.99690
3549.33396
3551.66974
3554.01891
3561.04071
3563.37128
3565.71554
3568.05858
3654.62893
3656.94202
3659.29648
3661.62837
3663.97021
3666.32176
3670.98591
3673.33551
3675.66538
3678.02008
3680.38011
