3357.15293
3365.11751
3369.10384
3373.08494
3377.06662
3389.01400
3392.99573
3396.98203
3400.96664
3404.94329
3440.78920
3444.77645
3448.75546
3452.74062
3456.72061
3460.70478
3468.67069
3472.65255
3476.63692
3480.61936
3484.60226
3488.58632
3492.56676
3496.55123
3500.53366
3508.49754
3512.47946
3544.34519
3548.32436
3552.30734
3560.27130
3564.25896
3568.24342
3576.20111
3580.18546
3584.17040
3588.15048
3592.14326
3627.98348
3631.96960
3635.94626
3643.91191
3647.89444
3651.87722
3655.85986
3659.84200
3663.82752
3671.79054
3675.77334
3679.75820
