3326.14549
3326.87394
3327.60366
3328.33144
3329.04796
3329.78590
3330.51819
3333.43581
3334.16213
3335.62095
3336.34838
3337.07736
3339.99304
3340.72155
3341.45413
3342.18414
3342.90838
3343.63538
3344.36811
3345.09459
3345.82290
3346.55270
3347.27586
3350.19633
3350.92657
3352.38437
3354.56801
3355.29315
3356.02782
3356.75714
3357.48606
3358.21488
3358.94373
3359.67277
3360.40399
3361.85771
3362.58578
3363.31824
3364.04631
3364.77422
3365.50391
3366.23720
3369.14654
3369.87342
3371.33414
3372.06272
3372.79259
3374.24918
3374.97778
3375.70232
3376.43636
3377.16137
3379.35008
3380.06893
3380.79807
3386.63941
3388.09800
3388.81879
3389.55779
3390.28988
3391.01248
3391.73302
3392.46942
3393.19143
3393.92390
3397.56909
3398.31142
3400.46375
3401.19460
3402.66891
3403.38049
3404.11541
3405.59933
