3354.37307
3356.61422
3363.31043
3365.54480
3370.01294
3372.24690
3374.48079
3376.71658
3378.95030
3381.18328
3439.27177
3441.50813
3443.74088
3445.97543
3448.21000
3452.67897
3454.91214
3457.14617
3459.38174
3461.61474
3470.55157
3472.78565
3475.02179
3479.48742
3481.72281
3483.95621
3486.19025
3488.42443
3492.89989
3495.13274
3497.36796
3499.59519
3501.83092
3506.29748
3508.53370
3510.76720
3513.00058
3515.23639
3544.29036
3546.51412
3548.74739
3550.98217
3553.21740
3562.15270
3564.38676
3566.62130
3571.09120
3573.32324
3575.55832
3577.79197
3580.02742
3584.49472
3586.72794
3588.96337
3591.19708
3593.43106
3602.36826
3604.60194
3609.07045
3613.53867
3615.77253
3618.00822
3620.24068
3622.47527
3626.94497
3629.17692
3631.41237
3633.64648
3635.87933
3638.11464
3640.35094
3642.58190
3644.81694
3647.05074
3649.28485
3651.51878
