3684.54695
3685.05044
3685.55490
3686.05954
3686.56324
3687.06770
3687.57129
3690.09278
3690.59744
3691.10027
3691.60491
3694.12453
3694.62828
3695.13340
3695.63857
3698.66331
3699.16750
3699.67055
3700.17513
3700.67994
3701.18388
3703.20003
3704.20818
3704.71300
3705.21818
3705.72090
3706.72903
3707.23293
3707.73539
3708.24133
3708.74532
3709.24936
3709.75365
3711.77023
3712.77788
3713.28224
3713.78662
3714.29067
3714.79468
3715.29975
3716.81169
3717.81987
3718.32421
3718.82885
3719.33219
3719.83584
3720.84422
3721.34961
3721.85322
3722.35669
3722.86129
3723.36604
3727.39752
3727.90301
3728.40775
3728.91007
3729.91946
3730.42372
3730.92842
3731.43198
3731.93659
3732.43977
3732.94377
3733.44830
3733.95205
3734.45606
3734.95956
3735.46366
3735.96851
3736.47256
3736.97772
3738.99328
3739.49733
3740.00109
3740.50555
3741.00960
3741.51360
3742.01783
3742.52150
3743.02638
3743.52983
3744.03443
3744.53915
3745.04228
3745.54674
3746.05028
3746.55545
3747.05943
3747.56291
3748.06747
3748.57142
3749.07635
3749.58007
3752.10001
3752.60463
3753.10933
3753.61287
3754.11775
3754.62147
3755.12509
3755.62935
3756.13354
3756.63820
3757.14217
3757.64585
3758.15074
3758.65451
3759.15874
3759.66278
3760.16689
3760.67081
3761.17492
3761.67922
3762.18344
3762.68705
3818.14170
3818.64647
3819.14970
3819.65373
3820.15858
3822.17541
3822.67876
3823.68640
3824.19057
3824.69498
3825.19920
3825.70352
3826.71166
3827.21534
3829.73665
3830.74492
3831.75260
3832.25736
3832.76098
3833.26570
3833.76995
3834.27335
3834.77771
3835.28147
3836.79357
3837.29820
3837.80218
3838.30686
3839.31508
3840.32291
3840.82791
