3438.90858
3439.89406
3440.86460
3442.76977
3443.73973
3444.70992
3445.67722
3446.65657
3447.58788
3448.58012
3452.44334
3453.42349
3454.38359
3455.34334
3456.31762
3457.28183
3458.24957
3459.22775
3460.19883
3461.17669
3462.11830
3463.09033
3468.90007
3469.85112
3470.80834
3472.77124
3473.73056
3475.63873
3476.60871
3478.55882
3479.53160
3480.48367
3481.46023
3482.43454
3483.38165
3484.36985
3485.32608
3486.29975
3487.27887
3488.22844
3489.20322
3492.09129
3493.05289
3494.03576
3495.00036
3495.97394
3496.95510
3497.90878
3498.86762
3499.83789
3500.79887
3501.76005
3502.72660
3505.66042
3506.59200
3507.57584
3508.53452
3509.49808
3510.46317
3511.41854
3512.40956
3513.35864
3514.35297
3515.30268
