3390.42042
3391.34169
3397.76896
3399.62525
3403.29570
3439.16147
3441.91820
3443.75516
3445.59840
3449.27389
3452.05768
3455.71349
3456.63293
3457.55142
3462.15453
3469.51469
3471.38940
3473.19040
3475.03879
3480.54566
3481.46672
3482.39033
3486.98421
3487.90264
3488.83801
3492.50352
3493.41959
3495.25714
3497.10449
3500.77461
3501.69348
3502.61603
3506.29506
3508.12912
3509.97192
3513.64844
3514.57072
3515.48451
3544.91687
3546.74773
3548.59861
3550.42567
3552.30423
3561.46082
3563.29967
3566.97983
3574.33424
3576.17113
3583.52926
3585.37220
3590.88519
3601.92244
3603.75631
3609.27814
3614.79898
3615.72148
3616.64154
3622.14997
3654.33869
3658.94178
3659.85882
3666.29724
3669.05291
3673.65300
3674.57173
3679.17161
3680.08937
3681.00929
