3326.51337
3327.61816
3328.74954
3329.85786
3330.99312
3332.12868
3333.23930
3334.35148
3335.48320
3336.60030
3337.72863
3339.95706
3341.07615
3342.20200
3343.31898
3344.44385
3345.56563
3346.68312
3350.04617
3351.17000
3352.29044
3354.53041
3355.65030
3356.77112
3357.89096
3359.01784
3360.13958
3362.37902
3363.50466
3364.61907
3365.73815
3366.85246
3369.10650
3370.22389
3371.35258
3374.71166
3376.94851
3379.19297
3387.03044
3388.15035
3389.27464
3390.39013
3391.51552
3393.75148
3397.12232
3398.24494
3399.35943
3400.48917
3401.61474
3402.74654
3403.84609
3404.97512
3438.59849
3439.71619
3440.83870
3441.96169
3443.08679
3444.20196
3445.31937
3446.44257
3447.56631
3448.68631
3449.80088
3452.04864
3453.17865
3454.29110
3455.40691
3456.54060
3457.64978
3458.78114
3459.88694
3461.02028
3462.13582
3463.25654
3468.84900
3469.99123
3471.09938
3472.21889
3473.34968
3474.46771
3475.59373
3478.95077
3480.06776
3481.19844
3482.31562
3483.43203
3484.55588
3485.66993
3486.80109
3487.91562
3489.03111
3492.39886
3493.52527
3494.64854
3495.76494
3496.88147
3497.99504
3499.12072
3500.25548
3501.37192
3502.49634
3505.85507
3506.96448
3508.09134
3509.22175
3510.33129
3511.45410
3512.58085
3513.69751
3514.81952
3515.95076
3545.07716
3546.20358
3547.32176
3548.45264
3549.56090
3550.68455
3551.80027
3552.93172
3554.04974
3555.16887
3557.39803
3559.65776
3560.77482
3561.89280
3563.01473
3564.13695
3565.26065
3566.37560
3567.50334
3570.87158
3571.99124
3573.11246
3574.22483
3575.34142
3576.47545
3577.58278
3578.71009
3579.83126
3580.95945
3584.31559
3585.43185
3586.54751
3587.67723
3588.79884
3589.91228
3591.04407
3592.15464
3593.28638
3594.40947
3601.10897
3602.24748
3603.36038
3604.48651
3605.62319
3606.73996
3607.85463
3608.97168
3612.33084
3613.45407
3614.58103
3615.69177
3616.79223
3617.93955
3619.05890
3620.18796
3621.30586
3622.43151
3623.54932
3625.78760
3626.90482
3628.02828
3629.15463
3630.26829
3632.50708
3633.63556
3634.75337
3635.87864
3636.99282
3638.09587
3641.47448
3642.60049
3643.71747
3644.84578
3645.97378
3647.07155
3648.19766
3649.32534
3650.44415
3651.57468
3652.68578
3654.92494
3656.05552
3657.17204
3658.28880
3659.41486
3660.53136
3661.65615
3662.77916
3663.89738
3665.01814
3666.13559
3667.26293
3669.50504
3670.62464
3671.73692
3672.85922
3673.98258
3675.10467
3676.22258
3677.34896
3678.47097
3679.59685
3680.71353
3681.82392
