3469.34094
3470.11154
3470.87497
3472.40142
3473.16657
3473.93426
3474.69016
3475.46176
3476.22531
3479.28245
3480.03915
3480.80455
3481.57450
3482.33500
3483.10369
3483.86082
3484.62608
3485.39189
3486.15423
3486.91498
3487.68635
3488.44954
3489.21451
3492.27672
3493.03463
3493.79764
3494.55883
3495.32470
3496.08859
3496.85373
3497.61785
3498.37730
3499.14863
3499.91348
3500.67529
3501.43584
3502.20359
3505.25628
3506.02406
3506.78722
3507.54567
3508.30555
3509.08049
3509.84348
3510.60293
3511.36964
3512.13443
3512.89983
3513.66494
3514.43738
3515.18614
3544.99518
3545.75306
3546.52019
3547.29347
3548.04396
3548.80888
3549.57727
3550.34204
3551.10524
3551.86207
3552.62625
3553.40262
3554.15862
3554.92733
3557.21026
3557.98535
3559.50620
3560.28388
3561.03689
3561.80048
3562.56223
3563.32788
3564.09238
3564.85964
3565.62194
3566.38439
3567.15393
3567.91481
3654.25343
3655.02253
3655.78180
3656.55036
3657.31438
3658.07572
3658.84647
3659.60551
3660.36941
3661.90354
3662.66312
3663.42263
3664.96542
3665.71588
3666.48226
3667.24947
3670.30113
3671.06491
3671.83232
3673.35248
3674.12343
3674.89046
3675.64852
3676.41009
3677.18301
3677.94653
3678.70488
3679.47300
3680.23476
3681.00198
3681.76331
