3326.32136
3335.17145
3338.21168
3341.12381
3344.15873
3347.07061
3350.10893
3388.70837
3391.74592
3397.69617
3403.64071
3492.85747
3495.76894
3498.80700
3501.71564
3507.66361
3510.69991
3513.61055
3546.38855
3549.29953
3552.33624
3555.24859
3558.28353
3561.19515
3564.23241
3567.14393
3573.09204
3576.12692
3579.03955
3584.98824
3588.02339
3590.93473
3593.97209
3602.82911
3605.86804
3608.77798
3614.72580
3617.76398
3620.67370
3656.36217
3659.39985
3662.31130
3671.29377
3674.20576
3677.24432
3680.15611
