3572.07115
3573.55069
3575.03169
3576.51050
3577.99188
3579.46974
3580.95148
3583.91208
3585.38567
3586.86890
3588.34373
3589.82147
3591.30432
3592.78527
3594.26804
3601.66466
3604.62165
3606.09728
3607.57920
3609.06225
3613.49427
3614.98876
3616.45110
3617.93234
3619.42007
3620.88673
3622.37591
3626.81385
3629.77038
3631.24801
3632.73086
3634.20986
3635.68569
3637.16866
3638.64767
3641.61054
3643.08585
3644.56932
3646.04716
3647.52649
3649.00250
3650.48409
3651.96171
3654.92661
3656.40833
3657.87828
3659.35952
3662.31913
3663.79941
3665.28333
3666.75681
3669.71620
3671.19469
3672.67876
3674.15264
3675.63693
3677.11239
3678.59310
3680.07447
3681.55233
