3684.59338
3685.78597
3686.97851
3688.17043
3689.37021
3690.55793
3692.94737
3694.13414
3695.32418
3698.90758
3700.10045
3701.29334
3702.48598
3703.67860
3704.87173
3706.06227
3707.25730
3708.45825
3709.64296
3712.02978
3713.22185
3714.41473
3715.60846
3716.79997
3717.99251
3719.18567
3720.37922
3721.57308
3722.76415
3726.34272
3727.53513
3728.73065
3729.92133
3731.11493
3732.30717
3733.49970
3734.69555
3735.88598
3737.07879
3739.46513
3740.65752
3741.85051
3743.04287
3744.23513
3745.42849
3746.62164
3747.81404
3749.00609
3752.58640
3753.77545
3754.97019
3756.16290
3757.35749
3758.54958
3759.74329
3760.93572
3762.12818
3816.99938
3818.19452
3819.38493
3820.57821
3821.77163
3822.96461
3824.15687
3825.35070
3826.54247
3830.12270
3831.31504
3832.50763
3833.69972
3834.89304
3836.08521
3837.27864
3838.47102
3839.66413
3840.85736
