3438.68740
3440.42508
3442.16202
3443.89893
3445.63655
3447.37307
3449.10869
3452.58589
3454.32116
3456.05831
3457.79651
3459.53526
3461.27057
3463.01021
3469.95903
3471.69518
3473.43246
3475.16908
3478.64162
3480.37954
3482.11820
3483.85440
3485.58986
3487.32799
3489.06753
3492.53929
3494.27801
3496.01430
3497.75093
3499.48704
3501.22676
3506.43961
3508.17315
3509.91279
3511.65284
3513.38739
3515.12276
3626.30058
3628.03406
3629.77811
3631.51631
3633.25389
3634.98690
3636.72473
3638.46334
3641.93635
3643.67850
3645.40997
3647.14645
3648.88465
3650.62145
3652.36011
