3355.46855
3356.71825
3357.95846
3359.20670
3360.45353
3364.19171
3366.68142
3370.42145
3371.66715
3372.91102
3374.15558
3375.39820
3376.65176
3379.13763
3386.60641
3389.09237
3390.34524
3394.08487
3397.81613
3400.30176
3401.55532
3402.79866
3404.04438
3405.29168
3440.16304
3441.41196
3442.65426
3443.89614
3445.14681
3446.39021
3447.63540
3448.87930
3452.61348
3453.86026
3455.10364
3456.35152
3457.59447
3458.84489
3460.08673
3461.33130
3462.57727
3468.80540
3470.05406
3471.29666
3472.54317
3473.78840
3476.27997
3478.77054
3480.01545
3481.26067
3482.50717
3483.75269
3484.99621
3486.24081
3487.48384
3488.73032
3492.46969
3493.71388
3494.96008
3496.20275
3497.44868
3498.69659
3499.93915
3501.18662
3502.42984
3506.16559
3507.41233
3508.65773
3509.90349
3511.14559
3512.39226
3513.63884
3514.88540
3544.77234
3546.02175
3547.26428
3548.51132
3549.75750
3551.00296
3552.24781
3553.49251
3554.73887
3558.47575
3559.72247
3560.96883
3562.21354
3563.45953
3564.70477
3565.95069
3567.19594
3602.06670
3604.54674
3605.80231
3607.04865
3608.29045
3612.02150
3613.27478
3614.51855
3615.77112
3618.25602
3619.50161
3620.74783
3621.99277
3626.97103
3629.46671
3630.71161
3633.19966
3634.44614
3635.68960
3636.93619
3640.67500
3641.91853
3643.16130
3644.40996
3645.65556
3646.90020
3648.14542
3649.39032
3650.63673
3651.88393
3654.37025
3656.86848
3658.10882
3659.35441
3660.60485
3661.84815
3663.09305
3664.33824
3665.58055
3666.83201
3669.32335
3670.56426
3671.81629
3673.06345
3674.30319
3676.80086
3678.04015
3679.28588
3680.53284
3681.77711
