3325.72418
3326.30766
3326.88211
3328.04968
3328.62567
3330.95090
3333.27883
3333.85590
3336.17793
3337.34058
3340.25111
3340.83008
3341.41332
3341.98838
3342.57523
3343.15776
3343.73510
3344.90579
3345.48397
3346.05176
3350.12916
3350.70770
3352.44691
3654.62177
3655.79284
3656.37386
3656.95443
3658.69458
3659.28429
3659.86162
3661.02296
3661.59866
3662.18981
3662.76825
3663.34032
3663.92829
3665.09972
3665.67533
3666.24894
3666.83492
3669.74117
3670.32078
3670.90936
3671.48569
3672.65077
3673.22149
3673.80858
3674.39097
3674.96784
3676.13276
3676.71639
3677.29363
3677.87441
3678.44983
3679.03788
3679.61872
3680.20147
3680.78407
3681.36516
3681.94425
