3356.76780
3357.75439
3359.70777
3360.68824
3362.64935
3364.60856
3365.58847
3366.56786
3369.50841
3370.48937
3371.47004
3374.41158
3375.39262
3376.37403
3377.35721
3378.33859
3379.31032
3381.27035
3386.17120
3387.15145
3388.13147
3391.07091
3393.03229
3396.95579
3397.93319
3399.90253
3402.83498
3404.79564
3405.77485
3439.10077
3440.08184
3442.04290
3443.02268
3444.98220
3445.96361
3446.94393
3447.92327
3448.90363
3449.88204
3451.84181
3452.82174
3453.80228
3454.78162
3455.76212
3456.74350
3457.72367
3458.70474
3459.68318
3460.66352
3461.64432
3462.62334
3463.60102
3468.50529
3469.48247
3470.46443
3471.44307
3472.42234
3473.40217
3474.38291
3475.36285
3476.34286
3479.28402
3480.26552
3481.24752
3482.22797
3483.21099
3484.18745
3485.16577
3486.14896
3487.12626
3489.08794
3544.96557
3545.93591
3546.91603
3547.89635
3548.87695
3549.85602
3550.83614
3551.81585
3552.79574
3553.77588
3554.75619
3559.65828
3560.63865
3561.62001
3562.60249
3563.58423
3564.56724
3565.53913
3566.51951
3567.49948
3572.39947
3573.37997
3574.35979
3575.34017
3576.31979
3577.30047
3578.28101
3579.26102
3580.24268
3581.22366
3583.18655
3584.16227
3586.12348
3587.10289
3588.08345
3589.06199
3590.04330
3591.02291
3592.00285
3592.98301
3593.96266
3594.94284
3601.80471
3602.78819
3604.75047
3605.73612
3606.70553
3607.68653
3608.66695
3611.60611
3612.58526
3613.56575
3615.52577
3616.50604
3617.48618
3618.46615
3619.44682
3620.42723
3621.40718
3622.39035
3626.30819
3627.28876
3630.22944
3633.16958
3634.14919
3636.10947
3637.08930
3641.99065
3642.97274
3643.95461
3644.93279
3645.91758
3646.90521
3648.87367
3649.83208
3650.81438
3651.79318
3655.71222
3656.69212
3658.65369
3659.63346
3660.61280
3662.57475
3663.55534
3665.51779
3666.49949
3667.48182
3670.42039
3671.39693
3673.35730
3674.33610
3675.31605
3676.29595
3677.27570
3678.25563
3679.23727
3680.21674
3681.19658
