3326.40070
3327.73428
3331.76856
3333.13517
3335.78558
3337.16833
3341.19088
3343.87702
3345.24948
3346.60004
3350.60753
3351.96693
3354.66278
3356.01283
3357.35896
3360.05417
3361.39714
3362.74622
3364.08998
3365.43814
3366.78979
3369.47835
3370.82835
3372.18301
3373.51088
3374.86847
3376.21691
3377.55810
3378.91358
3386.98542
3388.33151
3389.68417
3391.02930
3392.37598
3393.72330
3397.76858
3399.10587
3400.45926
3401.80512
3403.16149
3404.49489
3405.84635
3469.14278
3470.49320
3471.84495
3473.18436
3474.53392
3475.87947
3478.57671
3479.91985
3481.26864
3482.61184
3483.96779
3485.30786
3486.66380
3488.00293
3489.33283
3492.03786
3493.38665
3494.73267
3496.09968
3497.41824
3498.77899
3500.12764
3501.46254
3505.50774
3506.85864
3508.19936
3509.54601
3510.90119
3512.24488
3513.58447
3514.94612
3571.50729
3572.84928
3574.19880
3575.54889
3576.89499
3578.23995
3579.58844
3580.93321
3583.61594
3584.97576
3586.32507
3587.67671
3589.02264
3590.35566
3591.70639
3593.05005
3594.40072
3655.00257
3656.35480
3659.04687
3660.39272
3661.74035
3663.09102
3664.43901
3665.78139
3667.13346
3669.82368
3671.17544
3672.51694
3673.86445
3675.21118
3676.56337
3677.90600
3679.26025
3680.60829
3681.94384
