3325.66371
3326.45673
3328.04032
3328.83332
3330.42166
3331.21303
3332.79519
3333.58962
3334.37883
3335.16921
3335.96820
3336.76505
3337.55432
3340.72523
3341.51832
3342.30967
3343.10673
3343.89708
3345.48161
3346.27419
3347.07384
3350.23706
3351.03283
3352.61539
3354.99372
3355.78852
3356.58521
3357.37143
3358.16455
3358.95890
3359.75126
3360.54556
3361.33473
3362.12769
3362.92328
3364.50613
3369.26532
3370.84771
3371.63870
3374.02068
3374.82366
3375.60187
3376.39719
3377.19867
3378.77556
3379.56923
3386.70726
3387.49639
3388.29072
3389.08272
3390.67249
3391.45914
3392.25100
3393.04532
3393.83388
3397.00856
3397.80291
3399.38666
3400.17864
3400.97444
3401.76528
3402.55857
3403.35051
3404.14382
3404.93322
3405.73445
3438.23286
3439.02207
3439.81451
3440.60919
3441.40088
3442.19300
3442.98494
3443.77920
3444.57355
3445.36959
3446.15903
3446.95265
3447.74375
3448.53591
3449.32613
3452.50182
3453.29471
3454.08221
3454.88040
3455.66860
3456.46060
3457.25913
3458.04833
3458.84327
3459.63330
3460.43039
3461.22290
3462.01457
3462.81000
3463.59912
3469.14626
3469.93848
3470.73354
3472.31622
3473.10907
3473.90277
3474.69700
3475.48739
3476.28253
3478.65725
3479.45016
3480.24697
3481.03958
3481.82754
3482.62161
3483.41382
3484.20547
3485.00218
3485.79417
3486.58380
3487.37850
3488.17140
3488.96613
3489.75940
3544.45574
3545.24611
3546.04156
3546.83590
3547.62760
3548.41813
3549.21348
3550.00381
3550.79753
3551.59004
3552.38302
3553.17507
3553.96646
3554.75997
3557.93371
3559.51735
3560.31199
3561.10244
3561.89242
3562.68932
3563.48093
3564.27212
3565.06703
3565.85984
3566.65324
3567.44949
3568.23912
3571.41788
3572.20930
3574.58196
3575.36911
3576.95436
3577.75385
3578.54245
3579.33056
3580.12369
3584.88656
3585.67794
3586.46646
3587.27400
3588.04957
3588.84483
3591.22572
3592.02641
3592.81065
3594.40430
3595.19656
3601.53380
3602.32175
3603.11320
3603.90953
3604.70456
3605.49699
3606.28866
3607.08314
3607.87763
3608.66806
3611.83864
3612.63270
3613.42444
3614.21519
3615.00858
3615.80113
3616.59248
3617.38661
3618.17806
3618.97260
3619.76327
3620.56132
3621.34945
3622.14157
3622.93636
3626.10182
3626.89571
3627.69127
3629.28645
3630.06612
3630.86361
3631.66278
3632.44833
3633.24270
3634.03345
3634.82480
3635.61807
3636.41968
3637.20576
3641.17142
3641.96036
3642.75093
3643.54850
3644.33857
3645.12992
3645.92234
3646.72315
3647.50993
3648.30139
3649.09450
3649.88972
3650.68080
3651.47633
3652.26596
3654.65205
3655.43509
3656.23303
3657.02287
3658.60980
3659.39846
3660.19661
3660.98700
3661.77893
3662.56977
3663.36301
3664.94579
3665.74116
3666.53586
3667.33047
3669.70752
3670.49889
3671.29265
3672.87808
3673.67004
3674.46287
3675.25382
3676.04763
3676.84387
3677.63321
3678.42535
3679.21976
3680.01113
3680.80447
3681.59757
