3354.76584
3356.01093
3357.25746
3358.50611
3359.75020
3362.24611
3363.49420
3364.73962
3369.72727
3370.97795
3372.22145
3373.46991
3374.71517
3377.21074
3379.70300
3387.18593
3388.43035
3389.67865
3390.92521
3392.17059
3393.42011
3397.15930
3398.40697
3399.65208
3400.89932
3402.14868
3403.39360
3405.88898
3438.30633
3439.55422
3440.80198
3442.04847
3443.29621
3444.54120
3445.78944
3447.03603
3448.28345
3449.52904
3452.02317
3453.27099
3454.51778
3455.76578
3457.01041
3458.25824
3459.50337
3460.75237
3461.99833
3463.24549
3469.48051
3470.72863
3471.97370
3473.22235
3474.46824
3475.71554
3479.45577
3480.70315
3481.94774
3483.19759
3484.44266
3485.69111
3486.93742
3488.18480
3489.43120
3493.17171
3494.41797
3495.66450
3496.91214
3498.16138
3499.40589
3500.65232
3501.89991
3505.64303
3506.89059
3508.13451
3509.38034
3510.62726
3511.87376
3513.12072
3514.36708
3515.61772
3544.28967
3545.54221
3546.79113
3548.03724
3549.28322
3550.52978
3551.77735
3553.02512
3554.27322
3558.01240
3559.25972
3560.50598
3561.75385
3562.99986
3564.24619
3565.49436
3566.73961
3567.98796
3571.72812
3572.97490
3574.22168
3575.46880
3576.71624
3577.96314
3579.21002
3580.45642
3582.95255
3584.19712
3585.44309
3586.69239
3587.93729
3589.18448
3590.43262
3591.67933
3592.92517
3594.17365
3595.41935
3601.65449
3602.90071
3604.14891
3605.39556
3606.64235
3607.88906
3609.13610
3611.63143
3612.87729
3614.11995
3615.37006
3616.61728
3617.86308
3619.11165
3620.35766
3621.60655
3622.85228
3626.59255
3627.83793
3629.08753
3630.33449
3631.58152
3632.82659
3634.07654
3635.32226
3636.56808
3637.80897
3641.55423
3642.80363
3644.05014
3645.29695
3646.54364
3647.78936
3649.03546
3650.28615
3651.52963
3655.27254
3656.52071
3659.01264
3660.25911
3661.50659
3662.75515
3664.00041
3665.24887
3666.49432
3668.98164
3670.23598
3671.48161
3672.72967
3673.97573
3675.22385
3676.46987
3677.71727
3678.96435
3680.21216
3681.45769
