3684.36817
3685.32189
3686.27419
3687.22589
3688.17719
3689.12723
3690.08322
3691.03594
3691.98975
3692.94002
3693.89398
3694.84523
3695.79784
3698.65476
3699.60635
3700.56020
3701.51134
3702.46260
3703.41627
3704.36878
3705.31979
3706.27463
3707.22600
3708.17873
3709.13009
3711.98774
3712.93983
3713.89295
3714.84475
3715.79721
3716.74969
3717.70281
3718.65454
3719.60643
3720.55976
3721.51242
3722.46371
3723.41763
3725.32531
3726.27398
3727.22555
3728.18116
3729.13108
3730.08280
3731.03589
3731.98831
3732.93988
3733.89171
3734.84451
3735.79712
3736.74888
