3325.87655
3327.73875
3329.60436
3331.48674
3333.36502
3335.28302
3337.13845
3340.90072
3342.78546
3344.64134
3346.55085
3350.30053
3352.18138
3355.95704
3357.82838
3359.71738
3361.59326
3363.48207
3365.35341
3369.13407
3371.03737
3372.87991
3374.76375
3376.64392
3378.53927
3380.40055
3387.93330
3389.83649
3391.71207
3393.57509
3397.33826
3399.22242
3401.10104
3402.98913
3404.84916
3438.74092
3440.61491
3442.49506
3444.38742
3446.25089
3448.13074
3451.88767
3453.78239
3455.67034
3457.54322
3459.41862
3461.30334
3463.18764
3468.84261
3470.71714
3472.59647
3474.48101
3476.35958
3480.13127
3482.00468
3483.88026
3485.76651
3487.66079
3489.52603
3493.29557
3495.18311
3497.05949
3498.94448
3500.82214
3502.71779
3506.47032
3508.34210
3510.23542
3512.11526
3513.99274
3515.88259
3545.98376
3547.86759
3549.74286
3551.62712
3553.50854
3557.25074
3561.02204
3562.91399
3564.79604
3566.67991
3572.31613
3574.20364
3576.08842
3577.96847
3579.84908
3583.60584
3585.48928
3587.37141
3589.26380
3591.13653
3593.01218
3594.89967
3600.52998
3602.41234
3604.30065
3606.18757
3608.07304
3613.71389
3615.58794
3617.46857
3619.35657
3621.23102
3623.11816
3626.87431
3628.73077
3630.63404
3632.53317
3634.41376
3636.29633
3638.16228
3641.93418
3643.81515
3645.69487
3647.57752
3649.45771
3651.34532
3655.11025
3656.98813
3658.86781
3660.75305
3662.63156
3664.52136
3666.39164
3670.15884
3672.06144
3673.92128
3675.80174
3677.68677
3679.56741
3681.44826
