3326.09790
3327.53088
3328.25238
3328.97007
3330.40765
3331.12605
3333.28178
3334.00226
3334.71932
3336.15743
3336.87511
3337.59542
3340.46899
3341.18867
3341.90926
3342.62694
3343.34657
3344.06710
3345.50173
3346.22160
3346.93606
3349.81299
3350.53103
3351.97299
3352.68692
3354.84262
3355.56145
3356.99965
3357.71883
3358.43607
3359.15102
3359.87269
3360.59104
3361.31556
3362.02844
3362.74770
3363.47025
3364.18481
3364.90262
3365.62531
3366.34489
3369.22091
3371.37062
3372.08894
3372.80629
3373.52969
3374.24698
3374.96437
3376.40415
3377.12583
3379.28549
3379.99247
3386.46436
3387.19437
3387.90538
3388.62022
3389.33881
3390.78609
3391.49293
3392.93237
3393.65256
3394.37601
3397.24575
3397.96956
3399.40897
3400.12783
3400.83750
3401.55669
3402.27679
3402.99237
3403.73215
3404.43515
3405.14634
3438.21553
3438.93203
3439.65070
3440.36613
3441.09384
3441.80605
3442.52996
3443.25055
3443.96847
3444.68045
3445.39854
3446.11763
3446.84202
3447.56115
3448.27839
3449.00043
3449.71392
3451.86669
3452.59360
3453.30593
3454.02369
3454.74874
3455.45994
3456.17760
3456.89632
3457.61354
3458.33653
3459.05311
3459.77492
3460.49772
3461.21000
3461.92964
3462.64861
3463.36760
3469.12233
3469.83492
3470.56045
3471.27807
3472.00483
3472.71395
3473.43304
3474.15340
3474.86452
3475.58520
3476.30853
3479.17935
3479.90344
3480.61772
3481.33755
3482.05892
3482.77505
3483.49251
3484.21213
3484.93493
3485.64881
3486.36478
3487.08502
3487.80626
3488.52452
3489.23722
3544.58184
3545.30032
3546.01972
3546.74019
3547.45884
3548.17497
3548.89408
3549.61239
3550.33155
3551.04934
3551.77308
3552.48738
3553.20686
3553.92425
3554.64546
3557.52088
3558.23942
3559.67585
3560.38881
3561.11359
3561.83056
3562.55016
3563.26726
3563.99128
3564.70943
3565.42586
3566.15359
3566.86409
3567.57693
3571.89670
3572.61825
3573.32992
3574.04668
3574.76416
3575.48597
3576.20000
3577.63758
3578.36241
3579.08244
3579.81037
3580.51822
3581.23688
3585.56177
3586.26824
3586.99098
3588.42216
3589.13559
3589.86679
3590.59924
3591.29791
3592.01916
3592.73541
3593.47387
3594.16842
3594.88404
3601.36307
3602.08129
3602.80038
3604.23526
3604.95526
3605.67295
3606.39196
3607.10961
3607.82834
3608.54754
3609.26483
3612.86351
3613.58029
3614.29723
3615.01439
3615.73548
3616.45375
3617.17227
3617.89834
3618.61089
3619.32756
3620.04633
3620.77263
3621.48294
3622.20339
3622.92116
3623.63883
3625.80886
3626.51460
3627.22978
3627.95514
3629.39323
3630.11332
3630.82342
3633.70194
3635.86511
3636.57729
3637.29223
3641.60897
3642.32695
3643.05389
3643.76854
3644.48111
3645.19799
3645.91564
3647.35985
3648.07551
3648.79752
3649.51433
3650.24261
3650.95535
3651.66907
3652.38900
3654.53781
3655.26486
3655.98538
3656.70009
3658.13785
3658.85860
3659.57096
3660.29522
3661.01108
3661.73219
3662.45019
3663.17221
3663.88843
3666.04389
3666.76078
3669.63777
3670.35666
3671.07461
3671.79429
3673.23053
3673.94790
3674.66956
3676.10591
3676.82351
3677.54343
3678.26176
3678.98227
3679.69730
3680.42106
3681.13671
3681.85539
