3683.82128
3685.31695
3686.81591
3689.80673
3691.29967
3694.29135
3695.78828
3698.77827
3700.27356
3701.76678
3704.76112
3707.75238
3709.25051
3712.23735
3713.73450
3715.23034
3716.72780
3718.22156
3719.71663
3721.21348
3722.70841
3727.19576
3728.69167
3730.18625
3731.68363
3733.17863
3734.67790
3736.16971
3739.16150
3740.65652
3742.15278
3743.64931
3745.14629
3746.63984
3748.13523
3749.63095
3752.62418
3754.11840
3755.61341
3757.10926
3758.60579
3760.10168
3761.59601
3763.09508
3818.42961
3819.92730
3821.42366
3822.91866
3824.41643
3825.91028
3827.40560
3830.39745
3831.89462
3833.38852
3834.88365
3836.37962
3837.87553
3839.37865
3840.86698
