3325.87561
3326.38674
3326.89589
3328.43227
3330.46904
3330.97910
3333.02202
3333.53154
3334.55671
3336.08334
3336.59505
3337.10489
3338.12573
3340.16767
3340.67937
3341.18911
3342.72328
3343.22954
3343.74025
3345.27211
3345.78205
3346.29318
3346.80227
3349.86536
3350.37565
3350.88681
3351.90688
3352.41753
3352.92768
3354.45890
3354.97054
3355.98974
3356.50136
3357.01253
3358.03266
3358.54245
3359.56310
3360.07344
3360.58397
3362.11503
3362.62579
3363.13558
3364.66660
3365.17722
3365.68824
3366.20037
3369.77132
3370.28088
3371.30183
3371.81260
3372.32309
3372.83262
3373.85449
3374.36465
3374.87381
3375.38511
3376.40626
3376.91643
3377.42682
3378.95795
3379.47007
3379.97835
