3326.48656
3327.69256
3328.88639
3331.28296
3332.48219
3333.68179
3334.88720
3336.07828
3337.28070
3340.88096
3342.07733
3343.27486
3344.47494
3345.67278
3346.87234
3350.46779
3351.67377
3352.86734
3439.20445
3440.40224
3441.60586
3442.80141
3444.00742
3445.19951
3446.39954
3447.59790
3448.79799
3452.39488
3453.59443
3454.79153
3455.99284
3457.19072
3458.39413
3459.59190
3460.79069
3461.98724
3463.18520
3469.18552
3470.38153
3471.57820
3472.77829
3473.98106
3475.17866
3476.37718
3478.76880
3479.97832
3481.17737
3482.36892
3483.56640
3485.96929
3487.16655
3488.37238
3489.56215
3491.97127
3493.16615
3494.36467
3495.56253
3496.76022
3497.95901
3499.15978
3500.36116
3501.55760
3505.15364
3506.35248
3507.55559
3508.75762
3509.95757
3511.15031
3512.34847
3513.54996
3514.75036
3601.08623
3602.28587
3603.48894
3604.68353
3605.88234
3607.08221
3608.28134
3611.88004
3613.07710
3614.27819
3615.47699
3616.67620
3617.87561
3619.07361
3620.27153
3621.47216
3622.67020
