3326.41041
3328.23239
3329.17166
3330.96070
3332.79351
3333.69591
3334.60482
3335.51565
3336.42111
3337.34029
3340.06589
3340.97625
3341.88801
3342.79695
3343.70955
3344.60502
3345.52584
3346.43435
3350.08043
3350.98989
3351.90366
3352.80938
3354.62692
3355.54376
3356.45383
3357.36348
3358.26758
3359.18371
3360.09623
3361.91188
3362.82609
3363.71257
3364.64818
3365.55850
3366.46480
3369.19472
3370.08823
3371.01826
3371.92652
3372.84046
3373.75604
3374.65788
3375.57470
3376.48090
3377.39168
3378.29375
3379.21159
3380.13272
