3684.93128
3686.18482
3687.43797
3691.19851
3692.44982
3693.70386
3694.95634
3698.71610
3699.96924
3701.22161
3702.47576
3703.72823
3704.98177
3707.48797
3708.73976
3709.99455
3740.07083
3741.32331
3742.57681
3743.83038
3745.08337
3746.33664
3747.59015
3748.84286
3752.60267
3753.85590
3755.10894
3756.36245
3757.61710
3758.86974
3760.12154
3761.37589
3762.62799
3817.76760
3819.01942
3820.27354
3822.78020
3824.03324
3825.28644
3826.53935
3830.29925
3831.55402
3832.80552
3834.05860
3835.31202
3836.56482
3837.81899
3839.07051
3840.32534
