3684.56440
3685.44039
3686.31906
3687.19238
3688.94339
3690.69804
3691.57799
3693.32922
3694.21060
3695.08600
3695.96208
3698.59375
3699.46883
3700.34933
3701.22159
3702.09966
3702.98285
3703.85436
3704.73136
3705.60746
3706.47684
3707.36269
3708.23531
3709.11420
3709.98884
3711.74799
3712.62140
3713.49955
3714.37726
3715.25265
3716.13042
3717.00710
3717.88297
3718.75628
3719.63388
3720.51143
3721.39004
3722.26713
3723.14247
3725.77337
3726.64296
3727.52728
3728.40277
3729.27551
3730.16114
3731.03518
3731.91252
3732.79008
3733.66948
3734.54201
3735.42126
3736.29466
3737.17208
