3356.39837
3358.40655
3360.45418
3362.47251
3364.51677
3366.58451
3370.63036
3372.66224
3374.68906
3376.75036
3378.76803
3380.79183
3439.84307
3441.88017
3443.92372
3445.95167
3447.98641
3452.05744
3454.09355
3456.13597
3458.16335
3460.20203
3462.23880
3470.38167
3472.41108
3474.45196
3476.49075
3480.58318
3482.59697
3484.59251
3486.70513
3545.71220
3547.73807
3549.75779
3551.81628
3553.84652
3557.91825
3559.96461
3561.99277
3564.02758
3566.06439
3568.09711
3627.12035
3629.16303
3631.19238
3633.24414
3635.27394
3637.32155
3641.40768
3643.43106
3645.45797
3647.49301
3649.53758
3651.56255
