3325.53843
3326.14197
3327.95593
3328.55921
3330.96581
3333.98555
3334.58668
3335.79442
3336.39798
3337.00079
3337.60756
3338.21049
3340.01658
3340.62304
3341.22492
3341.83065
3342.42959
3343.03494
3344.84254
3345.44589
3346.04989
3346.65182
3347.25668
3350.27398
3350.87553
3351.48083
3352.08596
3352.68608
3354.49631
3355.10292
3355.70636
3356.90895
3357.51271
3358.11568
3359.32384
3359.92323
3360.52718
3361.73819
3362.33767
3363.54038
3364.14900
3364.75287
3366.55662
3368.97232
3369.57736
3370.18129
3371.38777
3371.98948
3372.59475
3373.80133
3374.40419
3375.00501
3376.81871
3377.41955
3379.23113
3379.83272
