3326.00175
3326.81122
3327.61970
3328.42570
3330.84558
3333.26559
3334.07289
3335.68692
3336.49436
3337.30246
3338.10847
3340.53002
3341.33637
3342.14450
3342.94945
3343.75766
3345.37098
3346.17767
3346.98387
3350.21255
3351.01776
3352.63410
3355.05439
3355.86138
3356.66597
3357.47499
3358.28251
3359.09346
3359.89644
3360.70292
3362.31679
3363.12396
3363.93208
3364.73800
3365.54474
3366.35760
3369.57922
3370.38645
3371.19373
3371.99975
3372.80749
3373.61395
3374.42104
3375.22745
3376.84427
3377.64962
3379.26293
3380.07181
3380.87477
3386.53178
3387.33283
3388.13811
3388.95070
3389.75332
3390.56023
3391.36852
3392.17300
3392.98140
3397.01619
3397.82271
3399.43873
3400.24723
3401.05478
3403.47028
3404.27455
3405.08918
3405.88921
3438.97781
3439.78533
3440.59208
3441.39882
3442.20573
3443.01253
3443.82068
3444.62692
3445.43375
3446.24059
3447.04949
3447.85496
3448.66190
3449.46768
3451.88943
3452.69592
3453.50254
3454.30992
3455.11654
3455.92472
3456.73061
3457.54034
3458.34446
3459.15220
3459.95925
3460.76570
3461.57274
3462.37937
3463.18654
3468.83427
3469.64281
3470.44946
3471.25730
3472.06300
3472.87029
3473.67664
3474.48449
3475.29023
3476.09767
3479.32589
3480.13211
3480.93829
3481.74635
3482.55527
3483.36144
3484.16668
3484.97545
3485.78042
3486.58925
3487.39565
3488.20227
3489.00833
3489.81712
3544.68945
3545.49603
3546.30388
3547.11106
3547.91855
3548.72367
3549.53056
3550.33844
3551.14454
3551.95196
3552.75963
3553.56694
3554.37353
3555.17932
3557.60110
3558.40803
3559.21583
3560.82899
3561.63539
3562.44374
3563.24893
3564.05643
3564.86302
3565.67021
3566.47841
3567.28526
3568.09197
3569.70728
3571.32029
3572.12673
3572.93335
3573.73942
3574.54681
3575.35393
3576.16099
3576.96740
3577.77540
3578.58161
3579.38933
3580.19530
3581.00326
3583.42073
3584.23117
3585.03938
3585.84510
3586.65169
3587.45853
3588.26550
3589.07159
3589.87976
3590.68592
3591.49306
3592.30037
3593.10710
3593.91354
3594.72126
3601.98555
3602.79048
3604.40355
3605.21151
3606.01821
3607.63251
3608.43874
3609.24548
3611.66468
3612.47555
3614.09068
3614.89455
3615.70382
3616.50860
3617.31745
3618.12255
3618.92988
3619.73722
3620.54460
3621.35071
3622.15647
3622.96490
3626.19627
3626.99987
3627.80700
3629.42022
3630.22632
3631.03405
3632.64854
3633.45473
3634.26180
3635.07281
3635.87479
3636.68263
3641.52383
3642.33066
3643.14029
3643.94598
3644.75198
3645.56089
3646.36721
3647.17274
3647.97956
3648.78782
3649.59451
3650.40150
3651.20785
3652.01572
3654.43694
3655.24494
3656.04934
3656.85633
3658.47210
3659.27800
3660.08502
3661.69814
3662.50606
3663.31511
3664.92717
3665.73367
3666.54064
3667.34749
3668.96266
3669.76834
3670.57490
3671.38229
3672.99706
3673.80311
3674.61012
3676.22441
3677.03063
3677.83870
3678.64480
3679.45215
3680.25892
3681.06623
3681.87292
