3354.60909
3358.00187
3361.36892
3364.75285
3371.52771
3374.90249
3378.28947
3388.43470
3391.81673
3398.62402
3401.96731
3405.34661
3439.16951
3442.55400
3445.94166
3449.32384
3452.66864
3456.08673
3459.47047
3462.85387
3469.61399
3472.99976
3476.38672
3479.76912
3483.14679
3486.52294
3493.30510
3496.63741
3500.05709
3506.82519
3510.18493
3513.58907
3547.41539
3550.79714
3554.18079
3557.57567
3560.93047
3564.33055
3567.71206
3571.09100
3574.48639
3577.86329
3581.24720
3584.62048
3587.99971
3591.38943
3594.78471
3601.53802
3604.91540
3608.30162
3611.70342
3615.06454
3618.45339
3621.83037
3625.18716
3631.97732
3635.36075
3638.73124
3642.12560
3645.50588
3648.89422
3652.27441
3655.65942
3659.03979
3662.42120
3665.80724
3669.18097
3672.58621
3675.94224
3679.32691
