3354.40704
3356.72598
3359.05753
3361.38299
3373.00697
3375.32867
3377.65718
3379.97665
3386.95987
3389.29417
3391.60950
3393.93601
3400.89764
3403.23839
3440.44058
3442.76953
3445.09408
3447.41829
3452.07004
3454.39703
3456.72548
3459.04317
3461.37855
3463.69194
3470.67390
3472.98911
3475.32879
3479.97241
3482.29122
3484.62874
3486.95147
3489.27861
3493.92017
3496.25200
3498.57800
3500.90295
3505.55379
3507.87824
3510.20042
3512.52315
3514.85415
3545.06945
3547.40807
3549.72777
3552.04989
3554.38553
3561.35532
3563.68737
3566.01060
3572.98808
3575.31582
3577.63923
3579.97279
3584.61662
3586.93897
3589.25762
3591.58768
3593.91902
3600.89043
3603.21402
3605.55089
3607.86900
3612.52536
3614.84516
3617.17430
3619.49285
3621.82126
3654.37210
3656.69972
3659.02089
3661.34683
3663.67728
3665.99461
3670.64996
3672.97447
3675.30098
3677.62689
3679.95254
