3357.94513
3362.14336
3366.34989
3370.50482
3374.71159
3378.90782
3387.30441
3391.50020
3399.87649
3404.08574
3441.89501
3446.06193
3454.44779
3458.68842
3462.83942
3471.24855
3475.48463
3479.63294
3483.83387
3488.01679
3492.23003
3496.41120
3500.61557
3509.01155
3513.21312
3546.80606
3550.98366
3555.19473
3559.42572
3563.56744
3567.77285
3571.95662
3576.12106
3580.34690
3584.58858
3588.75055
3592.95541
3626.52816
3630.71898
3634.88930
3643.35962
3647.51017
3651.71207
3655.91541
3660.10524
3664.32775
3672.68387
3676.89144
3681.13493
