3626.20714
3627.17323
3629.10481
3630.07319
3631.04071
3632.00737
3632.97542
3633.94368
3634.90929
3635.87938
3636.84371
3637.81445
3640.71150
3641.68388
3642.64916
3643.61467
3644.58281
3645.55008
3646.51969
3647.48605
3648.45303
3649.41766
3650.38513
3651.35304
3652.32073
3654.25496
3655.22304
3656.19017
3657.16069
3658.12459
3659.09448
3660.06162
3661.02615
3661.99187
3662.95995
3663.92825
3664.89516
3665.86280
3666.82981
3669.73321
3670.69760
3671.66811
3672.63233
3673.60071
3674.56863
3675.53517
3676.50148
3677.46814
3678.43446
3679.40837
3680.37106
3681.33840
