3354.32313
3355.05130
3355.77056
3356.48793
3357.20887
3357.93072
3358.64765
3359.36904
3360.09036
3360.81051
3362.24723
3362.96873
3363.68567
3364.40747
3365.12675
3365.84904
3366.56469
3369.44830
3370.16903
3370.88519
3371.60646
3372.32967
3373.04445
3373.76699
3374.48535
3375.20958
3376.65019
3377.36514
3378.80563
3379.52896
3386.72783
3387.44552
3388.16841
3388.89367
3389.60928
3390.33110
3391.04839
3392.48977
3393.20381
3397.52815
3398.24513
3399.68535
3400.39972
3401.12312
3401.83766
3402.56269
3403.28169
3405.43913
