3325.94310
3326.80478
3327.67424
3328.53611
3331.13456
3333.73231
3334.59746
3335.46345
3336.32947
3337.19493
3338.06104
3340.65844
3341.52310
3342.38997
3343.25553
3344.12256
3344.98742
3345.85414
3350.18251
3351.04862
3351.91444
3352.77936
3354.50916
3355.37638
3357.10928
3357.97757
3359.70733
3360.57279
3361.44254
3362.30455
3363.17007
3364.03565
3364.90209
3365.76674
3366.63475
3369.23094
3370.09754
3370.96301
3371.82936
3372.69368
3373.56105
3374.42555
3375.29287
3377.02549
3378.75664
3379.61945
