3325.81874
3326.27785
3328.11489
3329.03444
3330.87140
3334.08674
3334.54543
3335.92348
3336.38243
3336.84137
3337.30089
3338.21941
3340.05729
3340.51672
3341.43387
3341.89264
3342.35740
3343.27264
3343.73093
3345.10882
3345.56874
3346.02681
3346.48640
3350.16138
3350.62111
3351.54078
3351.99710
3352.45838
3352.91763
3354.75396
3355.21592
3357.04942
3358.42959
3359.80647
3360.26769
3360.72553
3362.10497
3362.56741
3363.48679
3363.93913
3364.39710
3364.85903
3365.77338
3366.69561
3368.99275
3369.45288
3370.37298
3370.83188
3371.29138
3371.74991
3372.20913
3372.66807
3379.09559
3379.55653
3380.01564
