3625.94545
3626.47432
3627.00210
3627.53014
3629.11605
3630.16878
3630.69702
3632.80938
3633.33602
3633.86392
3634.39206
3635.44872
3635.97624
3636.50355
3637.03148
3638.61545
3641.25423
3641.78137
3642.31173
3642.83788
3643.89411
3644.42206
3644.94902
3645.47796
3646.00478
3646.53292
3647.06204
3647.58929
3648.11628
3648.64459
3649.17230
3649.69971
3650.22937
3650.75602
3651.28349
3651.81277
3652.33913
3654.45102
3654.97897
3655.50712
3656.03475
3656.56403
3657.09068
3658.67327
3659.20155
3659.73091
3660.25703
3661.31324
3661.84135
3662.36921
3662.89865
3663.42475
3663.95259
3665.00821
3665.53596
3666.06534
3666.59214
3667.11989
3669.75989
3670.28767
3670.81581
3671.34304
3671.86987
3672.92912
3673.45405
3673.98469
3674.51082
3675.03873
3676.09478
3676.62199
3677.15134
3677.67716
3678.20554
3679.26121
3679.78917
3680.31951
3680.84505
3681.37294
3681.90226
