3356.31600
3359.27143
3362.22231
3365.17624
3374.03168
3376.98353
3379.93745
3438.97609
3441.92877
3444.88071
3447.83297
3453.73669
3456.68917
3459.64137
3462.59279
3468.49739
3471.44973
3474.40153
3480.30548
3483.25783
3486.20973
3489.16221
3492.11387
3495.06583
3498.01798
3500.96964
3506.87392
3509.82642
3512.77776
3515.73037
3545.25130
3548.20271
3551.15540
3554.10715
3560.01065
3562.96349
3565.91441
3571.81877
3574.77094
3577.72301
3580.67508
3586.57973
3589.53195
3592.48276
3595.43539
3601.33933
3604.29121
3607.24401
3613.14771
3616.10036
3619.05216
3622.00420
3627.90833
3630.86012
3633.81245
3636.76363
3642.66796
3645.62030
3648.57220
3651.52431
