3439.01220
3439.91751
3440.82289
3441.72796
3442.63373
3443.53531
3444.43741
3445.34522
3446.24784
3447.15349
3448.05687
3448.96494
3449.86686
3452.57993
3453.48592
3454.38848
3455.28940
3456.19686
3457.09893
3458.00713
3458.90886
3459.80975
3460.71882
3461.61912
3462.52742
3463.42948
3468.85668
3469.76108
3470.66109
3472.47094
3473.38016
3474.28433
3475.18699
3476.09295
3478.80309
3479.70638
3480.60607
3481.51709
3482.42408
3483.32410
3484.23119
3485.12974
3486.04001
3486.93719
3488.74585
3571.96429
3572.85810
3573.76492
3574.66746
3575.57111
3576.47634
3577.37866
3578.28418
3579.18769
3580.09207
3580.99705
3585.51986
3586.41607
3587.33190
3588.23211
3589.13707
3590.04258
3590.94696
3591.85018
3592.75326
3593.65861
3594.56247
3595.46884
3601.79747
3602.70451
3604.51301
3605.41952
3606.32011
3607.22705
3608.13192
3609.03604
3612.65145
3613.55757
3614.46014
3615.36312
3656.06452
3656.96725
3658.77628
3659.68325
3660.58893
3661.49075
3662.39658
3663.30494
3665.11060
3666.01483
3666.91762
3669.62304
3670.53662
3671.43897
3672.33905
3673.24529
3674.15273
3675.05475
3675.95994
3676.86676
3677.77266
3678.67592
3679.57860
3680.48259
3681.38459
