3600.73566
3602.00844
3603.26623
3604.54877
3605.83363
3607.09152
3608.36317
3612.18685
3613.45781
3614.73098
3616.00582
3617.27561
3618.54770
3619.82240
3621.09248
3622.36617
3623.64110
3626.18709
3627.46076
3630.00376
3633.82135
3636.36885
3641.46330
3642.73090
3644.00401
3645.27898
3646.55314
3647.82231
3649.09774
3650.36754
3651.64997
3654.18269
3655.46456
3656.74102
3658.02111
3659.28154
3660.55629
3661.82758
3663.10396
3664.35983
3665.65198
3666.90640
3669.45368
3670.74341
3673.26764
3674.53508
3675.81188
3677.08450
3678.35937
3679.62921
3680.90130
