3326.20661
3326.85191
3327.49704
3328.14028
3328.78430
3330.72347
3333.30091
3333.94007
3334.58828
3335.23277
3335.87833
3336.52337
3337.16737
3340.39011
3341.03524
3342.32438
3342.97296
3344.90536
3345.54903
3346.19540
3346.83423
3350.06009
3350.70665
3351.99393
3352.63998
3354.57316
3355.21867
3355.86328
3356.51235
3357.15669
3357.80118
3358.44342
3359.08474
3359.73234
3362.31040
3362.94972
3364.24479
3364.88932
3365.53485
3366.82227
3369.40480
3371.33784
3371.98251
3372.62576
3373.91520
3374.55951
3375.20464
3376.49395
3377.13875
3377.78352
3379.07663
3379.71721
3386.16501
3387.45357
3388.09870
3388.74299
3389.38876
3390.67484
3391.32133
3391.96199
3393.25537
3393.90086
3397.12465
3398.41381
3399.70299
3400.99387
3401.63741
3402.28212
3402.92588
3403.57234
3404.22026
3404.86373
3405.50742
3468.68764
3469.33190
3469.97693
3470.62068
3471.26532
3471.91023
3472.55484
3473.20017
3473.84492
3474.48998
3475.13272
3475.77783
3476.42612
3479.00384
3479.64910
3480.29277
3480.93671
3481.58134
3482.22566
3482.87037
3483.51515
3484.16007
3484.80465
3485.44959
3486.09445
3486.73829
3487.38283
3488.02747
3488.67609
3489.31985
3571.19410
3571.84285
3572.48795
3573.13033
3573.77564
3574.42040
3575.06352
3576.35391
3576.99848
3577.64231
3578.28681
3578.93177
3579.57617
3580.22130
3580.86604
3584.09259
3584.73415
3585.38033
3586.02491
3586.66979
3587.31263
3587.95776
3588.60196
3589.24697
3589.89143
3590.53688
3591.18137
3591.82612
3593.11486
3593.75882
3594.40354
3595.05323
3654.36545
3655.00943
3655.65497
3656.29865
3656.94398
3658.22890
3658.87631
3660.16470
3661.45326
3662.09878
3662.74404
3663.38806
3664.03223
3665.97094
3666.61485
3667.25964
3669.18941
3669.83570
3670.48056
3671.12445
3671.76903
3673.70329
3674.34869
3674.99302
3675.63693
3676.28170
3676.92629
3677.57100
3678.22017
3678.86471
3679.50690
3680.15334
3680.79733
3681.44220
3682.08544
