3325.95393
3326.84899
3327.74526
3328.64222
3329.53723
3330.43429
3331.33165
3333.12091
3334.01593
3334.91876
3335.80789
3336.70331
3337.59936
3340.28807
3341.18326
3342.07863
3342.97373
3343.86932
3344.76395
3345.66123
3346.55901
3350.14101
3351.03495
3351.93256
3352.82803
3354.61847
3355.51552
3356.41117
3357.30729
3358.20255
3359.10157
3359.99486
3360.89136
3361.78660
3362.68156
3363.57972
3364.47426
3365.36810
3366.26841
3368.95455
3369.85306
3371.63995
3372.53067
3373.43335
3374.32750
3375.22262
3377.01554
3378.80629
3379.70294
3380.60874
3438.82610
3439.72114
3440.61724
3441.51975
3442.40870
3443.30347
3444.20222
3445.09611
3445.99195
3446.88768
3447.78415
3448.67823
3449.57557
3452.26221
3453.15886
3454.05433
3454.94978
3455.84610
3456.74130
3457.63660
3458.53319
3459.42901
3460.32265
3461.22109
3462.11739
3463.01172
3469.28286
3470.17973
3471.07510
3471.97271
3472.86623
3473.76272
3475.55382
3476.45030
3479.13640
3480.03267
3480.92894
3481.82523
3482.71992
3483.61505
3484.51516
3485.40969
3486.30436
3487.19808
3488.09550
3488.99111
3492.57525
3493.46963
3494.36450
3495.25962
3496.15757
3497.05751
3497.94890
3498.84569
3499.73981
3500.63646
3501.53099
3502.42863
3506.01300
3506.90527
3507.80372
3508.70348
3509.59424
3510.49028
3511.38716
3512.28118
3513.17753
3514.08104
3514.97050
3515.86436
3544.53084
3545.42734
3546.32304
3547.21829
3548.11432
3549.01013
3549.90707
3550.80329
3551.69715
3552.59388
3553.48822
3554.38553
3557.96896
3559.75882
3560.65539
3561.55096
3562.44817
3563.34441
3564.23841
3565.13465
3566.03109
3566.92705
3567.82180
3571.40492
3572.30096
3573.19694
3574.09242
3574.98790
3575.88410
3576.77955
3577.67484
3578.57216
3579.46768
3580.36411
3581.25848
3583.05295
3583.94874
3584.84222
3585.73845
3586.63336
3587.53133
3588.42646
3589.32013
3590.21694
3591.11395
3592.01030
3592.90460
3593.80069
3594.69522
3600.97425
3601.86492
3602.75635
3603.65386
3604.55109
3605.44709
3606.34183
3607.23679
3608.13275
3609.02799
3612.61245
3613.50788
3614.40291
3615.30019
3616.19713
3617.09036
3617.98848
3618.88293
3619.77819
3620.67455
3621.57088
3622.46583
3623.36104
3626.05015
3626.94514
3627.84141
3628.74100
3629.63030
3630.52834
3631.42457
3632.31971
3633.21619
3634.11261
3635.00762
3635.90358
3636.79887
3638.59122
3641.27834
3642.17428
3643.07015
3643.96543
3644.86175
3645.75741
3646.65297
3647.54837
3648.44467
3649.34073
3650.23659
3651.13240
3652.02931
