3325.88360
3326.71533
3327.54591
3328.37901
3330.87570
3333.37158
3334.20256
3335.86624
3336.70025
3337.53165
3340.02821
3340.86011
3342.52491
3343.35605
3344.18950
3345.02095
3345.85232
3346.68731
3350.01283
3350.84500
3352.50911
3654.56026
3655.39310
3656.22526
3657.05630
3658.72068
3659.55287
3660.38626
3661.21466
3662.04958
3662.88169
3663.71297
3665.37704
3666.20889
3667.04124
3669.53795
3670.37065
3671.20218
3672.86934
3673.69804
3674.53101
3675.36709
3676.19563
3677.02644
3677.85919
3678.69123
3679.52344
3680.35643
3681.18896
3682.01970
