3684.54393
3685.63558
3686.74067
3687.84279
3692.21523
3693.30792
3694.41640
3695.51226
3698.79564
3700.98661
3703.19256
3704.29048
3705.37783
3706.47399
3709.75649
3711.98131
3713.05125
3714.14709
3715.24407
3716.34586
3717.43772
3718.52689
3721.82263
3726.20908
3727.30339
3730.60193
3731.68962
3732.79316
3733.88253
3736.08193
3739.36334
3740.46275
3741.55712
3742.65087
3743.74713
3744.84303
3745.94049
3748.13585
3749.22654
3752.52680
3753.61761
3754.71585
3755.82336
3756.90532
3758.01324
3759.13475
3760.19600
3761.29527
3762.38757
