3325.86395
3327.21039
3328.56222
3329.86319
3331.23279
3332.59131
3333.92481
3335.28284
3336.60506
3337.95160
3340.62458
3341.96818
3343.31761
3345.99986
3347.34335
3350.02212
3351.37003
3352.71127
3355.40058
3356.73327
3358.06974
3359.41314
3360.76354
3362.10434
3363.44538
3364.78490
3366.12825
3370.16003
3371.49222
3372.83183
3374.17315
3375.51344
3376.86006
3378.20034
3379.53597
3380.88385
3386.25354
3387.59505
3388.94790
3390.26544
3391.61462
3392.96151
3394.30031
3396.98466
3398.32473
3399.67311
3401.00608
3402.34882
3403.70275
3405.03280
3438.56564
3439.91408
3441.27599
3442.58898
3443.95372
3445.29692
3446.64291
3447.95286
3449.30673
3452.00312
3453.34030
3454.67214
3456.01563
3457.32778
3460.05738
3461.36320
3462.71239
3469.40258
3472.10719
3473.47926
3474.79953
3476.16787
3478.80216
3481.53902
3482.85334
3484.20404
3485.56055
3486.86661
3488.21799
3544.56142
3545.90555
3547.25146
3548.58974
3549.93632
3551.28100
3552.61853
3553.96571
3557.97987
3559.32605
3560.66671
3562.00813
3563.36316
3564.68585
3566.03423
3567.37238
3571.40711
3572.72625
3574.09755
3575.43481
3576.75613
3580.81653
3587.49248
3588.85604
3590.21274
3591.53881
3594.18475
3600.93679
3604.96531
3606.28792
3607.62335
3608.96638
3612.99983
3615.66135
3617.02776
3618.33670
3619.71409
3621.04663
3622.40470
3626.42718
3627.74861
3629.10795
3630.42460
3633.11867
3634.46133
3635.81953
3637.15732
3638.48255
3641.17088
3642.51743
3643.85810
3645.19684
3646.53328
3647.87203
3649.22380
3650.55626
3651.89133
3654.57654
3655.92290
3657.28079
3658.61466
3659.94873
3661.29363
3662.63625
3663.97501
3666.66196
3669.35015
3670.67733
3672.02050
3673.37906
3674.70659
3676.05459
3677.40592
3678.74424
3680.08012
3681.42369
