3386.42651
3390.45201
3393.13889
3394.48562
3397.17179
3398.51310
3399.85809
3401.19979
3402.54442
3403.88701
3405.23076
3438.81756
3440.15889
3441.50388
3442.84583
3444.19035
3445.53235
3446.87685
3448.21912
3449.56349
3452.25004
3453.59719
3454.93655
3456.28414
3458.97137
3460.31004
3461.65787
3462.99685
3469.71781
3471.05724
3472.40428
3473.74418
3475.08713
3476.43116
3479.11816
3480.46402
3481.80530
3483.15084
3484.49219
3485.83709
3487.17911
3488.52373
3489.86468
3492.55143
3493.89617
3495.24323
3496.58269
3497.92955
3499.26919
3500.61685
3501.95560
3505.99105
3507.32951
3508.67738
3510.01684
3511.36470
3512.70346
3514.05058
3515.39048
3544.94649
3546.28949
3547.63778
3548.97631
3550.32511
3551.66302
3553.01144
3554.34991
3558.38547
3559.72328
3561.07173
3562.41053
3563.75793
3565.09728
3566.44446
3567.78450
3571.81723
3573.15834
3574.50339
3575.84486
3577.18761
3578.53148
3581.21853
3583.90555
3585.24902
3586.59191
3587.93507
3589.27870
3590.62183
3591.96529
3593.30850
3594.65236
3601.36883
3602.71685
3604.05550
3605.40309
3606.74254
3608.08991
3609.42957
3612.11607
3613.46282
3614.80346
3616.14865
3617.48994
3618.83529
3620.18612
3621.52160
3622.86350
3655.10787
3656.44982
3659.13679
3660.48168
3661.82370
3663.16751
3665.85424
3667.19692
3669.88816
3671.22789
3673.91400
3675.26208
3676.60109
3677.94883
3679.28779
3680.63609
3681.97461
