3328.56083
3330.79572
3333.05179
3333.79916
3335.31684
3336.04983
3340.57139
3341.33082
3342.09850
3342.83830
3343.57356
3345.05349
3345.84515
3346.59523
3351.08577
3352.57646
3357.10302
3358.63102
3359.36926
3362.37014
3363.09620
3364.58953
3365.40035
3366.83952
3369.09097
3372.11602
3372.86238
3374.37312
3375.14356
3377.38873
3378.88082
3439.74243
3441.94879
3442.72438
3444.20929
3444.95840
3445.72657
3446.48327
3447.24469
3447.98582
3452.51033
3454.00781
3454.75089
3457.75360
3458.50137
3459.25257
3459.96743
3460.74118
3462.25182
3468.98939
3470.52824
3471.26470
3472.00517
3472.75951
3473.50841
3474.26171
3475.01829
3475.77478
3478.79197
3479.52296
3481.02427
3481.78618
3482.54265
3483.28368
3484.02067
3485.52778
3487.03821
3487.79595
3489.27657
3492.31746
3493.79507
3494.56196
3495.29669
3496.04965
3497.56095
3498.31103
3499.04546
3499.81439
3502.05119
3505.06066
3505.81642
3506.57858
3507.32810
3508.07376
3508.82565
3509.57216
3511.82090
3512.57959
3513.33246
3514.81652
3544.85968
3545.64492
3546.37896
3547.14309
3547.87387
3548.65212
3549.38327
3550.14549
3550.88493
3551.63222
3553.12477
3553.87554
3554.63006
3557.62117
3559.90704
3560.65289
3561.39920
3562.15398
3562.88546
3563.67159
3564.40286
3565.17675
3565.89588
3566.64879
3567.40401
3571.89629
3573.41312
3574.17283
3576.42713
3578.64751
3580.17169
3586.17592
3586.92673
3587.68327
3588.40350
3589.22422
3590.69001
3591.42912
3592.19300
3600.47024
3601.21455
3601.98646
3602.71058
3604.20958
3604.96326
3605.71903
3606.46035
3607.21740
3607.96782
3608.70734
3612.46649
3613.24252
3613.96792
3616.96100
3618.48277
3619.23100
3619.98142
3620.75065
3621.47840
3622.23342
3625.97575
3626.73862
3627.50349
3629.75189
3630.48817
3632.75419
3633.50876
3634.26317
3635.00682
3635.76678
3636.49507
3637.26020
3641.02547
3641.74926
3644.03643
3644.77152
3645.52721
3646.28244
3647.01702
3647.77037
3648.52314
3649.27366
3650.02404
3650.78310
3651.53815
3652.27651
