3358.94019
3361.71625
3364.49294
3370.05534
3372.83009
3375.60724
3378.36508
3381.17193
3386.68747
3389.46332
3392.26406
3397.78432
3403.37913
3439.47968
3442.25968
3445.03172
3447.79210
3453.36887
3456.14561
3458.92380
3461.69970
3470.03187
3472.80892
3475.58604
3481.13616
3483.92398
3486.69460
3489.46026
3492.23427
3495.03069
3497.80692
3500.56795
3506.13085
3508.90656
3511.66390
3514.48647
3545.00745
3547.79819
3550.57503
3553.33917
3561.68781
3564.46153
3567.23672
3572.77628
3575.57107
3578.34693
3581.10871
3583.90130
3586.67534
3589.45486
3592.19987
3595.01058
3625.55230
3628.30689
3631.11493
3633.88677
3636.64209
3642.22055
3645.00133
3647.78023
3650.55674
3656.07710
3658.88612
3661.66909
3664.43683
3667.22230
3669.99597
3672.76057
3675.56926
3678.32951
3681.10762
