3355.76951
3358.45382
3363.82656
3366.51250
3369.19865
3371.88209
3374.56704
3377.25386
3379.93866
3387.99778
3390.68461
3393.36893
3401.42755
3404.11302
3439.02814
3441.71250
3444.39784
3447.08617
3449.77202
3452.45526
3455.14314
3457.82728
3460.51292
3463.20068
3468.57022
3471.25719
3473.94029
3476.63126
3479.31386
3481.99960
3484.68680
3487.37140
3492.74073
3495.43018
3498.11890
3500.80018
3506.17140
3508.85915
3511.54323
3514.23044
3546.45828
3549.14434
3551.82965
3554.51463
3557.19887
3559.88732
3562.57521
3565.25826
3567.94352
3602.85958
3605.54486
3608.23013
3613.60197
3616.28746
3618.97391
3621.66051
3627.02935
3629.71746
3632.40390
3635.08871
3637.77428
3643.14353
3645.83170
3648.51724
3651.20301
3656.57498
3659.26023
3661.94680
3664.63414
3667.31969
3670.00240
3672.68986
3675.37524
3678.06016
3680.74624
