3355.35940
3356.52088
3360.02804
3362.36949
3363.53415
3364.70327
3365.85998
3369.37217
3371.70992
3372.87885
3374.06018
3375.22218
3376.38701
3377.55399
3378.72893
3379.89505
3386.90662
3388.07527
3389.24105
3390.41171
3391.58159
3393.91375
3397.42115
3398.58836
3399.75977
3400.93188
3402.09841
3403.26609
3404.43646
3405.60061
3438.32228
3439.49179
3440.66115
3441.82663
3442.99316
3444.16440
3445.33334
3446.49995
3447.66810
3448.84048
3452.34277
3453.51401
3454.68107
3455.85106
3457.01828
3458.18851
3459.35743
3460.52420
3461.69007
3462.86488
3571.53787
3572.71026
3573.87746
3575.04165
3576.21440
3577.38236
3578.55687
3579.71726
3580.89166
3584.38803
3585.56112
3586.73239
3587.90166
3589.06898
3590.23992
3591.40492
3592.57890
3593.74771
3594.91081
3601.92383
3604.25925
3605.42642
3606.59950
3607.76618
3608.93765
3614.77678
3615.94827
3617.11091
3618.28272
3619.45117
3620.61859
3621.78790
3622.95745
3626.46332
3627.62908
3629.96629
3631.13904
3633.47468
3634.64007
3635.81122
3636.98341
3641.65140
3642.82983
3643.99163
3645.15922
3646.33328
3647.49896
3648.66612
3649.83364
3651.00179
3652.16760
3654.50307
3655.68400
3656.86031
3658.01085
3659.19300
3661.51717
3662.68533
3663.85777
3665.02594
3666.19248
3667.36222
3670.86567
3673.19869
3674.37022
3676.71914
3679.03600
3680.21711
3681.38548
