3357.07611
3360.20015
3363.32943
3366.45197
3369.57778
3372.70018
3375.83322
3378.96075
3438.32623
3441.46240
3444.57251
3447.67487
3453.92399
3457.06008
3460.18204
3463.29645
3469.56263
3472.67455
3475.80044
3478.92132
3482.05882
3485.16433
3488.29238
3494.55014
3497.63304
3500.77154
3507.04276
3510.17349
3513.27677
3600.75639
3603.89610
3607.00599
3613.28042
3616.38316
3619.50654
3622.63512
3628.86995
3631.99611
3635.12488
3638.25348
3641.36905
3644.48795
3647.61896
3650.74366
3656.99203
3660.11936
3663.23641
3666.36655
3669.48723
3672.60593
3675.73689
3678.86065
3681.98453
