3354.62768
3355.55482
3356.47146
3358.30538
3359.21913
3360.14228
3361.98037
3364.73370
3365.65731
3366.57677
3369.32350
3370.24673
3372.08464
3373.00349
3374.83647
3375.76716
3376.67919
3377.59521
3379.43021
3381.27312
3386.78423
3390.45417
3391.37865
3393.21319
3394.13066
3396.89017
3397.80410
3399.63524
3401.48227
3402.39987
3403.32277
3405.14895
3438.22131
3439.13924
3440.05422
3440.97234
3441.89521
3442.81771
3443.73043
3444.65037
3445.56499
3446.48369
3447.40886
3448.32398
3449.24277
3451.99893
3452.92132
3453.83616
3454.75439
3455.66989
3456.58667
3457.51189
3458.43061
3459.34666
3460.26674
3461.17791
3462.10162
3463.02497
3468.53416
3469.45028
3470.37095
3471.28472
3472.20388
3473.12964
3474.04141
3475.88077
3476.79302
3479.55544
3480.47386
3481.38857
3482.30693
3483.23107
3484.14833
3485.06640
3485.98343
3486.89795
3487.82053
3488.74341
3489.65882
3492.41374
3493.33848
3494.25882
3495.16750
3496.08731
3496.99910
3497.92549
3498.84625
3499.76354
3501.60135
3502.51583
3506.19441
3507.10494
3508.02898
3508.95370
3509.86538
3510.78622
3511.69957
3512.61827
3513.54324
3514.46467
3515.37806
3544.77571
3545.68646
3546.60468
3548.44211
3549.36655
3550.28341
3551.19963
3553.03202
3553.95523
3554.88076
3559.47173
3560.38849
3561.30573
3562.23324
3563.14430
3564.05864
3564.98421
3565.89911
3566.81550
3567.73430
3571.40605
3573.24140
3574.16163
3575.08730
3576.00412
3576.91987
3577.83891
3578.75089
3579.67398
3580.59872
3581.51178
3583.34463
3584.27122
3585.19063
3586.10740
3587.02376
3587.94344
3588.85539
3589.77787
3590.70378
3591.61583
3593.45215
3594.36703
3595.29330
3601.72141
3602.64568
3604.47243
3605.39724
3606.31834
3607.23220
3608.15122
3609.06642
3611.82431
3612.75146
3613.66024
3614.57468
3615.49968
3616.42029
3617.33535
3618.25946
3619.16814
3620.08774
3621.01341
3621.92997
3622.84576
3625.60249
3626.52837
3627.43818
3629.27368
3630.19121
3631.11807
3632.03755
3632.95071
3633.87008
3634.78282
3635.70607
3636.62906
3641.22146
3642.13918
3643.05556
3643.97627
3644.88754
3645.80954
3646.73373
3647.64695
3648.56628
3649.48297
3650.39768
3651.32258
3652.24465
3654.99059
3655.91166
3656.83782
3658.66998
3659.58823
3660.50118
3661.42546
3662.34817
3663.26403
3665.09903
3666.01466
3666.94167
3669.69745
3670.60636
3671.53067
3673.36623
3674.28531
3675.20132
3676.11826
3677.04365
3677.96065
3678.87658
3679.79850
3680.70914
3681.63365
