3354.43228
3355.34002
3357.13937
3358.03575
3358.94440
3359.84829
3360.74999
3362.55562
3363.45725
3364.36718
3368.87119
3369.77379
3371.57780
3372.48555
3374.28512
3375.18545
3376.98991
3378.79328
3379.69598
3386.92768
3388.71903
3389.62414
3390.51908
3391.42875
3393.22637
3394.13339
3396.84365
3397.74393
3399.54983
3400.44899
3401.35342
3402.25436
3403.15969
3404.05901
3404.95967
3405.86397
3438.34775
3439.24819
3440.14927
3441.05793
3441.95559
3442.85523
3443.76012
3444.66219
3445.56262
3446.46691
3447.36944
3448.26962
3449.17148
3451.87876
3452.78501
3453.68422
3454.58494
3455.48996
3456.39112
3457.29184
3458.19601
3459.09859
3459.99883
3460.89924
3461.80467
3462.70517
3463.60536
3469.02095
3469.92351
3470.82523
3472.62816
3473.53375
3474.43343
3475.33639
3476.24101
3478.94514
3479.84811
3480.75017
3481.65316
3482.55534
3483.45734
3484.36132
3485.26247
3486.16233
3487.06345
3487.96662
3488.86924
3489.77241
3492.47916
3493.38301
3494.28455
3495.18520
3496.08709
3496.99529
3497.89495
3498.79478
3499.69828
3500.59694
3501.50313
3502.40572
3505.10946
3506.01411
3506.91481
3507.82415
3508.72291
3509.62346
3510.52483
3511.42983
3512.32992
3513.23325
3514.13721
3515.03809
3544.80994
3545.71472
3546.61634
3547.51906
3548.42152
3549.32461
3550.22624
3551.12829
3552.03166
3552.93158
3553.83664
3554.73700
3558.34603
3559.25233
3560.15537
3561.05279
3561.95775
3562.85555
3563.76365
3564.66331
3565.56305
3566.46598
3567.36704
3568.27825
3570.98181
3571.87920
3572.78009
3573.68434
3574.58400
3575.49027
3576.39457
3577.29502
3578.19721
3579.10600
3580.00470
3580.90441
3583.60320
3585.41501
3586.32828
3587.21636
3588.12185
3589.02333
3589.92793
3590.82863
3591.72821
3592.63383
3593.54119
3594.43459
3595.33858
3626.01466
3626.92215
3627.82406
3629.62360
3630.53118
3631.42512
3633.23427
3634.14459
3635.94181
3636.85017
3638.64846
3641.35664
3642.26443
3644.06256
3644.97132
3645.87417
3646.77280
3647.67564
3648.57014
3649.46776
3650.38188
3651.28460
3652.18010
3654.88312
3655.79278
3656.68981
3658.51608
3659.39625
3660.29991
3661.19952
3662.10341
3663.00728
3663.90980
3664.82244
3665.71438
3666.61650
3669.32469
3670.22865
3671.12758
3672.94868
3673.83561
3674.73687
3675.64342
3676.54672
3677.44471
3678.34497
3679.25238
3680.15927
3681.06202
3681.96419
