3326.58241
3327.61920
3328.66282
3329.71390
3330.73659
3331.77342
3333.84730
3334.86751
3335.91529
3336.95357
3337.99265
3343.16315
3345.23673
3346.27287
3350.41366
3351.45660
3352.48317
3354.55735
3355.59063
3356.62758
3357.66353
3359.73540
3360.76630
3361.80386
3363.87637
3364.91133
3369.06061
3370.09566
3371.12322
3372.15901
3374.23124
3375.26558
3376.30341
3377.34006
3378.36520
3379.41068
3386.65846
3387.68502
3388.73125
3389.75209
3390.80375
3392.86904
3397.03080
3398.04513
3399.10281
3400.12635
3401.15794
3402.18501
3403.24461
3404.27519
3405.28839
3438.44307
3439.46830
3440.50763
3442.57634
3443.61635
3444.64939
3445.68599
3446.72068
3447.75129
3448.79025
3449.81503
3451.90227
3452.93872
3453.97208
3455.00168
3456.04185
3457.07694
3458.11322
3459.14526
3460.18572
3461.21504
3462.24996
3463.29077
3469.50636
3470.53803
3472.60876
3473.64381
3474.68707
3475.71550
3478.82260
3479.85108
3480.89515
3481.93256
3482.96056
3484.00292
3485.04138
3486.07457
3487.11417
3488.14921
3489.17923
3492.28205
3493.32632
3494.33519
3495.38022
3496.42432
3497.46099
3498.50733
3499.54180
3500.57230
3501.61770
3502.65136
3505.74820
3506.76641
3507.83076
3508.85453
3510.92502
3511.95247
3512.99473
3514.04447
3515.06204
3545.09820
3546.13110
3547.16764
3548.20418
3549.24306
3550.27252
3551.31106
3552.34968
3553.38099
3554.41585
3559.59931
3560.62928
3561.66479
3562.70460
3563.73525
3564.77250
3565.81116
3566.84694
3567.87749
3570.98929
3572.02056
3573.05872
3574.09592
3575.12673
3576.16414
3577.20167
3578.23358
3579.27104
3580.30890
3581.34160
3583.41376
3584.45265
3586.52366
3587.55651
3588.59004
3589.62161
3590.66530
3591.70021
3593.76992
3594.80802
3602.05543
3603.09682
3604.12448
3605.16309
3606.19223
3607.22963
3608.26831
3609.30249
3612.41077
3613.44171
3614.47469
3615.51674
3616.54748
3617.58492
3618.62305
3619.66029
3620.68923
3621.72749
3622.77054
3625.86829
3626.90183
3627.94525
3628.98633
3630.01049
3633.12336
3634.16111
3635.18559
3636.23358
3637.26650
3641.40751
3642.43969
3643.47463
3644.51025
3645.54880
3646.58198
3647.62041
3648.65394
3649.69344
3650.72631
3651.76452
3654.86251
3655.89977
3656.94267
3657.96546
3659.01177
3660.04157
3663.14991
3666.25727
3667.29919
3669.36568
3670.39841
3671.43786
3673.51079
3674.54383
3676.61477
3677.65329
3678.68660
3679.72025
3680.75469
3681.79727
