3325.70063
3326.24981
3326.79648
3328.43437
3328.98443
3330.62569
3333.36184
3333.90763
3334.45529
3336.09520
3337.18945
3340.47040
3341.56588
3342.66011
3343.20569
3343.75367
3344.84708
3345.39518
3345.94208
3346.48886
3347.03886
3350.31827
3350.86405
3351.95820
3352.50460
3354.69302
3355.24049
3355.78755
3356.88357
3357.42887
3357.97625
3358.52282
3359.07094
3359.61629
3360.16290
3360.71109
3361.80406
3362.35162
3363.44646
3363.99245
3364.53997
3365.08715
3365.63397
3366.18484
3368.91600
3369.46243
3371.64998
3372.19774
3372.74440
3373.83868
3374.38562
3374.93139
3375.48240
3376.57407
3377.12293
3377.66776
3378.21730
3378.76189
3379.31188
3379.85584
3386.42003
3386.96802
3387.51378
3388.06166
3388.60818
3389.15562
3389.70337
3390.25081
3390.79672
3392.44086
3392.98433
3393.53305
3397.35717
3397.90654
3398.45832
3399.54638
3400.10090
3401.19523
3401.73518
3402.28474
3402.83115
3403.38016
3405.02124
3438.38623
3438.93369
3439.48123
3440.02974
3440.57554
3442.21581
3442.76373
3443.31099
3443.85670
3444.40403
3444.95051
3445.49882
3446.04543
3446.59159
3447.14023
3447.68605
3448.23265
3448.78072
3449.32784
3452.06427
3452.60854
3453.15667
3453.70184
3454.25054
3454.79798
3455.34391
3455.89116
3456.43867
3456.98523
3457.53331
3458.07941
3458.62841
3459.17390
3459.72027
3460.26658
3460.81499
3461.36120
3461.90904
3462.45497
3463.00192
3463.55091
3469.02068
3469.56680
3470.11485
3470.66122
3471.20811
3472.30248
3472.84851
3473.39609
3473.94304
3474.49069
3475.03845
3475.58414
3476.13102
3476.67805
3478.86572
3479.41324
3479.95996
3480.50650
3481.05476
3481.60140
3482.14961
3482.69487
3483.24245
3483.78906
3484.33810
3484.88432
3485.42955
3485.97797
3486.52460
3487.07238
3487.61974
3488.16624
3488.71223
3489.25974
3489.80648
3492.54579
3493.08589
3493.63429
3494.18252
3494.73388
3495.27451
3495.82550
3496.36986
3496.91946
3497.46054
3498.01228
3498.56050
3499.10793
3499.65190
3500.20081
3500.74523
3501.29078
3501.84441
3502.38747
3505.66846
3506.21896
3506.76199
3507.31197
3507.85709
3508.40716
3508.95792
3509.50061
3510.04208
3510.59551
3511.14037
3511.69051
3512.23644
3512.78069
3513.32931
3513.87680
3514.42280
3514.97038
3515.51735
3544.50836
3545.05534
3545.60211
3546.14951
3546.69627
3547.24296
3547.79003
3548.33774
3548.88506
3549.43256
3549.97997
3550.52553
3551.07297
3551.61909
3552.16703
3552.71418
3553.26110
3553.80740
3554.35507
3554.90130
3557.63737
3558.18348
3559.27806
3559.82537
3560.37184
3560.91931
3561.46539
3562.01321
3562.55971
3563.10744
3563.65379
3564.20060
3564.74744
3565.29484
3565.84181
3566.38944
3566.93580
3567.48328
3568.02968
3570.76470
3571.31258
3571.85874
3572.40682
3572.95314
3573.50093
3574.04689
3574.59470
3575.14081
3575.68875
3576.23520
3576.78265
3577.32936
3577.87660
3578.42323
3578.97180
3579.51722
3580.06443
3580.61104
3581.15873
3583.34632
3583.89361
3584.44072
3584.98761
3585.53458
3586.08145
3586.62851
3587.17566
3587.72249
3588.26922
3588.81673
3589.36329
3589.91077
3590.45816
3591.00510
3591.55243
3592.09957
3593.19273
3593.74019
3594.28651
3594.83401
3595.38081
3601.39882
3601.94509
3602.49219
3604.13441
3604.67987
3605.22741
3605.77466
3606.31934
3606.86795
3607.41354
3607.96187
3608.51034
3609.05641
3611.78959
3612.33668
3612.88626
3613.43314
3614.53188
3615.07441
3615.62034
3616.16718
3616.71325
3617.26157
3617.80805
3618.35630
3618.90242
3619.45088
3619.99586
3620.54335
3621.09027
3621.63724
3622.18357
3622.73253
3623.27963
3626.01447
3626.56073
3627.11146
3627.65400
3629.29744
3629.84332
3630.38899
3630.93746
3632.57734
3633.12600
3633.67081
3634.21890
3634.76589
3635.85995
3636.40872
3636.95510
3641.33229
3641.87676
3642.42305
3642.97308
3643.51965
3644.06668
3644.61066
3645.15941
3645.70623
3646.25273
3646.80300
3647.34882
3647.89533
3648.44242
3648.98768
3649.53723
3650.08236
3650.62946
3651.17697
3651.72265
3652.27002
3654.45826
3655.00478
3655.55499
3656.09857
3656.64660
3657.19281
3658.28863
3658.83541
3659.38228
3659.92928
3660.47582
3661.02414
3661.57611
3662.11732
3662.66301
3663.21157
3663.75733
3664.30635
3664.85300
3665.94651
3666.49309
3667.03942
3669.23097
3669.77526
3670.32274
3670.86908
3671.41751
3671.96500
3673.60472
3674.15131
3674.69845
3675.24544
3675.79257
3676.33900
3676.88641
3677.43371
3677.98056
3678.52838
3679.07391
3679.62124
3680.16795
3680.71504
3681.26320
3681.80908
