3355.26221
3356.85114
3358.44153
3360.03069
3363.20969
3364.80038
3366.39216
3369.56819
3372.74667
3374.33658
3375.93473
3377.51548
3379.10468
3387.05105
3388.64284
3390.24599
3391.82273
3393.41043
3398.17979
3399.76847
3401.35845
3402.94633
3404.54309
3439.50624
3441.09544
3442.68440
3444.27486
3445.86345
3447.45309
3449.04282
3452.22186
3453.81117
3455.40106
3456.99075
3458.57897
3460.16943
3461.75984
3463.34848
3469.70553
3471.29562
3472.88542
3474.47406
3476.06392
3479.24281
3480.83122
3482.42363
3484.01197
3485.60131
3487.19200
3488.77951
3491.96942
3493.54854
3495.13793
3496.72740
3498.31866
3499.90596
3501.49529
3506.26488
3507.85176
3509.44228
3511.03301
3512.62174
3514.21192
3515.80102
3546.00208
3547.59185
3549.18123
3550.77045
3552.36088
3553.95045
3560.31094
3561.89705
3563.48664
3565.07579
3566.66505
3568.25448
3601.63594
3603.22411
3604.81310
3606.40359
3607.99221
3611.18123
3612.76102
3614.34965
3615.94004
3617.53075
3619.11869
3620.70791
3622.29833
3625.47678
3627.06567
3630.24463
3633.42456
3635.01376
3636.60239
3641.37093
3642.96052
3644.55105
3646.14021
3647.72912
3649.31853
3650.90871
3652.49736
3655.67795
3657.26633
3658.85651
3660.44782
3662.03500
3663.62443
3665.21529
3666.80399
3669.98267
3671.57379
3673.16229
3674.75073
3676.34166
3677.93026
3679.51930
3681.10956
