3625.94788
3626.48380
3627.02116
3627.55990
3630.24409
3630.78386
3632.39636
3632.93302
3633.46957
3634.00784
3634.54528
3636.15747
3636.69374
3637.23218
3641.53201
3642.07023
3642.60500
3643.68325
3644.21611
3644.75815
3645.29284
3645.82926
3646.90562
3647.44543
3647.98134
3648.51992
3649.05451
3649.59142
3650.13185
3650.66549
3651.20311
3651.74131
3652.28104
3654.42765
3654.96453
3656.04069
3656.57784
3657.11697
3658.72545
3659.26462
3659.80309
3660.33860
3661.41397
3661.95210
3662.49068
3663.02699
3663.56252
3665.17697
3665.71672
3666.25053
3666.79049
3667.32499
3670.01259
3670.54974
3671.08860
3671.62596
3673.77365
3674.31000
3674.84884
3675.92181
3676.46348
3676.99935
3677.53595
3678.07188
3679.14664
3679.68492
3680.22135
3680.75942
3681.29819
3681.83600
