3388.38010
3390.82476
3393.41907
3398.33951
3400.83735
3403.30970
3405.88016
3438.41107
3440.99679
3443.47537
3445.92857
3448.40222
3453.51155
3455.91728
3458.43798
3460.94907
3463.68178
3546.09397
3548.63899
3551.10779
3553.62655
3561.13317
3563.63572
3566.09223
3601.21176
3603.73011
3606.25682
3608.67075
3611.10188
3613.77714
3616.21759
3618.71875
3621.22044
3623.67219
3626.30346
3628.80110
3631.24211
3633.72018
3636.32758
3641.21146
3643.83038
3646.24291
3648.77224
3651.34795
3656.28938
3658.87541
3661.28552
3663.82498
3666.36808
3668.80811
3671.32548
3676.32246
3678.79899
3681.33757
