3356.94792
3360.12991
3363.31184
3366.49514
3369.67571
3372.85700
3379.22013
3439.67190
3442.85513
3446.03645
3449.21815
3452.40011
3455.58156
3458.76318
3461.94540
3474.67185
3481.03633
3484.21767
3487.40057
3493.76402
3496.94754
3500.12398
3506.48890
3509.67006
3512.85076
3547.85133
3551.03273
3554.21471
3557.39823
3560.57943
3563.76021
3566.94208
3601.94190
3605.12244
3608.30371
3611.48600
3614.66823
3617.84980
3621.03143
3627.39657
3630.57560
3633.75966
3636.94253
3643.30240
3646.48576
3649.66675
