3325.79408
3328.52754
3331.25751
3333.99340
3335.36844
3336.72439
3338.09483
3340.82959
3342.19091
3344.92027
3346.28530
3350.38422
3354.48017
3355.85104
3357.21822
3358.58354
3359.95046
3361.31584
3362.68243
3364.04807
3365.41427
3366.78780
3369.51418
3370.87830
3372.24572
3373.60486
3374.97911
3376.34465
3377.70988
3379.07544
3388.63927
3391.37146
3394.10446
3398.20308
3399.56988
3400.93465
3402.30194
3403.66712
3405.03377
3439.18715
3440.55617
3441.92007
3443.28509
3444.65309
3446.01800
3447.38485
3448.75109
3452.85053
3454.21565
3455.58185
3456.94971
3458.31372
3459.68074
3461.04705
3462.41224
3469.24323
3470.61063
3471.97485
3473.34185
3474.70467
3476.07382
3478.80743
3480.17273
3481.54006
3482.90713
3484.27199
3485.63675
3487.00506
3488.37053
3489.73607
3545.74800
3547.11654
3548.48290
3549.84684
3551.21481
3552.58086
3553.94600
3558.04476
3559.41280
3560.77993
3562.14410
3563.51009
3564.87605
3566.24513
3567.60951
3571.70652
3573.07422
3574.43922
3575.80452
3577.17154
3578.53736
3579.90662
3581.27332
3584.00552
3585.36760
3586.73484
3588.10113
3589.46731
3590.83300
3592.20355
3593.56488
3594.93220
3600.39810
3601.76240
3604.49485
3605.86206
3607.22755
3608.59341
3611.31899
3612.69114
3614.05876
3615.42400
3616.79074
3618.15682
3619.52292
3620.88992
3622.25528
3623.62219
3626.35421
3627.72031
3629.08642
3630.45344
3631.81557
3633.18522
3634.55206
3635.91750
3637.28272
3638.64986
3641.38360
3642.74892
3644.11416
3645.48093
3646.84614
3648.21340
3649.57984
3650.94520
3652.31082
3655.04358
3656.41211
3659.14256
3660.50838
3661.87443
3663.24115
3665.97270
3667.33891
3670.07192
3671.43692
3672.80307
3674.16991
3676.90315
3678.26898
3679.63445
3680.99985
