3683.97243
3685.64372
3687.31431
3688.98519
3690.65608
3692.32801
3693.99778
3695.66920
3699.01144
3700.68184
3702.35237
3704.02376
3705.69463
3707.36529
3709.03664
3712.37829
3714.04946
3715.72064
3717.39132
3719.06169
3720.73227
3722.40402
3725.74491
3727.41646
3729.08698
3730.75813
3732.42928
3734.09921
3735.77129
3739.10594
3740.78346
3742.45427
3744.12608
3745.79738
3747.46706
3749.13799
3752.48091
3754.15113
3755.82204
3757.49316
3759.16456
3760.83439
3762.50515
3817.64379
3819.31700
3820.98890
3822.65846
3824.32876
3826.00014
3831.01311
3832.68441
3834.35451
3836.02543
3837.69620
3839.37250
