3438.83419
3439.52606
3440.21855
3440.91162
3441.60242
3442.29510
3442.98657
3443.67875
3444.37179
3445.06529
3445.75510
3446.44681
3447.13997
3447.83327
3448.52339
3449.21524
3449.90723
3451.98527
3452.67545
3453.36830
3454.06145
3454.75201
3455.44397
3456.13639
3456.82935
3457.52220
3458.21236
3458.90383
3459.59682
3460.28936
3460.98010
3461.67205
3462.36438
3463.05696
3463.74855
3468.59312
3469.28522
3469.97873
3470.66929
3471.36149
3472.05209
3472.74659
3473.43957
3474.12927
3474.82144
3475.51417
3476.20646
3478.97425
3479.66750
3480.35709
3481.05044
3481.74306
3482.43595
3483.12722
3483.81550
3484.51098
3485.20279
3485.89635
3486.58705
3487.27774
3487.97035
3488.66489
3489.35777
3492.12388
3492.81514
3493.50647
3494.19911
3495.58482
3496.27474
3496.96779
3497.66005
3498.35175
3499.04349
3499.73504
3500.42761
3501.11949
3501.81386
3502.50398
3505.27257
3505.96415
3506.65541
3507.34910
3508.04189
3508.73251
3509.42396
3510.11723
3510.80926
3511.50291
3512.19257
3512.88529
3513.57691
3514.27073
3514.96096
3515.65354
