3386.29053
3387.51422
3388.12904
3388.72819
3393.00705
3394.22657
3397.27736
3397.88372
3398.50180
3399.10921
3399.72617
3400.34222
3400.93925
3401.54886
3402.15630
3403.38376
3405.21463
3468.70735
3469.31613
3469.92732
3470.53494
3471.14595
3472.37094
3472.98019
3473.59155
3474.19677
3474.80454
3475.41492
3476.03078
3476.64374
3479.07714
3479.69014
3480.30031
3480.91651
3481.52809
3482.13595
3482.74325
3483.35637
3483.96308
3485.19116
3485.80237
3487.00790
3487.62604
3488.23725
3489.46993
3491.89907
3492.51365
3493.12580
3493.73683
3494.34972
3494.95241
3495.56194
3496.17325
3497.40106
3498.01076
3498.62243
3499.22672
3499.83818
3500.45020
3501.67810
3502.28508
3505.93595
3506.57269
3507.15765
3507.76403
3508.99398
3510.22353
3510.83063
3511.45746
3512.05214
3514.48511
3515.70519
3544.40227
3545.01585
3546.23326
3546.84553
3547.45937
3548.06248
3548.67137
3549.28788
3550.51037
3551.11941
3551.72260
3552.34551
3552.95092
3553.55860
3554.18238
3554.78514
3557.83765
3558.44641
3559.67243
3560.26875
3560.88268
3561.50145
3562.10940
3562.72501
3563.33284
3563.94029
3564.54672
3565.15976
3565.77577
3566.38814
3566.99444
3567.60370
3568.21066
3571.26837
3571.88100
3572.48345
3573.09440
3573.70733
3574.31500
3574.93590
3575.54162
3576.15037
3576.75602
3577.36810
3577.98445
3578.59195
3579.20583
3580.42853
3581.02824
3583.48580
3584.08731
3585.30567
3585.91275
3586.53116
3587.14117
3587.75517
3588.36156
3588.96320
3589.58040
3590.19012
3590.80301
3591.41402
3592.01880
3592.63109
3593.24055
3593.85405
3594.46587
3595.07518
3601.78761
3602.40465
3604.23743
3604.84013
3605.44679
3606.06102
3606.67480
3607.28590
3607.89878
3608.50521
3609.11166
3611.56279
3612.17164
3612.77508
3615.22489
3615.83148
3616.44688
3617.65695
3618.26963
3618.88293
3619.49535
3620.10969
3620.71064
3621.32007
3621.93407
3622.54682
3623.15749
3654.89890
3655.51390
3656.12350
3656.73799
3659.17312
3659.78750
3660.40004
3661.00932
3662.22422
3662.83550
3663.44915
3665.88785
3666.49952
3667.11079
3670.15893
3670.77335
3671.38108
3673.82641
3674.43439
3675.04403
3675.65967
3676.27048
3676.88164
3677.49094
3678.09737
3678.70824
3679.31810
3679.93436
3680.54179
3681.15602
3681.76264
