3354.41521
3357.31965
3360.18645
3363.06022
3368.82881
3371.71585
3374.60147
3377.49138
3440.91058
3443.78182
3446.67361
3449.54382
3452.44069
3455.32591
3458.20766
3461.08047
3469.74269
3472.61087
3475.49895
3481.27086
3484.14722
3487.03048
3492.80093
3495.68580
3498.56365
3501.45385
3507.21648
3510.08897
3512.96791
3515.85608
3544.68711
3547.57582
3550.45015
3553.35764
3561.99257
3564.86416
3567.75929
3570.60967
3573.52555
3576.40472
3579.29484
3585.04658
3587.93377
3590.82689
3593.69771
3602.34577
3605.23818
3608.11349
3613.87889
3616.76454
3619.65054
3622.53356
3631.18392
3634.07332
3636.95824
3642.70792
3645.61461
3648.47383
3651.33822
3654.23724
3657.11279
3660.02465
3662.89037
3665.76664
3671.54393
3674.42422
3677.30750
3680.19017
