3545.22895
3546.97898
3548.73331
3550.48565
3552.23737
3553.98873
3557.49409
3559.24365
3560.99492
3562.74604
3564.49790
3566.24887
3567.99822
3571.50327
3573.25502
3575.00604
3576.75781
3578.50671
3580.25934
3583.76398
3585.51499
3587.26564
3589.02002
3590.76914
3592.51986
3594.27218
3601.28567
3603.02773
3604.77861
3606.53225
3608.28643
3613.53566
3615.28962
3617.04336
3618.79204
3620.54119
3622.29429
3627.54866
3629.30032
3631.05172
3632.80447
3634.55336
3636.30685
3641.56256
3643.30944
3645.06408
3646.81479
3648.56536
3650.31851
3652.07027
