3326.45249
3326.95880
3327.97784
3328.99607
3330.51770
3331.02776
3333.06172
3333.56796
3334.07316
3336.11365
3337.13001
3337.64125
3338.14816
3340.18018
3341.19956
3342.72616
3343.23301
3343.74349
3345.77570
3346.28344
3349.84429
3350.86073
3352.38571
3352.89595
3354.92846
3355.94685
3356.45952
3357.47215
3358.48891
3359.50613
3360.01556
3360.52299
3362.04793
3362.55598
3363.06438
3364.59090
3365.10086
3365.60729
3366.62643
3369.16924
3369.68103
3370.18675
3371.71105
3372.21836
3372.72886
3373.74691
3374.25228
3374.76369
3376.79663
3377.30506
3386.45832
3387.47557
3388.49231
3389.00033
3389.51169
3391.03381
3392.56110
3393.07253
3393.58197
3397.14678
3397.64942
3401.71549
3402.22054
3438.33280
3438.83992
3439.34751
3439.85507
3440.36440
3441.38250
3441.88958
3442.39878
3442.90740
3443.41772
3443.92505
3444.43130
3444.94077
3445.44967
3446.46687
3447.48481
3447.99196
3448.50112
3449.00807
3452.05529
3452.56974
3453.07718
3453.58667
3454.60207
3455.11359
3455.61996
3456.12491
3457.14857
3458.16625
3458.67114
3459.68768
3460.20014
3461.21647
3461.72293
3462.23139
3468.84243
3469.35115
3469.85826
3470.36866
3470.87716
3471.39084
3471.89618
3472.40288
3473.41843
3473.92829
3474.43821
3474.94591
3475.96356
3476.47912
3479.02033
3479.52187
3480.03157
3481.55098
3483.59181
3484.09994
3485.11643
3485.62920
3486.13527
3486.63880
3487.14605
3487.66002
3489.18425
3489.68960
3492.23786
3492.74687
3493.75566
3494.27089
3495.29180
3496.29887
3497.31898
3497.82257
3498.33844
3499.35551
3499.86602
3500.37153
3500.87740
3501.38725
3502.40849
3505.96814
3506.98195
3507.48887
3508.50773
3509.52756
3510.03535
3512.07007
3512.57919
3513.08576
3513.59899
3514.10076
3514.61146
3515.12309
3545.63290
3546.14403
3546.64916
3547.15893
3547.66637
3548.17560
3548.68195
3549.19121
3549.70027
3550.71849
3551.22855
3551.73571
3552.24603
3553.26102
3553.76967
3554.27821
3554.78798
3557.83609
3558.34641
3559.36443
3560.37917
3560.89172
3561.90640
3562.41535
3562.92305
3563.93872
3564.44736
3565.45969
3565.97435
3566.99136
3568.00465
3571.56713
3572.07643
3573.09196
3574.10811
3574.62279
3575.12841
3575.63491
3576.14297
3576.64978
3577.67131
3578.18230
3579.19055
3580.21451
3580.72147
3581.23097
3585.29547
3585.80617
3586.82556
3587.83866
3588.85645
3590.37972
3591.40012
3591.91151
3592.42088
3593.43218
3593.94388
3594.96171
3595.47123
3601.57100
3602.07951
3602.59083
3604.11531
3605.13038
3605.63961
3607.67620
3608.18367
3608.69358
3609.20009
3611.74286
3612.76048
3613.77700
3615.30156
3615.81213
3616.31988
3616.82780
3617.33603
3617.84466
3618.86096
3619.37128
3619.87927
3620.38804
3620.89646
3621.40536
3621.91323
3622.42154
3622.93075
3627.50991
3628.01605
3630.04854
3633.09910
3634.11487
3636.15223
3641.24259
3641.74166
3642.25249
3643.78084
3644.79886
3645.30464
3647.33942
3647.85292
3648.86005
3649.88393
3650.39328
3651.40388
3652.42510
3655.98186
3656.49449
3659.03786
3660.05337
3661.07113
3661.57967
3662.08840
3662.59523
3663.10518
3663.61355
3665.13825
3665.64814
3666.15556
3666.66532
3667.17395
3669.71465
3670.22395
3670.73493
3671.24255
3672.76920
3673.27659
3673.78498
3674.29253
3674.80313
3675.30728
3675.81929
3676.32558
3676.83460
3677.34315
3678.36006
3679.37731
3679.88614
3680.90499
3681.41129
3681.92494
