3684.48153
3685.17709
3685.85238
3687.26227
3690.66913
3691.36060
3693.42052
3694.79582
3695.48375
3698.23557
3698.92461
3699.61232
3700.29992
3700.98781
3703.05485
3703.74127
3704.42998
3705.11833
3705.81426
3707.18679
3708.56239
3709.25360
3709.93560
3711.99512
3713.37600
3714.06447
3714.75170
3715.44315
3716.12983
3716.81644
3717.50761
3718.19093
3718.87874
3719.56632
3721.63001
3722.31833
3723.00691
3726.44988
3727.13535
3727.82486
3728.51285
3729.21917
3729.88928
3730.57860
3731.26788
3731.95424
3732.64905
3733.34163
3734.71340
3735.40941
3736.12743
3739.52465
3740.21055
3740.90126
3741.58657
3742.27411
3742.96178
3743.64910
3744.33782
3745.03396
3745.71361
3746.40056
3747.08962
3747.77642
3748.46648
3749.15323
3749.84163
3752.59405
3753.28220
3753.97248
3754.66143
3755.35110
3756.03907
3756.73081
3757.42262
3758.12270
3758.78717
3759.47669
3760.16326
3760.85370
3761.54046
3762.23087
3762.91778
3817.96179
3818.64923
3819.33760
3820.02486
3820.71326
3822.08902
3822.77732
3823.46507
3824.15385
3824.84173
3825.53150
3826.21788
3826.90883
3827.59621
3830.35476
3831.04967
3832.43046
3833.12718
3834.47722
3835.84528
3837.23042
3837.91787
3838.60752
3839.29292
