3355.07221
3357.15429
3358.19524
3359.23573
3360.27837
3361.31886
3362.35770
3363.39845
3364.43528
3365.47996
3369.64187
3371.72406
3372.76515
3373.80597
3374.84830
3376.92762
3379.00923
3380.05085
3386.29634
3388.37578
3389.41613
3390.45737
3391.49846
3392.53934
3393.58366
3397.74198
3399.82386
3400.86564
3401.90520
3402.94635
3403.98410
3405.02898
3438.33210
3439.37187
3440.41256
3441.45251
3442.49433
3443.53439
3444.57524
3445.61628
3446.65668
3447.69715
3448.73812
3449.78018
3451.86059
3452.90049
3453.94290
3454.98380
3456.02415
3457.06435
3458.10513
3459.14626
3460.18634
3461.22703
3462.26798
3463.30854
3492.44991
3493.49148
3494.53104
3495.57165
3496.61255
3497.65330
3498.69491
3499.73356
3500.77506
3501.81746
3505.97951
3507.01967
3508.06017
3509.10138
3510.14166
3511.18219
3512.22356
3513.26440
3514.30421
3515.34494
3544.48517
3545.52720
3546.56780
3547.60716
3548.64797
3549.68907
3550.73026
3551.77159
3552.81174
3553.85279
3554.89228
3558.01521
3560.09743
3561.13767
3562.17768
3563.21911
3564.26012
3565.30061
3566.34216
3567.38195
3571.54490
3573.62628
3574.66787
3575.71281
3576.74871
3577.78893
3579.87164
3580.91123
3584.03263
3585.07409
3586.11486
3587.15509
3588.19610
3589.23841
3590.27798
3591.31870
3592.36016
3593.40026
3594.44127
3595.48119
3601.72610
3602.76635
3603.80664
3604.84830
3605.88779
3606.93052
3607.97005
3609.01053
3611.09266
3612.13273
3613.17398
3614.21566
3615.25545
3616.29571
3617.33721
3618.37690
3619.41704
3620.45869
3621.49951
3622.53957
3623.58132
3625.66230
3626.70282
3627.74429
3629.82600
3630.86643
3632.94779
3633.98846
3635.03105
3636.07101
3637.11076
3641.27282
3642.31332
3644.39649
3645.43675
3646.47626
3647.51840
3648.56032
3649.59877
3650.63960
3651.67944
3654.80329
3655.84358
3656.88470
3658.96650
3660.00717
3661.04865
3662.08878
3663.12921
3665.21114
3666.25092
3667.29203
3669.37440
3670.41399
3671.45527
3673.53654
3674.57744
3676.65875
3677.69903
3678.74008
3679.78024
3680.82122
3681.86176
