3325.86125
3327.50531
3328.31707
3330.77890
3331.58149
3333.22432
3334.04379
3334.86693
3335.68295
3336.49769
3337.31615
3338.13282
3340.58412
3341.39993
3343.03676
3343.85524
3345.49079
3346.31085
3347.12556
3350.39672
3351.21679
3352.85230
3354.48583
3355.30726
3356.94617
3357.75553
3358.57401
3359.39401
3360.20935
3361.84552
3362.66236
3363.48011
3364.29921
3365.11552
3365.94048
3366.74997
3369.20709
3370.83825
3371.65644
3374.11122
3374.92811
3375.75196
3376.55750
3377.38054
3378.19870
3379.00860
3379.83280
3386.38133
3387.19587
3388.01147
3388.83436
3389.63192
3390.45917
3392.10094
3392.91520
3393.73684
3394.56298
3397.00421
3397.82210
3398.65659
3399.46022
3400.28193
3401.10114
3401.90568
3403.55283
3404.36367
3405.17590
3438.70681
3439.52398
3440.34034
3441.16426
3441.97568
3442.79827
3443.61060
3444.42914
3445.25318
3446.06608
3446.88531
3447.70015
3448.52021
3449.33648
3452.60656
3453.42397
3454.25191
3455.06202
3455.87826
3456.69419
3457.51329
3458.33026
3459.14858
3459.96516
3460.78668
3461.60093
3462.41902
3463.23653
3468.96400
3469.77594
3470.59535
3471.41342
3472.23340
3473.04934
3473.87185
3475.49749
3476.32000
3478.77151
3479.58828
3480.41277
3481.22950
3482.04496
3482.86097
3483.67338
3484.49740
3485.31507
3486.13013
3486.94895
3487.76887
3488.59005
3489.40225
3492.67558
3493.49441
3494.31096
3495.12668
3495.94376
3496.76136
3497.57276
3498.39689
3499.21879
3500.03320
3500.84093
3501.66136
3502.48424
3505.75494
3506.57619
3507.38245
3508.21259
3509.02865
3509.83531
3510.66248
3511.47886
3512.29493
3513.11558
3513.93358
3514.74310
3515.57486
3545.00376
3545.82164
3546.64131
3547.45591
3548.27387
3549.09150
3549.91079
3550.72824
3551.54473
3552.36205
3553.18095
3553.99814
3554.81490
3558.08613
3559.72173
3560.53968
3561.35673
3562.17489
3562.99317
3563.81080
3564.62764
3565.44687
3566.26388
3567.08112
3567.89929
3571.16952
3571.98752
3572.80359
3573.62574
3574.44184
3575.25881
3576.07509
3576.89687
3577.70894
3578.52880
3579.34787
3580.16603
3580.97993
3584.25405
3585.07018
3585.89264
3586.70690
3587.52369
3588.33824
3589.15872
3589.98211
3590.79778
3591.61369
3592.43166
3593.24978
3594.06256
3594.88107
3600.60792
3601.42514
3602.24202
3603.87618
3604.69657
3605.51374
3606.33157
3607.15184
3607.96523
3608.78462
3612.87152
3613.68899
3614.50610
3615.32583
3616.14256
3616.96777
3617.78542
3618.59863
3619.40807
3621.04706
3621.86328
3622.68706
3623.50328
3625.95526
3626.77135
3627.58231
3630.04157
3630.86222
3631.69259
3632.49837
3633.31531
3634.12884
3634.95152
3635.76558
3636.58565
3637.40241
3640.67233
3641.48919
3642.30948
3643.12587
3643.94466
3644.75899
3645.57707
3646.39814
3647.21690
3648.03267
3648.85604
3649.66874
3650.48245
3651.30320
3652.11771
3654.57001
3655.39065
3656.20988
3657.02571
3658.66212
3659.48398
3660.29622
3661.11643
3661.93557
3662.75095
3663.56917
3664.38602
3665.20610
3666.01984
3666.83977
3669.29315
3670.10590
3670.92649
3671.74572
3673.38207
3674.20142
3675.01368
3675.83817
3676.65511
3677.47205
3678.29156
3679.10941
3679.92126
3680.74034
3681.55529
