3386.46751
3388.03730
3389.58635
3391.09779
3394.23336
3397.33826
3398.88546
3400.46325
3403.53807
3405.08778
3442.35719
3443.89699
3447.00769
3448.55259
3453.19900
3454.75914
3456.31417
3457.86744
3460.97858
3462.51817
3468.72867
3470.28808
3471.83893
3473.38304
3474.93614
3476.49801
3479.59080
3481.14511
3482.69531
3484.25895
3487.35768
3488.90805
3493.57305
3495.12453
3496.65941
3498.21500
3499.77805
3501.31923
3505.97717
3507.52907
3509.09255
3510.63395
3512.19143
3513.74604
3515.28512
3544.78663
3546.33830
3549.43852
3550.98931
3552.53969
3560.30930
3561.86902
3563.40334
3564.95499
3566.52876
3568.06855
3571.16979
3572.72761
3574.27687
3575.82005
3577.38935
3578.93497
3580.49672
3583.58612
3586.68871
3588.25299
3589.79780
3591.34000
3592.87586
3594.44663
3600.66144
3602.21443
3605.31221
3608.41737
3613.08059
3616.17174
3617.73168
3619.28142
3620.84004
3622.39100
3654.98323
3656.53623
3658.09416
3659.64688
3661.19317
3662.75522
3664.29416
3665.85308
3667.39758
3670.50333
3673.60409
3675.16413
3676.72898
3678.26551
3679.81436
3681.36110
