3387.87918
3390.17326
3392.46770
3397.06164
3399.35997
3401.65257
3403.95285
3438.39754
3440.68847
3442.98409
3445.28509
3447.57548
3449.87534
3452.18106
3454.46413
3456.76313
3459.05850
3461.35818
3463.65705
3470.53685
3472.83587
3475.13110
3479.72885
3482.01198
3484.32380
3486.62517
3488.90808
3493.50681
3495.79942
3498.09460
3500.39210
3502.69013
3507.28006
3509.58077
3511.87196
3514.17462
3546.32954
3548.60962
3550.94750
3553.20918
3557.79893
3560.09080
3562.39881
3564.69595
3566.98110
3601.42605
3603.72892
3606.02561
3608.31713
3612.91082
3615.21228
3617.50778
3619.80180
3622.09895
3656.54418
3658.83789
3661.13207
3663.42449
3665.72657
3670.32155
3672.61369
3674.90533
3677.20272
3679.50275
3681.78732
