3355.31625
3357.39116
3358.42674
3359.46405
3360.50106
3361.53657
3362.57486
3364.64956
3365.68686
3366.72338
3368.79784
3369.83383
3370.87226
3371.90762
3372.94525
3373.98273
3375.01867
3377.09235
3379.16613
3381.24229
3386.42637
3387.46277
3388.49859
3389.53684
3390.57415
3391.61063
3393.68436
3397.83318
3398.87243
3400.94222
3403.01985
3404.05315
3405.09314
3438.27439
3439.31076
3440.34868
3441.38475
3442.42203
3443.46013
3444.49659
3445.53201
3446.56843
3447.60619
3448.64409
3449.68050
3451.75488
3452.79127
3453.82834
3454.86421
3455.90273
3456.93897
3457.97628
3459.01304
3460.04918
3461.08759
3462.12489
3463.16180
3469.38299
3470.42023
3471.45456
3472.49476
3473.53200
3474.57044
3475.60541
3476.64090
3478.71573
3479.75174
3480.78762
3481.82760
3482.86382
3483.90053
3484.93784
3485.97306
3487.01174
3488.04845
3489.08538
3492.19731
3493.23281
3494.27087
3495.30788
3496.34584
3497.38205
3498.41914
3499.45364
3500.49262
3501.52710
3502.56743
3505.67587
3506.71407
3508.79196
3509.82496
3510.85919
3511.89651
3512.93521
3513.97660
3515.00769
3545.08113
3546.11728
3547.15597
3548.19451
3549.23061
3550.26523
3551.30262
3552.33971
3553.37690
3554.41566
3557.52615
3559.59880
3560.63515
3561.67183
3562.71056
3563.74661
3564.78475
3565.82046
3566.85868
3567.89472
3571.00868
3572.04285
3573.07992
3574.11747
3575.15286
3576.19048
3577.22792
3578.26539
3579.30088
3580.33712
3581.37360
3584.48484
3585.52323
3586.56014
3587.59667
3588.63401
3589.67027
3590.70991
3591.74408
3592.78262
3593.81932
3594.85540
3601.07719
3602.11393
3603.15348
3604.18855
3605.22597
3606.26313
3607.29990
3608.33738
3609.37161
3612.48280
3613.52139
3614.56019
3615.59525
3616.63068
3617.66881
3618.70678
3619.74495
3620.78093
3621.81582
3622.85289
3625.96468
3627.00142
3628.04038
3629.07641
3630.11302
3631.14715
3632.18745
3633.22539
3634.26105
3635.30511
3636.33541
3637.36834
3640.48133
3641.51858
3642.55586
3643.59379
3644.63167
3645.66869
3646.70701
3647.74264
3648.77642
3649.81525
3650.84910
3651.88658
3655.00113
3656.03669
3657.07433
3658.11060
3659.14873
3660.18518
3661.22177
3662.25808
3663.29854
3664.33183
3666.40642
3667.44312
3669.51764
3670.55395
3671.59208
3672.62820
3673.66375
3674.70224
3675.73901
3676.77727
3677.81343
3678.85009
3679.88605
3680.92494
3681.96201
