3327.88914
3330.91185
3333.92965
3336.95438
3339.97634
3341.48055
3342.99926
3346.01850
3350.55251
3352.05854
3355.09013
3356.59756
3358.10702
3359.61797
3362.63973
3364.15009
3365.65904
3370.19398
3371.71014
3374.73045
3376.22981
3377.75192
3379.26533
3380.76377
3386.81020
3388.32710
3391.35104
3392.85534
3394.36926
3397.39041
3398.89911
3400.41859
3401.92118
3403.43709
3404.94621
3439.69699
3441.20878
3442.72356
3444.23151
3445.73885
3447.25132
3448.77006
3453.29484
3454.80782
3456.31546
3457.82855
3459.33954
3460.85150
3462.36090
3492.58842
3494.10672
3495.60298
3497.11504
3498.62592
3500.13551
3501.65222
3506.17671
3509.20875
3510.71754
3512.23432
3513.74199
3515.24505
3545.46145
3548.47680
3550.00289
3551.50786
3554.53116
3557.55822
3560.58630
3562.08784
3563.60836
3565.10710
3568.13792
3571.15283
3572.66866
3574.17604
3575.68656
3577.19923
3578.70736
3580.21990
3583.25151
3584.75568
3586.26827
3587.77932
3589.28764
3590.79788
3592.30749
3593.82025
3595.33186
3601.37644
3602.88758
3604.39371
3605.90590
3607.42349
3608.92960
3611.95325
3613.45931
3614.97090
3616.48425
3618.00161
3619.50501
3621.01790
3622.52363
3625.54847
3627.06096
3630.08129
3631.59102
3633.10310
3634.61246
3636.12414
3640.65617
3642.16947
3643.67959
3645.18963
3646.70139
3648.21461
3649.72476
3651.23440
3654.26605
3655.77065
3657.28268
3658.79037
3660.30052
3661.81351
3663.31676
3664.82791
3666.34512
3669.36619
3670.87804
3672.39086
3673.89716
3675.40301
3676.92371
3678.43095
3679.94188
3681.45348
