3545.46927
3546.72879
3547.99015
3549.24686
3550.50207
3551.76358
3553.02593
3554.27902
3558.05426
3559.31055
3560.56638
3561.82426
3563.08088
3564.34173
3565.59975
3566.85546
3568.11409
3571.88868
3573.14609
3574.40385
3575.66152
3576.91898
3578.17807
3579.43582
3580.69371
3583.21502
3584.46761
3585.72280
3586.98374
3588.24128
3589.49891
3590.75740
3592.01485
3593.27271
3594.52885
3602.08192
3603.33073
3608.36723
3612.14133
3613.40387
3614.65724
3615.91509
3617.17504
3618.42898
3619.68841
3620.94739
3622.20740
3623.46305
