3357.68035
3361.64828
3365.61330
3369.58113
3373.54299
3377.50947
3389.40611
3393.37174
3397.33212
3401.30413
3405.27084
3440.96049
3444.92791
3448.89285
3452.85854
3456.82505
3460.79155
3468.72220
3472.68895
3476.65357
3480.61967
3484.58434
3488.55475
3496.48131
3500.44950
3508.38228
3512.34506
3548.03611
3552.00237
3563.90063
3567.86550
3607.52286
3611.49608
3615.45610
3619.42028
3623.38843
3627.35260
3631.31916
3643.21243
3647.17924
3651.14501
3655.11240
3659.07825
3663.04334
3667.00831
3670.97330
3674.94118
3678.90616
