3685.56918
3686.24363
3686.91889
3687.59341
3688.94398
3689.62319
3690.29531
3690.97367
3691.65643
3692.31886
3693.01025
3693.67973
3694.35316
3695.03122
3695.70992
3698.41469
3699.75368
3700.44406
3701.11266
3702.45842
3703.14597
3703.81856
3704.49874
3705.16902
3706.52800
3707.19962
3708.55203
3709.22699
3709.90639
3712.61043
3713.28074
3713.96352
3715.30877
3715.98962
3716.66174
3717.33034
3718.01575
3718.69299
3719.36722
3720.71877
3721.39443
3722.06978
3722.75029
3723.41616
3726.13404
3726.80273
3727.48048
3728.14975
3728.83144
3730.18009
3730.86257
3731.53549
3732.21536
3732.88448
3733.56300
3734.23963
3734.91810
3735.59118
3736.26817
3736.93512
3740.32399
3741.00385
3741.66288
3742.35360
3743.02238
3743.70703
3745.05414
3747.08537
3748.43570
3749.11466
3752.49224
3753.84666
3757.89219
3761.27540
