3326.23128
3334.08687
3334.50123
3344.83533
3349.79612
3350.21069
3363.43687
3374.19714
3448.19398
3455.63005
3468.85588
3471.33732
3473.81969
3474.23123
3482.08114
3487.04571
3492.42148
3493.24906
3495.31683
3497.79592
3498.62594
3505.65121
3506.06438
3506.47900
3508.13382
3508.95956
3514.33432
3514.74736
3550.71441
3558.15182
3559.80838
3581.31089
3584.60567
3587.92794
3588.35534
3589.98198
3590.81657
3608.18007
3608.58894
3609.00116
3613.55988
3618.51950
3619.74994
3620.58178
3620.99043
3627.60313
3635.45868
3645.79961
3648.28383
3649.09929
3659.02557
3659.44002
3662.33400
3669.36310
3674.73455
3675.14925
3679.69374
