3354.84301
3356.87419
3358.90769
3360.93622
3362.97529
3365.00898
3369.07832
3371.10523
3373.13714
3375.17074
3377.20298
3379.23511
3381.26999
3387.36834
3389.40012
3391.42958
3393.46514
3397.52933
3399.56110
3401.59604
3403.62611
3405.66351
3440.21547
3442.24827
3444.28011
3446.31389
3448.34697
3452.40904
3454.44252
3456.47745
3458.50356
3460.54156
3462.57523
3468.67072
3470.70480
3472.73774
3474.77007
3482.88667
3484.94729
3486.96414
3488.99823
3545.91424
3547.94639
3549.97753
3552.01224
3554.04393
3558.10076
3560.14641
3562.16903
3564.21732
3566.24048
3568.25902
3625.17277
3627.21760
3629.25027
3631.29837
3633.31884
3635.35278
3637.38595
3641.45007
3643.48134
3645.51366
3647.54711
3649.58001
3651.61984
3655.67916
3659.74883
3661.77165
3663.80908
3665.84110
3669.90852
3671.94064
3673.96889
3676.00652
3678.03582
3680.06965
