3326.79760
3328.96156
3331.12743
3333.29412
3334.73361
3336.17948
3340.51671
3344.11234
3344.83573
3346.27878
3347.00179
3349.88326
3350.60635
3352.04531
3387.39822
3389.55720
3390.30182
3391.00668
3393.92025
3397.50050
3400.38698
3402.54872
3492.00793
3493.45116
3494.17138
3495.61324
3497.77765
3499.94187
3501.39140
3505.71471
3507.15704
3509.32095
3510.04458
3510.76905
3511.48503
3512.92636
3513.64989
3515.09106
3515.80798
3544.66270
3545.41996
3546.11304
3546.84016
3548.27649
3549.72763
3550.44171
3551.88388
3554.04877
3557.65941
3558.38302
3559.82052
3561.27184
3561.98413
3564.14990
3565.59190
3566.32128
3567.03749
3567.75604
3571.36729
3572.08689
3573.52746
3574.96938
3575.69273
3577.13710
3577.86256
3579.30322
3580.74678
3581.46384
3584.35233
3585.07110
3585.79431
3587.23337
3587.96196
3588.67979
3589.39150
3590.84550
3591.56512
3592.29572
3593.00618
3594.45618
3595.18196
3602.38371
3603.83140
3604.54980
3605.27460
3605.99909
3606.71626
3608.87998
3612.48591
3613.21432
3613.92850
3616.09433
3618.25625
3619.69894
3621.86334
3622.58336
3655.05219
3656.50323
3657.21963
3658.65840
3659.38289
3662.98688
3663.71036
3665.15261
3666.59927
3667.31476
3670.20215
3670.92155
3672.37259
3673.09011
3674.52815
3675.97165
3676.69554
3678.13703
3678.85278
3680.30844
3681.02223
