3356.92074
3359.64348
3362.36676
3365.08732
3370.53296
3378.69901
3386.87130
3389.60526
3397.76747
3400.49340
3403.20924
3405.93745
3438.61115
3441.33652
3444.05883
3446.78260
3449.50330
3452.22780
3454.95190
3457.67388
3460.40003
3463.11662
3468.56956
3471.29181
3474.01463
3476.74018
3479.46030
3482.18228
3484.90695
3487.63143
3493.07863
3495.79789
3498.52180
3501.24548
3506.69092
3509.41322
3512.13418
3514.85983
3602.00312
3604.72614
3607.44857
3612.89465
3615.62299
3618.34070
3621.06696
3626.51144
3629.23071
3631.95527
3634.68082
3637.40668
3642.85021
3645.57368
3648.29626
3651.02079
3656.46962
3659.19300
3661.91573
3664.62362
3667.36120
3670.08093
3672.80243
3678.25360
3680.97499
