3354.72439
3355.84125
3358.63369
3359.75122
3360.86818
3361.42639
3361.98377
3362.54294
3364.77591
3369.80305
3370.36059
3370.92027
3372.03838
3372.59457
3374.83063
3375.38787
3376.50448
3378.73756
3387.11519
3388.23260
3391.02509
3398.83894
3399.40044
3401.63316
3438.49220
3439.05055
3439.60975
3440.16862
3441.28441
3441.84291
3442.40150
3442.96074
3444.63549
3445.19406
3445.75293
3446.87112
3447.42774
3447.98634
3448.54537
3449.66395
3452.45623
3453.01261
3453.57042
3454.12954
3455.24672
3455.80512
3456.36277
3456.92173
3457.48097
3458.59742
3459.15530
3459.71406
3460.27321
3461.39030
3461.94786
3462.50638
3463.06521
3469.76801
3470.32423
3470.88267
3472.55858
3473.11703
3473.67564
3474.23418
3475.90833
3476.46768
3478.70219
3479.26018
3479.81871
3481.49450
3482.05145
3482.61054
3483.16992
3484.28766
3484.84456
3485.40209
3485.96156
3486.52077
3487.63744
3488.19586
3488.75411
3489.87217
3492.10504
3492.66400
3493.22020
3494.34029
3496.01455
3496.57197
3497.13206
3498.80724
3499.92260
3500.48191
3502.15523
3502.71548
3506.06607
3507.18563
3507.74119
3508.30183
3510.53045
3511.09228
3511.65192
3512.20967
3513.32466
3513.88362
3514.44347
3545.15862
3545.71670
3546.27482
3547.95120
3548.50854
3549.06721
3549.62607
3550.74450
3551.30094
3551.85977
3552.41851
3553.53700
3554.09398
3554.65152
3555.21073
3557.44329
3558.00365
3559.67869
3560.23618
3560.79547
3561.35505
3561.91216
3562.47130
3563.58771
3565.26359
3565.82086
3566.37955
3566.93911
3568.05567
3571.40586
3571.96389
3572.52284
3573.64138
3574.19774
3574.75638
3575.31536
3576.43208
3576.98995
3577.54838
3578.10752
3580.34130
3580.89993
3581.45877
3583.69254
3584.25121
3585.36737
3586.48426
3587.04282
3588.15992
3588.71785
3589.27563
3589.83520
3590.95322
3591.51027
3592.06837
3593.74449
3594.30285
3594.86093
3595.41946
3601.56312
3602.67849
3603.79605
3604.35578
3604.91467
3606.02734
3608.26401
3608.82587
3612.17286
3612.73205
3614.40644
3614.96527
3615.52394
3617.20047
3617.75766
3618.31652
3618.87521
3620.54952
3621.10842
3621.66769
3622.78521
3625.57774
3626.13452
3626.69482
3627.81166
3630.04453
3631.16260
3632.83624
3634.51186
3637.30524
3640.65420
3641.21275
3641.77258
3642.89050
3643.44723
3644.00536
3644.56395
3645.68178
3646.23975
3647.35604
3648.47363
3649.03286
3649.58898
3650.14803
3651.82436
3652.38176
3655.73308
3656.29234
3659.08412
3660.20143
3661.31684
3661.87643
3662.99349
3663.55127
3665.78565
3666.34327
3666.90173
3667.46067
3669.69507
3670.25187
3671.92854
3673.60404
3674.72122
3675.27907
3675.83725
3676.39627
3677.51269
3678.07130
3678.62938
3679.18878
3680.30534
3680.86334
3681.42222
3681.98040
