3386.59430
3387.69517
3388.79389
3390.99272
3392.09471
3393.19263
3394.29151
3397.59194
3398.69294
3399.79071
3400.89088
3403.09117
3404.18996
3405.29038
3492.17295
3493.27395
3494.37344
3495.47280
3496.57183
3497.67247
3498.77318
3499.87255
3500.97027
3502.07112
3505.37106
3506.47044
3507.57051
3508.66973
3509.77010
3510.86958
3511.96952
3513.06961
3514.16909
3515.26847
3544.96185
3546.06290
3547.16250
3548.26291
3549.36176
3550.46235
3551.56160
3552.66150
3553.76125
3554.86065
3558.16051
3559.25982
3560.36141
3561.45985
3562.56011
3563.65999
3564.75942
3565.85775
3566.95866
3568.05818
3571.35776
3572.45695
3573.55725
3574.65725
3575.75683
3576.85674
3577.95734
3579.05693
3580.15633
3581.25611
3583.45519
3584.55494
3585.65533
3586.75514
3587.85390
3588.95460
3590.05396
3591.15361
3592.25354
3593.35371
3594.45331
3654.93842
3656.04001
3657.13950
3658.23968
3659.34000
3660.44036
3661.54269
3662.64013
3663.74039
3664.83703
3665.93804
3667.03912
3669.23947
3670.33811
3671.43997
3673.63789
3674.73634
3675.83716
3676.93657
3678.03788
3679.13653
3680.23582
3681.33644
