3357.47151
3362.44045
3372.37609
3377.34652
3387.28866
3392.24777
3397.22362
3402.19139
3441.94056
3446.90913
3451.87422
3456.84935
3461.81281
3471.74805
3476.71319
3481.69100
3486.65763
3496.59289
3501.56555
3506.53636
3511.49637
3546.28293
3551.25262
3561.19176
3566.15323
3571.12928
3576.09748
3581.06461
3586.03627
3591.00065
3600.93816
3605.91088
3615.84769
3620.81851
3625.78126
3630.75174
3635.72309
3640.69111
3645.66118
3650.63113
3655.59906
3660.56754
3665.53689
3670.50518
3675.47714
3680.44559
