3354.35084
3355.78929
3357.22977
3360.10741
3362.98528
3364.42528
3365.86457
3370.18339
3371.62206
3373.06126
3374.50065
3377.37942
3378.81824
3387.45378
3388.89269
3390.33282
3391.77301
3393.21069
3397.53050
3398.96860
3400.40370
3401.84892
3403.28567
3404.72673
3439.27119
3440.70737
3442.14706
3443.58698
3445.02710
3446.46568
3447.90606
3449.34481
3452.22160
3453.66165
3455.10150
3456.53932
3457.97994
3459.41893
3460.85739
3462.29872
3469.49423
3470.93304
3472.37235
3473.81183
3475.25130
3476.69053
3479.56833
3481.00781
3482.44737
3483.88749
3485.32570
3486.76628
3488.20488
3489.64420
3544.33434
3545.77730
3547.21614
3548.65550
3550.09486
3551.53421
3552.97291
3554.41254
3557.29627
3560.16864
3561.60918
3563.04772
3564.48799
3565.92685
3567.36679
3626.37716
3627.81686
3629.25499
3630.69491
3632.12966
3633.57321
3635.01057
3636.45325
3637.88992
3640.77147
3642.20969
3643.64854
3645.08790
3646.52736
3647.96704
3649.40650
3650.84601
3652.28531
3655.16306
3656.60270
3658.04127
3659.48256
3660.91966
3662.36021
3663.79902
3665.24227
3666.67772
3670.99622
3673.87424
3675.31373
3676.75297
3678.19184
3679.63119
3681.07119
