3326.27271
3328.03944
3328.92936
3329.81378
3330.66772
3331.57259
3333.32420
3334.19793
3335.96660
3336.87228
3337.70323
3340.34953
3341.25463
3342.13141
3343.01383
3343.89880
3344.78369
3345.65724
3346.53059
3350.06256
3350.94688
3352.70884
3354.46691
3355.35592
3357.08667
3357.99993
3359.75256
3360.64233
3362.40475
3363.28007
3364.16407
3365.07082
3366.78851
3369.45557
3370.33461
3371.21569
3372.09975
3372.97534
3373.85500
3374.71987
3375.62246
3376.50344
3377.38262
3378.26431
3379.14533
3380.03949
3386.19093
3387.07508
3387.96456
3388.85696
3389.70097
3390.59882
3391.48072
3393.24587
3394.12475
3397.65329
3398.51654
3399.41622
3400.28784
3401.18538
3402.06015
3402.93540
3405.58050
3439.06779
3439.94812
3440.83590
3441.71114
3442.59967
3443.44243
3444.35938
3445.23992
3446.13782
3447.00947
3447.87620
3448.76319
3449.64518
3452.30210
3453.15690
3454.04423
3454.93736
3455.82328
3456.66999
3457.57520
3458.45498
3459.34446
3460.21786
3461.11017
3461.97542
3462.85780
3469.05167
3469.90898
3470.80063
3472.56056
3473.42563
3474.31576
3475.20249
3476.07327
3478.72291
3479.62352
3480.50440
3481.36965
3482.22274
3483.15814
3484.86705
3485.76516
3486.63243
3487.51692
3488.42954
3489.27671
3492.82046
3493.70259
3495.47040
3496.35780
3497.22911
3498.11671
3498.98542
3499.87273
3500.76191
3501.62750
3502.51471
3505.15761
3506.03900
3506.92578
3507.80548
3508.68450
3509.57068
3510.44990
3511.32893
3512.21056
3513.08869
3513.94310
3514.86055
3515.72781
3544.81013
3545.68431
3546.57008
3547.45219
3548.33833
3549.21416
3550.10008
3550.98456
3551.88512
3552.73731
3553.62783
3554.50232
3558.03141
3559.79075
3560.67801
3561.54980
3562.43541
3563.29461
3564.19466
3565.07554
3565.94825
3566.84327
3567.72408
3602.09218
3602.96803
3603.85040
3604.73054
3605.61276
3606.50489
3607.37542
3608.25722
3609.14688
3611.77391
3612.65538
3613.54674
3614.42917
3615.30657
3616.19161
3617.07764
3617.95237
3618.83291
3619.71619
3620.59960
3621.48111
3622.35642
3623.23947
3625.91754
3626.76652
3627.64577
3629.38928
3630.29057
3631.15104
3632.04167
3632.93583
3633.79489
3634.69223
3635.57683
3636.46105
3637.34481
3638.22413
3640.83994
3641.74145
3643.50870
3644.39051
3645.27601
3646.14928
3647.03223
3647.90960
3648.79571
3649.67674
3651.43678
3652.31827
3654.96063
3655.83867
3656.72899
3658.48297
3659.36662
3660.25259
3661.12922
3662.01124
3662.89553
3663.78291
3665.53891
3666.42203
3667.30050
3669.08470
3669.93469
3670.82181
3671.70740
3673.46437
3674.34910
3675.22582
3676.11541
3676.98313
3677.87465
3678.75061
3679.63677
3680.50778
3681.40365
