3355.99224
3357.73410
3359.47434
3362.95487
3364.69621
3366.43076
3369.91306
3371.65916
3373.40300
3375.14094
3376.88298
3387.32600
3389.06737
3390.80896
3392.54695
3394.28949
3397.76976
3399.51171
3401.25127
3402.99244
3404.73328
3439.54834
3441.29220
3443.03013
3444.76985
3446.51110
3448.25029
3451.73478
3453.47410
3455.21797
3456.95556
3458.69828
3460.43815
3462.17788
3493.51416
3495.25372
3496.99484
3498.73400
3500.47478
3502.21670
3505.69630
3507.43967
3509.18173
3510.91798
3512.66076
3514.40634
3545.73475
3547.47781
3549.21727
3550.95745
3552.69913
3554.44029
3557.91871
3559.66218
3561.40345
3563.14129
3564.88481
3566.62499
3571.84482
3573.58708
3575.32824
3577.06877
3578.81174
3580.55164
3584.03480
3585.77195
3587.51572
3589.25375
3590.99664
3592.73796
3594.47815
3601.44143
3603.17890
3604.92210
3606.66030
3608.40209
3611.88485
3613.62583
3615.36749
3617.10569
3618.84749
3620.58794
3622.32959
3625.81256
3627.55199
3629.29266
3631.03202
3632.77312
3634.51474
3636.25585
3641.47767
3643.21897
3644.96066
3646.70048
3648.43979
3650.18139
3651.92232
3655.40424
3657.14370
3658.88267
3660.62503
3662.36801
3665.84789
3669.33096
3671.07161
3672.81493
3674.55263
3676.29141
3678.03491
3679.77485
3681.51283
