3602.25835
3603.18780
3604.14928
3605.11576
3606.07253
3607.02723
3607.96889
3608.92043
3611.80575
3612.70684
3613.68984
3614.62493
3615.53494
3616.52010
3617.47447
3618.43743
3619.37416
3620.31667
3621.27629
3622.22995
3623.18244
3626.05624
3626.96315
3627.96284
3628.89544
3629.82179
3630.80727
3632.66305
3633.65003
3634.61919
3636.45389
3637.43215
3638.42848
3641.29740
3642.16674
3643.12051
3644.09734
3645.11457
3646.01848
3646.94095
3648.82908
3649.80724
3650.73735
3652.69855
3654.57186
3655.53418
3656.51473
3662.19357
3663.17640
3665.09391
3666.98204
3669.83956
3670.75086
3671.73571
3674.58286
3678.40443
