3356.80611
3359.77127
3362.75607
3365.74491
3371.70344
3374.67276
3377.68195
3380.65316
3386.60660
3389.59031
3392.60089
3398.57168
3401.53908
3404.50429
3440.27496
3443.27838
3446.25792
3449.25123
3452.17658
3455.19837
3458.17137
3461.15478
3470.10563
3473.07416
3476.05420
3479.07065
3482.04638
3485.02190
3488.00152
3511.87063
3514.82034
3550.60628
3553.58856
3562.53744
3565.51352
3571.49530
3574.47729
3577.45180
3580.43091
3583.40634
3586.39003
3589.37352
3592.36704
3595.32886
3601.29560
3604.28178
3607.25122
3613.22400
3616.23348
3619.19170
3622.17109
3631.12521
3634.08346
3637.06994
3643.02557
3646.01930
3649.00661
3652.00611
3654.97373
3657.94050
3660.94677
3663.90745
3666.88611
3669.87887
3672.85907
3675.85277
3678.85025
3681.80121
