3625.50476
3626.41328
3627.31769
3629.13253
3630.03920
3630.94593
3632.75975
3633.66700
3634.57357
3635.48251
3636.38834
3637.29534
3641.83060
3642.73982
3643.64483
3644.55323
3645.46021
3646.36735
3647.27342
3648.17994
3649.08773
3649.99680
3650.90329
3651.81065
3654.53028
3655.43855
3656.34628
3657.25227
3658.16352
3659.06630
3659.97440
3661.78851
3662.69534
3663.60232
3665.41884
3666.32496
3667.23014
3669.04439
3669.95311
3670.85970
3671.76743
3672.67398
3673.58066
3674.48851
3675.40175
3676.30209
3677.20952
3678.11602
3679.02381
3679.93332
3680.83744
3681.74656
