3386.69321
3387.87576
3389.07608
3390.27000
3391.47115
3393.87635
3397.47070
3399.86764
3401.06745
3439.42894
3440.61212
3441.81583
3444.22429
3445.40635
3446.60549
3447.80144
3449.00036
3452.59830
3453.79945
3454.99969
3456.19895
3457.39565
3458.58112
3459.79415
3460.98393
3462.17959
3463.38226
3544.88404
3546.06879
3547.28201
3548.46734
3549.65987
3550.86216
3552.06455
3553.25729
3554.45608
3558.05630
3559.26560
3560.45352
3561.65555
3562.85656
3564.03870
3565.25441
3566.43837
3567.64459
3602.39965
3604.80029
3605.99827
3607.19457
3608.38841
3611.98001
3613.19070
3614.38230
3615.58544
3616.78110
3617.97659
3619.17839
3620.37878
3621.57551
3622.77380
3655.13281
3656.32356
3658.72118
3659.91056
3661.12134
3662.31130
3663.51017
3664.70678
3665.92081
3667.11715
3670.70421
3671.90569
3673.11014
3674.30389
3676.69246
3677.89093
3679.08885
3680.29339
