3326.19845
3326.96869
3328.49540
3330.79242
3333.09228
3333.85732
3334.61949
3336.15629
3336.92131
3339.98733
3340.75264
3341.51802
3342.28261
3343.05277
3343.81672
3345.34680
3346.11351
3346.87402
3349.94466
3350.71259
3351.47801
3352.25878
3354.54220
3355.30726
3356.84339
3357.59178
3358.37298
3359.14010
3359.90432
3360.67330
3361.43861
3362.20430
3364.50305
3365.27552
3366.80292
3369.09916
3369.86408
3371.39891
3372.16401
3372.92871
3373.69522
3374.46360
3375.22872
3376.75928
3377.52707
3379.05952
3379.82505
