3325.56426
3327.00629
3328.44622
3329.88924
3331.32106
3332.76051
3334.19959
3335.63831
3337.07936
3341.39645
3342.83566
3344.27621
3345.71439
3347.15452
3350.03196
3351.47140
3352.91118
3355.78928
3357.22963
3358.67125
3360.10729
3362.98597
3364.42523
3365.86436
3370.18274
3371.62212
3373.06127
3374.50065
3377.37940
3378.81842
3387.45395
3388.89238
3390.33513
3393.21119
3397.52860
3398.96668
3400.40305
3401.84946
3403.28587
3404.72996
3439.27080
3440.70728
3442.14715
3443.58649
3445.02622
3446.46573
3447.90434
3449.34374
3452.22025
3453.66182
3455.10165
3456.53900
3457.97976
3459.41923
3460.85683
3462.29778
3469.49406
3470.93292
3472.37195
3473.81161
3475.25135
3476.69306
3479.56861
3481.00825
3482.44733
3483.88757
3485.32520
3486.76619
3488.20520
3489.64431
3545.77679
3547.21595
3548.65551
3550.09488
3551.53376
3552.97297
3554.41245
3557.29219
3560.16954
3561.60904
3563.04751
3564.48798
3565.92672
3567.36650
3571.68298
3573.12423
3574.56337
3576.00115
3577.44144
3578.88093
3580.31882
3583.19153
3584.63962
3586.07712
3587.51673
3588.95523
3590.39419
3591.83401
3593.27340
3594.71250
3626.37699
3627.81651
3629.25475
3630.69504
3632.13352
3633.57388
3635.01115
3636.45303
3637.89035
3640.77073
3642.20952
3643.64883
3645.08836
3646.52756
3647.96687
3649.40644
3650.84572
3652.28469
3655.16294
3656.60255
3658.04137
3659.48244
3660.91714
3662.36020
3663.79898
3665.24256
3666.67752
3669.55777
3670.99587
3673.87425
3675.31439
3676.75284
3678.19189
3679.63094
3681.07113
