3357.22457
3360.85309
3364.44405
3371.58946
3375.12080
3378.73303
3389.48581
3393.05218
3400.23567
3403.81421
3439.65818
3443.21353
3446.79369
3453.96179
3457.58124
3461.13015
3471.84954
3475.46218
3479.05344
3482.62053
3486.23012
3489.83430
3493.40205
3496.97930
3500.52523
3507.72110
3511.27364
3514.86737
3547.11074
3550.71579
3554.29641
3557.85882
3561.44086
3565.02396
3572.22356
3575.80917
3579.39334
3586.52560
3590.14166
3593.68676
3600.88561
3604.44458
3608.04813
3615.19315
3618.80230
3622.36168
3625.94887
3629.50035
3633.08889
3636.67733
3640.28055
3643.85846
3647.44265
3651.05748
3654.60580
3658.16053
3661.75230
3665.37785
3668.89433
3672.55793
3676.10772
3679.69461
