3354.61715
3358.21935
3361.82715
3365.43492
3369.03612
3372.63873
3376.24557
3379.84920
3387.06170
3390.66788
3394.26807
3397.87178
3401.47878
3405.08439
3441.13039
3444.73285
3448.33901
3451.94361
3455.54505
3459.15210
3462.75650
3469.98070
3473.57179
3480.77988
3484.37526
3487.99097
3545.66387
3549.26548
3552.87291
3560.08077
3563.68467
3567.28937
3570.89022
3574.49912
3578.10860
3585.31202
3588.92305
3592.52692
3603.34039
3606.93729
3614.15191
3617.75132
3621.36526
3632.18117
3635.78443
3642.99938
3646.59582
3650.19728
3661.02017
3664.61417
3671.82408
3679.03389
