3355.35880
3356.43995
3358.60338
3359.68205
3360.76081
3361.84083
3362.91600
3364.00431
3365.08060
3366.16158
3369.40135
3370.48053
3371.56130
3372.64013
3373.72185
3374.80041
3375.88703
3376.96114
3379.12061
3381.28101
3386.68065
3391.00018
3392.08379
3393.16187
3394.24254
3397.47779
3399.64564
3401.79905
3402.87916
3403.96586
3405.03912
3438.51969
3439.60186
3440.68003
3441.75910
3442.84028
3443.92037
3444.99933
3446.08173
3447.15967
3448.23999
3449.32055
3452.55942
3453.64178
3454.72013
3455.79935
3456.88113
3457.96004
3459.03960
3460.11922
3461.19857
3462.27937
3463.36019
3468.76156
3469.84030
3470.92048
3471.99924
3473.08068
3474.16058
3475.23984
3476.31935
3479.56107
3480.64051
3481.72068
3482.80093
3483.87955
3484.96034
3486.04398
3487.12174
3488.19936
3489.27853
3492.52299
3493.60082
3494.68006
3495.76004
3496.84648
3497.91861
3498.99986
3500.08293
3501.15946
3502.23942
3505.47912
3506.55795
3507.64320
3508.71841
3509.79968
3510.87761
3511.95705
3513.03804
3514.12272
3515.19874
3544.36083
3545.43961
3546.52133
3547.60040
3548.67659
3549.75612
3550.83850
3551.91929
3552.99916
3554.07987
3555.15960
3557.32105
3558.39962
3559.47692
3560.55878
3561.64261
3562.71949
3563.79873
3564.87788
3565.95902
3567.03868
3568.11852
3571.35851
3572.43823
3573.51751
3574.60014
3575.67908
3576.75872
3577.83826
3578.91830
3579.99853
3581.07948
3583.24058
3584.31871
3585.39955
3586.47787
3587.55840
3588.63752
3589.71884
3590.79831
3591.87798
3592.95803
3594.03949
3595.11789
3600.52000
3601.59883
3602.67923
3603.75710
3604.83769
3605.91808
3606.99817
3608.07808
3609.15872
3612.39736
3613.47709
3614.55767
3615.63770
3616.71665
3617.79678
3618.87798
3619.95738
3621.03709
3622.11851
3623.19810
3626.43720
3627.51720
3629.67785
3630.75763
3632.91701
3633.99723
3636.15798
3637.23704
3640.47250
3641.55665
3642.63817
3643.71691
3644.79707
3645.87722
3646.95706
3648.03706
3649.11807
3650.19651
3651.27722
3652.35698
3654.51663
3655.59650
3656.67738
3658.83742
3659.91695
3660.99574
3662.07810
3663.15765
3666.39752
3667.47705
3670.71598
3671.79631
3672.87717
3673.95645
3675.03607
3676.11775
3677.19713
3678.27742
3679.35619
3680.43685
3681.51741
