3325.70205
3326.96214
3328.22332
3329.48452
3330.74430
3332.00600
3333.26609
3334.52642
3335.78693
3337.04702
3340.82826
3342.08831
3343.35020
3344.61112
3345.87152
3347.13245
3349.65430
3350.91208
3352.17522
3355.95596
3357.21668
3358.47706
3359.73813
3361.00122
3362.25921
3363.52016
3364.78094
3366.04111
3369.82526
3371.08569
3372.34492
3373.60469
3374.86628
3376.12491
3377.38826
3379.90722
3381.16638
3386.21347
3387.47275
3388.73229
3391.25446
3392.51191
3393.77655
3397.56090
3398.81803
3400.07891
3401.33833
3402.60290
3403.86072
3405.12376
3439.15986
3440.42047
3441.67961
3442.93992
3444.20105
3445.46259
3446.72229
3447.98329
3449.24394
3453.02630
3454.28635
3455.54739
3456.80816
3458.06945
3459.32909
3460.59036
3461.85024
3463.11171
3469.41525
3470.67610
3471.93590
3473.19700
3474.45806
3475.71852
3479.49987
3480.76193
3482.02054
3483.28270
3484.54251
3485.80409
3487.06334
3488.32513
3489.58594
3545.05431
3546.31438
3547.57639
3548.83526
3550.09637
3551.35650
3552.61809
3553.87780
3555.13920
3557.66052
3560.18153
3561.44282
3562.70282
3563.96522
3565.22530
3566.48491
3567.74492
3625.73484
3626.99576
3629.51912
3630.77806
3632.03964
3633.29925
3634.55881
3635.82029
3637.08033
3638.34387
3640.86075
3642.12252
3643.38644
3644.64506
3645.90632
3647.16779
3648.42862
3649.68642
3650.94842
3652.20935
3654.73108
3655.99175
3657.25154
3658.51133
3659.77318
3661.03314
3662.29417
3663.55477
3664.81559
3666.07605
3667.33704
3669.85755
3671.11844
3672.37986
3673.64025
3674.90035
3676.16236
3677.42181
3678.68251
3679.94393
3681.20438
