3327.77094
3331.65095
3335.53874
3343.30904
3347.19750
3351.08104
3393.82179
3397.70697
3401.59530
3405.48044
3440.44970
3444.33518
3448.22062
3452.10650
3455.99296
3459.87843
3471.53500
3475.42013
3479.30720
3483.19097
3487.07677
3494.84617
3498.73520
3502.62021
3506.50552
3510.39288
3514.27689
3545.36137
3549.24733
3553.13176
3560.90356
3564.78898
3572.56084
3576.44658
3580.33130
3584.22066
3588.10341
3591.98834
3603.64580
3607.53311
3615.30317
3619.18770
3623.07472
3626.96253
3630.84765
3634.72933
3638.61933
3642.50027
3646.38770
3650.27271
3654.16205
3658.04652
3661.93104
3665.81575
3669.70350
3673.58748
3677.47247
3681.35853
