3354.36528
3355.78430
3357.19980
3358.61044
3360.01607
3361.45196
3362.85311
3364.26501
3365.69866
3369.92603
3371.34162
3372.75520
3374.17129
3375.58790
3377.00914
3379.82821
3381.24760
3439.24577
3440.66555
3442.04991
3444.90097
3446.30470
3447.71290
3449.13103
3451.97259
3453.38848
3454.78946
3456.22375
3457.64849
3459.05780
3460.46158
3461.86709
3545.33478
3546.74512
3548.15705
3549.57340
3550.98880
3552.40445
3553.81883
3555.23552
3558.06102
3559.47246
3560.88997
3562.30443
3563.72025
3565.13538
3566.54114
3567.96371
3625.95939
3627.37247
3628.80580
3630.18725
3631.62209
3633.02786
3634.44763
3635.84390
3637.27427
3638.68323
3641.51707
3642.92968
3644.35072
3645.76483
3647.16815
3648.60510
3650.01281
3651.41955
