3684.65160
3686.46848
3688.28397
3690.10317
3691.92019
3693.73803
3695.55466
3699.18962
3701.00664
3702.82374
3704.64130
3706.45968
3708.27506
3711.91049
3713.72744
3715.54437
3717.36162
3719.17858
3720.99723
3722.81306
3726.44808
3728.26388
3730.08240
3731.89953
3733.71627
3735.53437
3739.16838
3740.98596
3742.80262
3744.61924
3746.43723
3748.25453
3753.70586
3755.52337
3757.34076
3759.16005
3760.97677
3762.79037
3817.31262
3819.12686
3822.76141
3824.57886
3826.39618
3830.03106
3831.84774
3833.66499
3835.48227
3837.29931
3839.11695
3840.93652
