3386.22682
3387.25678
3388.28363
3389.30951
3390.33623
3391.35993
3393.41512
3394.44519
3397.52382
3398.55374
3399.57706
3401.63127
3403.68886
3405.73993
3469.41566
3470.44344
3471.47152
3472.49598
3473.52228
3474.55014
3475.57737
3476.60454
3478.65848
3479.68504
3480.71232
3481.73900
3482.76628
3483.79368
3484.82003
3485.84735
3486.87412
3487.90280
3488.92850
3492.01018
3493.03596
3494.06445
3495.09138
3496.11865
3497.14509
3498.17243
3499.19925
3500.22533
3501.25369
3502.27936
3505.36032
3506.38841
3507.41402
3508.44262
3509.46713
3510.49534
3511.52299
3512.54939
3513.57722
3514.60394
3515.62969
3544.38604
3545.41407
3546.44148
3547.46820
3548.49558
3549.52248
3550.55074
3551.57674
3552.60439
3553.63081
3554.65756
3557.73811
3559.79261
3560.81998
3561.84654
3562.87357
3563.90108
3564.92782
3565.95458
3566.98184
3568.00853
3571.08857
3572.11738
3573.14246
3574.17035
3575.19935
3576.22584
3577.25303
3578.27885
3579.30488
3580.33376
3581.35981
3583.41562
3584.43999
3585.47088
3586.49529
3587.52367
3588.55062
3589.57710
3590.60351
3591.62875
3592.65528
3593.68349
3594.70886
3601.90029
3602.92711
3603.95415
3604.98112
3606.00911
3607.03560
3608.06255
3609.08963
3612.17106
3613.19702
3614.22379
3615.25168
3616.27865
3617.30551
3618.33240
3619.35984
3620.38622
3621.41384
3622.44064
3623.46815
3625.52037
3626.54960
3627.57633
3629.62974
3630.65702
3631.68562
3632.71103
3633.73859
3634.76516
3635.79340
3636.81839
3640.92603
3641.95331
3642.98177
3644.00862
3645.03582
3646.06184
3647.08857
3648.11525
3649.14375
3650.17016
3651.19652
3652.22402
3654.28198
3656.33199
3658.38585
3659.41409
3660.44117
3661.46681
3662.49265
3663.52108
3664.54748
3665.57565
3666.60242
3669.68494
3670.71154
3671.73877
3672.76433
3673.79202
3674.81866
3675.84616
3676.87330
3677.89759
3678.92637
3679.95434
3680.98003
3682.00858
