3325.86046
3326.60332
3328.08277
3328.82405
3329.56685
3331.04718
3331.78808
3333.27035
3334.01218
3334.75055
3335.49328
3336.23396
3336.97523
3340.67743
3341.41893
3342.16147
3342.90214
3343.64592
3344.38734
3345.12375
3345.86760
3350.31052
3351.05231
3352.53371
3354.76076
3355.49859
3356.97773
3357.72108
3358.46097
3359.20234
3359.94527
3360.68514
3361.41950
3362.16789
3362.90964
3364.38983
3365.12932
3365.87298
3366.62046
3369.57660
3370.31744
3371.05939
3371.79878
3374.02118
3374.76254
3375.50568
3376.98576
3377.72789
3379.20830
3379.94979
3380.69171
3386.61675
3387.35629
3388.10126
3388.84022
3389.58540
3390.32279
3391.06530
3392.55059
3393.28809
3394.02896
3397.00110
3397.73118
3398.46524
3399.21726
3399.95031
3401.44188
3402.92617
3403.65419
3404.39298
3405.13089
3405.87571
3438.47904
3439.22560
3439.96548
3440.70723
3441.44661
3442.19011
3442.92984
3443.67040
3444.41223
3445.15323
3445.89392
3446.63592
3447.37616
3448.11575
3448.85744
3449.59780
3452.55995
3453.30356
3454.04419
3454.78580
3455.52699
3456.26676
3457.00839
3457.75046
3458.48960
3459.23065
3459.97305
3460.71440
3461.45307
3462.19634
3462.93558
3463.68019
3468.86574
3469.60447
3470.34607
3471.08738
3471.82992
3472.56841
3473.31001
3474.05154
3475.53265
3476.27229
3479.23460
3480.71928
3481.47268
3482.20254
3482.94355
3483.66857
3484.44020
3485.16665
3485.91396
3486.64575
3487.37977
3488.14246
3488.86805
3544.43772
3545.18311
3545.92319
3546.66335
3547.40460
3548.14593
3548.88656
3549.62912
3550.36877
3551.10869
3551.84925
3552.59134
3553.33421
3554.07434
3554.81271
3557.78073
3559.26109
3560.00103
3560.74227
3561.48147
3562.22789
3562.96160
3563.70807
3564.44658
3565.18700
3565.92852
3566.66759
3567.40852
3568.15054
3601.49027
3602.23462
3602.98038
3603.71457
3604.45883
3605.19617
3605.94021
3606.68037
3607.42104
3608.16308
3608.90322
3611.86817
3612.60811
3613.34828
3614.09035
3614.83111
3615.57142
3616.31354
3617.05360
3617.79506
3618.53569
3619.27613
3620.01721
3620.75904
3621.50004
3622.24069
3622.98154
3625.94612
3626.68814
3627.42924
3629.65065
3630.38908
3631.12931
3632.61272
3633.35375
3634.09506
3634.83798
3635.57945
3636.31707
3637.05860
3638.53999
3640.76607
3641.50547
3642.24643
3642.98701
3643.72854
3644.46924
3645.20804
3645.95167
3646.69182
3647.43255
3648.17556
3648.91751
3649.65687
3650.39753
3651.13882
3651.87956
3652.61932
3654.84294
3655.58398
3656.32500
3657.06615
3658.54795
3659.28867
3660.02923
3661.51120
3662.25251
3662.99297
3663.73406
3664.47831
3665.21823
3665.95708
3666.69780
3669.66134
3670.40365
3671.14259
3671.88411
3673.36854
3674.10819
3674.84925
3676.32988
3677.07107
3677.81228
3678.55361
3679.29441
3680.03441
3680.77662
3681.51726
