3386.72694
3387.33157
3387.93777
3388.53778
3389.14628
3389.75166
3390.95842
3391.56212
3393.37486
3393.97821
3397.00227
3397.60724
3398.21282
3398.81870
3399.42078
3400.02854
3401.23945
3401.83684
3402.44487
3403.04823
3404.25690
3404.86877
3405.46453
3438.71376
3439.31838
3439.92150
3440.52841
3441.13007
3441.73909
3442.34137
3442.94673
3443.55099
3444.75773
3445.36143
3445.96816
3446.57183
3447.18033
3447.78148
3448.38576
3448.98938
3449.59526
3452.01127
3452.61842
3453.22408
3453.82984
3454.43345
3455.03638
3455.63961
3456.24756
3456.85134
3457.45284
3458.06002
3458.66598
3459.26652
3459.87226
3460.47816
3461.07922
3461.68440
3462.28997
3462.89239
3463.49955
3468.94129
3469.54760
3470.14904
3470.74743
3471.35638
3472.56677
3473.16727
3473.76878
3474.37746
3474.98301
3475.59158
3476.19441
3478.61291
3479.21408
3479.81739
3480.42488
3481.03124
3481.62990
3482.23749
3482.84161
3483.44153
3484.04978
3484.65087
3485.25670
3485.87053
3486.46898
3487.68009
3488.28099
3488.88356
3489.49191
