3355.21374
3358.11560
3360.92732
3363.77521
3366.66770
3369.48269
3372.35423
3375.17139
3380.86250
3386.57345
3389.42134
3392.28083
3395.14106
3400.81738
3403.67018
3440.73424
3443.56146
3446.40275
3449.25425
3452.08848
3454.93201
3457.82106
3460.64649
3463.50336
3469.22052
3472.08816
3474.90575
3480.61498
3483.45370
3486.29092
3489.18357
3491.99950
3494.86793
3497.69537
3500.56839
3506.22486
3509.09559
3511.97295
3514.81976
3546.11588
3548.98149
3551.87157
3554.67838
3560.39322
3563.23484
3566.10066
3605.96171
3608.82002
3614.52950
3617.38190
3620.21173
3623.11068
3625.94500
3628.78337
3631.62114
3634.48258
3637.38731
3643.01493
3645.87818
3648.71295
3651.58220
3657.27696
3660.10952
3663.00835
3665.80046
3671.51311
3674.36353
3677.25347
3680.04692
