3386.69147
3388.26292
3391.40825
3392.98026
3394.55816
3397.69846
3399.27001
3400.84429
3402.41599
3403.98786
3405.56195
3492.05045
3493.62288
3495.19553
3496.76794
3498.34020
3499.91302
3501.48579
3506.20373
3507.77715
3509.34895
3510.92081
3512.49397
3514.06668
3515.63856
3545.51659
3547.08860
3548.66213
3550.23390
3551.80659
3553.37948
3554.95308
3558.09757
3559.66924
3561.24269
3562.81451
3564.38792
3565.96016
3567.53246
3570.67620
3572.25033
3573.82278
3575.39541
3576.96802
3578.54045
3580.11320
3583.25758
3584.83027
3586.40328
3587.97593
3589.54821
3591.12103
3592.69315
3594.26645
3655.59486
3657.16826
3658.74006
3660.31272
3661.88525
3663.45817
3665.03075
3666.60324
3669.74868
3671.32094
3672.89339
3674.46664
3676.03933
3677.61093
3679.18402
3680.75663
