3326.74962
3328.10637
3329.43274
3330.78804
3332.11976
3333.46736
3334.80726
3336.14685
3337.48085
3340.16118
3341.52389
3342.86424
3344.20420
3345.54700
3346.89228
3350.92131
3352.25954
3354.94783
3357.63290
3358.96882
3360.31165
3362.99962
3364.34272
3365.68298
3369.70521
3371.05942
3372.39555
3373.74457
3375.07736
3376.42740
3377.76699
3379.11230
3387.16447
3388.50890
3391.18560
3392.52965
3393.87434
3397.89813
3399.24481
3400.59377
3401.92655
3403.27038
3405.95449
3439.51264
3440.85661
3442.19821
3443.53880
3444.88635
3446.22691
3447.56957
3448.90648
3452.93404
3454.27858
3455.61847
3456.96983
3458.30622
3459.64991
3460.99210
3462.33269
3463.66877
3469.04647
3470.38817
3471.73436
3473.07223
3474.41245
3475.75474
3479.78431
3481.12435
3482.46898
3483.81831
3485.15187
3486.49421
3487.83616
3489.18995
3491.85805
3493.21320
3494.55324
3495.89161
3497.23661
3498.57504
3499.91904
3501.26206
3502.60237
3505.28809
3506.62899
3507.97509
3509.31837
3510.65897
3512.00591
3513.34226
3514.69099
3545.56168
3546.90337
3548.24037
3549.59053
3550.93342
3552.27658
3553.61615
3554.95473
3560.32349
3561.66303
3564.35724
3565.69908
3567.03355
3572.40046
3573.74697
3575.09673
3576.43215
3577.77155
3579.11750
3580.45889
3584.50441
3585.83206
3587.17062
3588.51771
3589.86287
3591.20395
3592.53981
3593.88472
3595.23151
3600.60207
3601.93846
3603.28108
3604.62329
3605.96464
3607.30737
3608.64946
3612.67568
3615.35767
3616.70952
3618.04731
3619.38811
3620.73213
3622.07668
3623.41437
3626.10389
3627.43830
3630.12985
3631.46093
3632.80968
3634.15112
3635.49482
3636.83734
3638.18408
3642.21337
3643.55074
3644.89497
3646.23478
3647.57619
3648.92204
3650.26313
3651.60281
3654.27768
3655.63317
3656.97690
3658.32673
3659.66958
3661.00309
3662.34502
3663.69120
3665.03239
3666.37133
3669.05506
3670.40014
3671.74386
3673.08353
3674.42467
3675.76958
3677.11405
3678.45503
3679.79712
3681.14109
