3355.69215
3357.07592
3358.45626
3359.84498
3362.61080
3363.98452
3365.37938
3366.76373
3369.53316
3372.29453
3375.06348
3376.45055
3379.21939
3380.59089
3387.52998
3388.90988
3391.67952
3393.05979
3394.43910
3397.21693
3398.59583
3399.98647
3401.36237
3402.75970
3404.12897
3405.51271
3438.73269
3440.11781
3441.49914
3442.88501
3444.26825
3445.65252
3447.03599
3448.42044
3449.80481
3452.57336
3453.95724
3455.34245
3456.72514
3458.10877
3459.49329
3460.87582
3462.26138
3463.64642
3469.18179
3470.56693
3471.94614
3473.33161
3474.72048
3476.10215
3478.86942
3480.25364
3481.63739
3483.02499
3484.40556
3485.78835
3487.17505
3488.55835
3492.70873
3494.09422
3495.47774
3496.86231
3498.24667
3499.62991
3501.01115
3502.39853
3505.16634
3506.55070
3507.93623
3509.31806
3510.70289
3512.08851
3513.47082
3514.85282
3545.30493
3546.68647
3548.07039
3549.45061
3550.83979
3552.22249
3553.60991
3554.99169
3557.76619
3560.52692
3561.91326
3563.29534
3564.67960
3566.06347
3567.45129
3571.60176
3572.98460
3574.36898
3575.75228
3577.13707
3578.52046
3579.90321
3581.28801
3584.05738
3585.43990
3586.82550
3588.20817
3589.59166
3590.97776
3592.36102
3593.74490
3595.12770
3600.65824
3602.04981
3604.81626
3606.20096
3607.58259
3608.96960
3611.73729
3613.12086
3614.50393
3615.88843
3617.27153
3618.65779
3620.04090
3621.42430
3622.80925
3625.57818
3626.96212
3629.72712
3631.11264
3632.49698
3633.88219
3635.25405
3636.64890
3638.02732
3640.79916
3642.18549
3643.57059
3644.95556
3646.33669
3647.72342
3649.10533
3650.49002
3651.87337
3654.64098
3656.02570
3658.79424
3660.17892
3661.56058
3662.94688
3664.33239
3665.71439
3667.09845
3669.86584
3671.25069
3672.63553
3674.01744
3675.39356
3676.78730
3678.17014
3679.55506
3680.93772
