3683.80193
3684.61238
3685.41859
3686.23028
3687.02930
3687.81673
3688.63835
3689.44545
3690.25374
3691.06147
3693.47744
3694.28587
3695.08903
3695.89689
3698.31595
3699.12360
3699.92719
3701.53953
3702.33609
3703.15171
3703.95859
3704.76384
3705.57133
3707.18126
3707.98531
3708.79107
3709.59860
3712.01901
3712.82661
3713.62868
3714.43964
3715.24292
3716.04801
3716.85425
3717.66317
3718.46745
3719.27413
3720.06507
3720.87890
3722.49670
3723.30126
3725.72481
3726.53005
3727.33529
3728.14360
3728.95329
3729.75571
3730.55962
3731.36297
3732.17301
3732.97763
3733.78707
3734.59062
3735.39150
3736.20529
3737.01711
