3438.86557
3439.57573
3441.71149
3442.41751
3443.13255
3443.84444
3444.55855
3445.26961
3445.97609
3447.39616
3448.11233
3448.81474
3449.53172
3452.36612
3454.51572
3455.21173
3455.93485
3456.63494
3459.48206
3460.19288
3461.60967
3462.32890
3463.02944
3468.72492
3469.43225
3470.14494
3470.85581
3472.26938
3472.99344
3474.40744
3475.11700
3475.82847
3476.54427
3478.67617
3480.09955
3481.52058
3482.23347
3482.93780
3483.65309
3484.37260
3485.07341
3485.79011
3486.49052
3487.20231
3488.62561
3489.33684
3492.17479
3492.88591
3493.59777
3494.31496
3495.02778
3496.44789
3497.15057
3497.86394
3498.58236
3499.29266
3500.00033
3502.12848
3505.68488
3506.39723
3507.11008
3508.53729
3509.95724
3510.66706
3511.37048
3512.08559
3512.79190
3513.50778
3514.20785
3514.92282
3515.63965
3544.77438
3545.49704
3546.20775
3546.91115
3548.33803
3549.04748
3550.47442
3551.18519
3551.88905
3552.61523
3554.02763
3554.73051
3557.56915
3558.29014
3560.43188
3561.13113
3561.84609
3562.55063
3563.25838
3563.96932
3564.68843
3566.10923
3566.81886
3567.53662
3568.23521
