3355.09245
3355.89745
3356.69578
3357.50038
3358.29874
3359.90119
3360.70205
3362.30521
3363.10687
3363.90944
3364.71119
3365.51315
3366.31613
3369.52051
3370.32022
3371.12360
3371.92371
3372.72430
3373.52936
3374.32861
3375.12964
3376.73178
3377.53236
3378.33512
3379.13742
3379.93868
3380.73984
3468.90015
3469.70292
3470.50511
3471.30738
3472.10667
3472.90960
3473.70922
3474.51022
3475.31098
3476.11283
3479.31827
3480.12084
3480.92403
3481.72326
3482.52604
3483.32875
3484.13041
3484.92986
3485.72949
3486.53003
3487.33776
3488.14077
3488.93992
3489.73856
3492.14580
3492.94603
3493.74635
3494.54786
3495.34915
3496.15348
3496.95425
3497.75407
3498.55571
3499.36016
3500.15667
3500.96091
3501.76207
3502.56101
3505.76906
3506.56875
3507.37037
3508.17138
3508.97437
3509.77505
3510.57657
3511.37754
3512.18088
3512.98030
3513.78277
3514.58477
3515.38434
3544.24056
3545.04235
3545.84370
3546.64501
3547.44536
3548.24876
3549.05116
3549.85258
3550.65175
3551.45573
3552.25497
3553.05855
3553.85753
3554.65943
3557.86678
3559.46668
3560.26903
3561.07276
3561.87300
3562.67337
3563.47506
3564.27879
3565.07861
3565.87903
3566.68155
3567.48205
3568.28393
3625.99557
3626.79171
3627.59510
3629.19824
3629.99990
3630.79784
3631.60224
3632.40369
3633.20385
3634.00593
3634.80605
3635.60731
3636.41137
3637.21458
3641.21966
3642.02027
3642.82133
3643.62183
3644.42633
3645.22892
3646.02688
3646.82914
3647.62959
3648.43389
3649.23228
3650.03572
3650.83461
3651.63798
3652.43972
