3355.99223
3356.87842
3362.19875
3372.84344
3373.73358
3374.62309
3375.50665
3377.28017
3379.05346
3386.14947
3390.58528
3391.47727
3394.13202
3397.68521
3402.12176
3403.00404
3438.48512
3440.25960
3441.15245
3442.92166
3444.69953
3446.47255
3448.25322
3449.13213
3453.56738
3455.34123
3457.11927
3458.00506
3461.55046
3463.33046
3470.42316
3472.19629
3473.97528
3474.85891
3475.74810
3476.63039
3480.18570
3481.06682
3482.84031
3484.61423
3487.27537
3489.04899
3493.48456
3495.25780
3499.69555
3501.47039
3502.35837
3505.90605
3508.56627
3510.33830
3512.11292
3513.89161
3545.82830
3546.71200
3548.48490
3550.25903
3552.03573
3554.69369
3560.90401
3562.68124
3563.56670
3565.34044
3567.11125
3571.55148
3577.75680
3580.42095
3584.85863
3585.75391
3594.61262
3605.26063
3607.92062
3613.24664
3614.12913
3617.67939
3618.56492
3619.46330
3620.33957
3622.11177
3655.82230
3658.48265
3660.24846
3662.03040
3666.46614
3670.90183
3673.56443
3677.10996
3678.88644
3679.77352
3681.54763
