3711.61783
3712.42560
3713.23299
3714.04041
3714.84780
3715.65620
3716.46274
3717.26992
3718.07759
3718.88427
3719.69170
3720.50126
3721.30657
3722.11571
3722.92191
3726.15257
3726.95946
3727.76742
3728.57776
3729.38192
3730.18952
3730.99774
3731.80747
3732.61484
3733.42207
3734.22808
3735.03708
3735.84095
3736.64858
3739.07149
3739.87967
3740.68450
3741.49566
3742.29899
3743.10800
3743.91530
3744.72501
3745.53183
3746.33446
3747.14611
3747.95155
3748.75759
3749.56974
3751.99278
3752.79844
3753.60439
3754.40846
3755.21776
3756.02781
3756.83100
3757.64264
3758.44595
3759.25495
3760.06798
3760.86753
3761.68276
3762.48558
