3355.71826
3359.48275
3363.23946
3370.75966
3374.52217
3378.27873
3438.43827
3442.19596
3445.95756
3449.71667
3453.47597
3457.23639
3460.99601
3468.51419
3472.27571
3476.03511
3479.79295
3483.55471
3487.31341
3494.83982
3498.59532
3502.35431
3506.11361
3509.87340
3513.63522
3547.47141
3551.23172
3554.99055
3562.51085
3566.27207
3603.86799
3607.62813
3615.14824
3618.90735
3622.66702
3626.42639
3630.18678
3633.94474
3641.46428
3645.22706
3648.98667
3656.50506
3660.26532
3664.02521
3671.54473
3675.30397
3679.06566
