3356.05725
3358.91123
3361.79013
3364.66790
3370.45567
3399.27341
3405.00994
3439.59116
3442.47462
3445.34620
3448.23560
3454.00490
3456.87822
3459.75094
3471.37658
3479.94830
3485.69183
3488.57202
3497.17808
3505.86029
3511.62783
3514.50594
3546.20781
3549.08654
3551.95593
3554.86201
3560.61092
3563.49638
3566.37391
3572.13485
3575.05571
3577.90296
3580.78455
3586.54433
3589.42734
3592.32240
3615.36968
3618.23799
3629.76563
3632.64977
3635.52776
3641.28805
3644.17541
3647.05708
3655.70257
3658.58226
3661.47037
3664.34402
3667.23096
3670.12240
3673.01421
3675.86299
3678.74964
3681.63749
