3326.28234
3327.77059
3329.24776
3330.73187
3332.21602
3333.69960
3335.18015
3336.67234
3338.14914
3341.11758
3342.59955
3344.08429
3345.56713
3347.05121
3350.01827
3351.50172
3352.98927
3354.47450
3355.95199
3357.43593
3358.91836
3360.40243
3361.88541
3363.37007
3364.85221
3366.33715
3369.30353
3370.78680
3372.26938
3373.75377
3375.23721
3376.72187
3378.20641
3379.68834
3381.17157
3439.03068
3440.51313
3442.00094
3443.48196
3444.96382
3446.44827
3447.93126
3449.41521
3452.38151
3453.86399
3455.34839
3456.83329
3458.31469
3459.79959
3461.28219
3462.76735
3492.43821
3493.92063
3495.40366
3496.88966
3498.37250
3499.85613
3501.34156
3505.78787
3507.27211
3508.75626
3510.24070
3511.72861
3513.20749
3514.69851
3544.35089
3545.84426
3547.32798
3548.81240
3550.29494
3551.77978
3553.26096
3554.74517
3557.71220
3559.19211
3560.67972
3562.16221
3563.64786
3565.12985
3566.61346
3568.09688
3571.06334
3572.54817
3574.03079
3575.51612
3576.99773
3578.48231
3579.96592
3581.45089
3584.41569
3585.90075
3587.38319
3588.86663
3590.34940
3591.83435
3593.31674
3594.80100
3602.21683
3603.70288
3605.18479
3606.66858
3608.15207
3611.11795
3612.60488
3614.08803
3615.56970
3617.05507
3618.53814
3620.02105
3621.50431
3622.98896
3625.95811
3627.43864
3630.40553
3631.89090
3633.37257
3634.85654
3636.33907
3637.82531
3640.79084
3642.27455
3643.75754
3645.24049
3646.72506
3648.20829
3649.69110
3651.17471
3652.65905
