3492.18636
3492.95580
3493.72707
3494.49788
3495.26758
3496.03769
3496.80586
3497.57600
3498.34626
3499.11562
3499.88769
3500.65771
3501.42732
3502.19800
3505.27638
3506.04615
3506.81697
3507.58486
3508.35505
3509.12619
3509.89585
3510.66626
3511.43624
3512.20750
3512.97351
3513.74713
3514.51693
3515.28569
3544.54351
3545.31290
3546.08179
3546.85365
3547.62092
3548.39306
3549.93392
3550.70188
3551.46971
3552.23891
3553.01232
3553.78240
3554.55096
3557.63407
3558.40007
3559.17087
3560.70997
3563.79195
3566.10387
