3684.61998
3686.55895
3690.43803
3694.31708
3698.19626
3700.13664
3702.07676
3704.01618
3707.89348
3709.83551
3711.77474
3713.71375
3715.65364
3717.59281
3719.53301
3721.47223
3723.41180
3725.34979
3727.29233
3729.22847
3731.17126
3733.11054
3735.05002
3736.99002
3738.92882
3740.86878
3742.80860
3744.74856
3746.68853
3748.62723
3752.50766
3754.44612
3756.38566
3758.32541
3760.26585
3762.20634
3818.45548
3820.39516
3822.33468
3824.27437
3826.21450
3830.09388
3832.03356
3833.97347
3835.91312
3837.85263
