3439.27024
3440.56811
3441.86755
3443.16550
3444.46382
3445.76326
3447.06070
3448.35987
3449.65864
3452.25668
3453.55549
3454.85277
3456.15204
3457.45102
3458.74761
3460.04845
3461.34590
3462.64579
3469.13835
3470.43665
3471.73631
3473.03502
3474.33264
3475.63112
3479.52655
3480.82671
3482.12301
3483.42280
3484.72164
3486.02036
3487.31973
3488.61788
3492.51417
3493.81186
3495.11055
3496.40989
3497.70743
3499.00781
3500.30514
3501.60398
3505.49993
3506.79932
3508.09675
3509.39534
3510.69523
3511.99316
3513.29206
3514.59151
3515.88915
