3355.29730
3356.88292
3358.46497
3360.04554
3363.21137
3364.79216
3366.37359
3369.54094
3371.11832
3372.70257
3374.28301
3375.86194
3377.44470
3379.02877
3380.61101
3386.93647
3388.51451
3390.10071
3391.67714
3393.26092
3398.00324
3399.58500
3401.16949
3402.75714
3404.33076
3405.91277
3439.13281
3440.70857
3442.29131
3443.87318
3445.45566
3447.03758
3448.62148
3451.78253
3453.36309
3454.94538
3456.52713
3458.10767
3459.69116
3461.27203
3462.85520
3469.18188
3470.76338
3472.34183
3473.92654
3475.50579
3478.67244
3480.25104
3481.83304
3483.41560
3484.99668
3486.57760
3488.15942
3489.74111
3492.90427
3494.48717
3496.06656
3497.64840
3499.23189
3500.81416
3502.39425
3505.55825
3507.13870
3508.72416
3510.30164
3511.88373
3513.46638
3515.04914
3545.09347
3546.68280
3548.26129
3549.84315
3551.42183
3553.00900
3554.59235
3557.75663
3559.33066
3560.91588
3562.49375
3564.08039
3565.66153
3567.23569
3571.98391
3573.57126
3575.14998
3576.73156
3578.31444
3579.89722
3581.47462
3584.64183
3586.22193
3587.80054
3589.38773
3590.96518
3592.55974
3594.12902
3600.45345
3602.03823
3603.61452
3605.20001
3606.78327
3608.36448
3611.52845
3613.10864
3614.69043
3616.27065
3617.85190
3619.43506
3621.01708
3622.60105
3625.76219
3627.34131
3630.51025
3632.09303
3633.67060
3635.25265
3636.83502
3638.42159
3641.58023
3644.74330
3646.32216
3647.90545
3649.48625
3651.06974
3652.64920
3654.23139
3655.80958
3658.98634
3660.55720
3662.14321
3663.72284
3665.30610
3666.88609
3670.04890
3671.63072
3673.21011
3674.79280
3676.38177
3677.95505
3679.55003
3681.12100
