3387.44746
3389.55360
3391.66538
3393.76571
3397.97276
3400.08060
3402.18629
3404.27961
3440.06376
3442.17183
3444.25657
3446.37742
3448.46882
3452.69479
3454.78269
3456.88574
3458.99292
3461.10828
3463.21922
3469.53043
3471.61613
3473.72663
3475.84226
3480.05088
3482.15396
3484.25833
3486.36928
3488.46634
3492.69000
3494.78259
3496.88064
3498.97883
3501.10030
3505.30714
3507.40768
3509.50577
3511.61168
3513.72190
3515.82328
3545.28265
3547.38247
3549.48646
3551.60177
3553.69669
3557.91560
3560.01722
3562.12735
3564.21689
3566.33312
3602.10639
3604.21072
3606.31201
3608.42225
3612.62891
3614.73282
3616.83898
3618.94237
3621.04733
3623.15288
3625.25831
3627.36075
3629.46506
3631.56780
3633.67604
3635.78027
3637.88530
3642.09470
3644.19654
3646.30210
3648.40647
3650.51302
3652.61305
3654.71338
3656.82657
3658.93145
3661.03192
3663.13868
3665.24037
3667.34400
3669.45203
3671.55606
3673.67064
3675.76557
3677.86829
3679.97134
3682.08506
