3626.17739
3627.15503
3629.10047
3630.07547
3631.04921
3632.02475
3632.99918
3633.97204
3634.94686
3635.92019
3636.89291
3637.86737
3641.76556
3642.73784
3643.71112
3644.68553
3645.66151
3646.63421
3647.60926
3648.58375
3649.55592
3650.53050
3651.50442
3652.47974
3654.42761
3655.40173
3656.37463
3658.32316
3659.29703
3660.27176
3661.24585
3662.21807
3663.19117
3665.14175
3666.11584
3667.08963
3669.03792
3670.01053
3670.98505
3671.96112
3672.93448
3673.90931
3674.88191
3675.85399
3676.82956
3677.80420
3678.77716
3679.75131
3680.72616
3681.70139
