3326.05566
3326.87058
3327.69323
3328.49497
3330.94107
3331.73568
3332.55720
3333.36211
3334.16412
3335.78978
3337.40493
3338.22887
3340.66477
3341.47703
3343.09033
3343.90952
3345.53283
3346.33204
3350.38478
3352.02198
3352.81406
3354.45394
3355.25481
3356.88253
3357.68655
3358.51482
3359.30643
3360.12076
3360.94913
3361.74415
3362.55608
3363.36971
3364.17226
3364.99363
3365.79385
3366.61427
3369.04234
3369.86289
3371.48294
3372.30190
3373.10408
3373.91190
3374.72531
3375.52708
3376.35398
3377.15157
3378.78223
3379.58992
3386.88070
3388.50713
3389.32526
3391.76307
3392.56231
3393.37875
3397.42549
3398.23675
3399.07925
3399.85416
3401.47966
3402.29131
3403.11668
3403.91394
3405.55602
3656.98364
3658.59095
3659.40823
3660.21000
3661.02656
3661.84928
3662.65883
3663.46145
3665.07851
3665.89536
3666.70508
3670.76723
3671.56012
3672.37721
3673.21811
3674.01402
3674.81080
3675.62634
3676.43497
3677.24928
3678.05445
3678.85897
3679.68533
3680.49862
3681.29865
3682.13344
