3739.38137
3740.27037
3741.15840
3742.05503
3742.93874
3743.82588
3744.71990
3745.60511
3746.49321
3747.38679
3748.27256
3749.16193
3750.04520
3752.72149
3753.60906
3754.49799
3755.39019
3756.27565
3757.16728
3758.05260
3758.94524
3759.83460
3760.72287
3761.61167
3762.50078
3818.52965
3819.41637
3820.30616
3821.19683
3822.08532
3822.97480
3823.86372
3824.75288
3825.63849
3826.53128
3827.42197
3830.09078
3830.97929
3831.86636
3832.76002
3833.64729
3834.53388
3835.42533
3836.30858
3837.20403
3838.09122
3838.98702
3840.76579
