3355.58866
3357.15016
3357.93052
3359.49059
3360.27147
3361.83128
3362.61160
3363.39264
3364.17371
3364.95394
3365.73313
3368.85552
3369.63678
3370.41658
3371.97828
3372.75737
3374.31710
3375.10013
3376.66007
3377.44240
3378.22089
3379.00202
3379.78321
3380.56307
3386.80623
3387.58789
3388.36603
3389.14945
3391.48994
3393.05137
3396.95918
3397.73087
3398.51950
3399.29260
3400.07471
3400.85043
3401.64169
3402.40921
3403.19989
3405.54601
3438.31632
3439.09529
3439.87630
3440.65716
3441.43755
3442.21939
3442.99837
3443.78054
3444.55988
3445.34035
3446.12105
3446.90151
3447.68182
3448.46283
3449.24233
3452.36541
3453.14557
3453.92515
3454.70543
3455.48627
3456.26682
3457.04719
3457.82737
3458.60767
3459.38823
3460.16884
3460.94909
3461.73024
3462.51086
3463.29164
3468.75436
3469.53495
3470.31472
3471.09523
3472.65639
3473.43712
3474.21778
3474.99762
3475.77816
3476.55809
3478.90407
3479.68138
3480.45847
3481.23795
3482.02211
3482.79921
3483.58369
3484.36322
3485.14352
3485.92300
3486.70256
3487.48309
3488.26649
3489.04597
3489.82725
3544.45630
3545.23638
3546.01892
3546.79741
3547.57993
3548.35935
3549.14077
3549.92278
3550.70102
3551.48223
3552.26165
3553.04153
3553.82302
3554.60273
3557.72675
3559.28639
3560.06967
3560.84518
3561.62931
3562.40691
3563.18777
3563.96894
3564.75042
3565.53017
3566.30915
3567.08994
3567.87059
3570.99160
3571.77196
3572.55392
3573.33392
3574.11551
3574.89498
3575.67703
3576.45495
3577.23680
3578.01776
3578.79498
3579.57794
3580.35931
3581.13880
3583.48051
3584.26065
3585.04115
3585.82214
3586.60121
3587.38250
3588.16257
3588.94125
3589.72313
3590.50229
3591.28343
3592.06583
3592.84251
3593.62474
3594.40763
3595.18577
3601.43030
3602.21121
3602.98754
3603.77270
3604.55257
3605.33130
3606.11356
3607.67346
3608.45431
3609.23478
3611.57433
3612.35809
3613.13620
3613.92218
3614.69858
3615.47932
3616.25841
3617.03869
3617.81952
3618.60045
3619.38206
3620.16006
3620.94124
3621.72218
3622.50268
3623.28177
3625.62390
3626.40398
3627.18448
3627.96625
3629.52502
3630.30734
3631.08689
3632.64761
3633.42855
3634.21095
3634.99452
3635.77176
3636.55070
3637.33107
3641.23481
3642.01386
3642.79419
3643.57513
3644.35567
3645.13571
3645.91820
3646.69776
3647.47791
3648.25667
3649.03719
3649.81822
3650.59808
3651.37800
3652.16127
3654.50277
3656.06319
3656.84110
3658.40286
3659.18385
3659.96343
3661.52386
3662.30584
3663.08622
3663.86658
3666.20902
3666.98819
3669.32882
3670.11021
3670.89068
3671.67059
3673.23117
3674.01259
3674.79347
3676.35318
3677.13426
3677.91452
3678.69538
3679.47533
3680.25496
3681.03520
3681.81703
