3386.69158
3388.26210
3389.85274
3391.40661
3392.98051
3394.55527
3397.69934
3399.26968
3400.84247
3402.41785
3403.98893
3405.56271
3492.05047
3493.62301
3495.19591
3496.76808
3498.33951
3499.91302
3501.48512
3506.20088
3507.77694
3509.34773
3510.91988
3512.49397
3514.06759
3515.63774
3545.50659
3547.08252
3548.66226
3550.22827
3551.80557
3553.36880
3554.95168
3558.10385
3559.66550
3561.24892
3562.81484
3564.40128
3565.95716
3567.52425
3570.67692
3572.24875
3573.82197
3575.39597
3576.96768
3578.54053
3580.11240
3583.25748
3584.82870
3586.40266
3587.97599
3589.54809
3591.12120
3592.69331
3594.26633
3655.59263
3657.17100
3658.73828
3660.31132
3661.88399
3663.45987
3665.02949
3666.60294
3669.74574
3671.31775
3672.89478
3674.46296
3676.04340
3677.61407
3679.18591
3680.75949
