3325.50416
3326.11187
3326.72082
3328.54105
3330.97384
3333.41020
3334.01633
3335.84306
3336.44731
3337.05659
3340.09700
3340.70856
3341.92304
3342.53218
3343.13682
3343.74680
3344.96298
3345.57024
3346.18369
3349.83016
3351.04263
3352.86597
3354.69531
3355.29716
3355.90705
3356.51760
3357.12435
3357.73091
3358.34177
3359.55932
3360.16835
3360.77579
3361.38260
3361.99374
3362.60071
3363.20579
3364.42406
3365.02885
3365.64139
3366.86424
3369.29347
3370.50785
3371.72250
3372.32901
3372.94013
3374.15441
3374.76390
3375.36970
3376.58726
3379.01879
3379.62575
3386.31655
3386.92627
3387.53438
3388.14298
3388.75144
3389.35798
3393.00817
3393.61537
3394.22400
3397.26010
3397.87166
3398.47627
3399.09508
3399.69582
3400.30400
3400.91095
3401.52108
3402.13133
3403.34742
3403.95193
3438.61697
3439.22815
3439.83466
3440.44547
3442.26891
3442.87586
3443.48451
3444.70019
3445.30978
3445.91695
3446.52312
3447.13238
3447.74117
3448.34711
3448.95769
3449.56700
3451.99797
3452.60689
3453.21581
3453.82100
3454.43080
3455.03630
3455.64728
3456.25357
3456.86038
3457.47199
3458.07936
3458.68753
3459.29419
3459.90274
3460.51029
3461.12033
3461.72887
3462.33627
3462.94455
3463.55309
3492.13426
3492.74594
3493.35231
3493.96019
3494.56883
3495.17464
3495.78427
3496.39222
3497.00192
3497.60963
3498.21572
3498.82691
3499.43486
3500.04168
3500.64808
3501.25855
3501.86792
3502.47676
3505.51413
3506.12222
3506.73086
3507.34208
3507.94761
3508.55473
3509.16448
3509.77239
3510.38112
3511.59607
3512.20741
3512.81295
3513.42194
3514.03057
3514.64125
3515.24713
3515.85342
3544.43578
3545.04368
3545.65255
3546.26286
3546.86560
3547.47581
3548.08973
3548.69579
3549.30291
3549.90925
3550.52106
3551.12864
3551.73639
3552.34339
3552.95087
3553.55890
3554.16804
3554.77434
3557.81618
3558.42487
3559.64211
3560.24529
3560.85790
3561.46293
3562.07130
3562.68157
3563.28681
3563.89981
3564.50896
3565.11293
3565.72364
3566.32740
3566.93518
3567.54821
3568.15482
3571.19515
3571.80067
3572.41464
3573.02421
3573.62741
3574.23506
3574.84408
3575.45306
3576.06603
3576.67065
3577.88577
3578.49268
3579.10250
3579.70869
3580.31905
3580.92241
3584.57510
3585.17994
3587.00294
3587.61342
3588.22305
3588.83636
3589.44362
3590.04763
3590.65779
3591.26483
3591.87256
3592.48220
3593.08878
3593.69852
3594.30553
3594.91050
3601.59980
3602.20481
3602.81948
3604.03532
3604.64387
3605.25185
3605.86343
3606.46969
3607.07922
3607.68256
3608.29206
3608.89952
3611.94119
3612.55118
3613.15908
3613.76877
3614.98601
3615.58772
3616.80401
3618.02108
3618.63268
3619.23722
3619.84906
3620.46114
3621.05837
3621.67416
3622.27985
3622.89373
3625.92874
3626.53656
3627.15183
3627.75471
3629.57934
3630.18714
3630.79515
3633.22742
3633.83646
3636.26894
3636.87446
3641.13688
3641.73968
3642.35036
3642.95695
3643.56818
3644.17405
3644.78120
3645.38978
3645.99833
3646.60633
3647.21425
3647.82347
3648.43120
3649.03846
3649.64810
3650.25518
3650.86411
3651.47248
3652.07860
3652.68708
3654.50828
3655.11996
3655.72841
3656.33990
3656.94717
3658.16176
3658.76865
3659.37641
3659.98904
3660.59309
3662.41750
3663.02705
3663.63444
3665.45811
3666.06747
3666.67518
3667.28244
3669.71862
3670.32741
3670.93172
3671.54106
3672.75867
3673.36597
3673.97540
3674.58155
3675.18761
3675.79782
3676.40311
3677.01541
3677.62286
3678.22748
3678.83740
3679.44714
3680.05611
3680.66195
3681.27326
3681.87734
