3329.27766
3333.02063
3336.75955
3340.50529
3344.24306
3351.72514
3355.46763
3359.20741
3362.95003
3366.68906
3370.43236
3374.17258
3389.13702
3392.87883
3400.36171
3404.10455
3441.51922
3445.25640
3448.99734
3452.73972
3456.47975
3460.22095
3471.44690
3475.18785
3478.92916
3482.66915
3486.41228
3493.89321
3497.63153
3501.37511
3505.11595
3508.85904
3512.59941
3546.27242
3550.01166
3553.75419
3557.49854
3561.23592
3564.97675
3572.45976
3576.20176
3579.94070
3583.68620
3587.42407
3591.16574
3594.90717
3602.38968
3606.13113
3613.61419
3617.35533
3621.09652
3632.31871
3636.06184
3643.54468
3647.28385
3651.02666
3654.77036
3658.50913
3662.25071
3665.99222
3669.73029
3673.47273
3677.21385
3680.95491
