3326.25253
3327.98963
3329.72836
3330.60008
3331.46819
3333.21044
3334.07933
3335.82069
3337.55693
3340.16680
3341.03808
3342.77587
3343.64577
3345.38433
3346.25804
3347.12449
3350.60458
3351.47364
3352.34801
3355.82138
3356.69481
3358.43137
3360.17501
3361.91138
3362.78575
3364.51905
3365.39097
3366.25071
3369.73692
3371.47738
3372.34890
3374.08853
3374.95496
3376.69671
3377.56818
3379.30652
3386.26444
3387.13317
3388.00499
3388.87205
3389.74264
3390.61644
3391.48405
3394.09546
3397.57000
3398.44045
3399.31029
3400.17975
3401.05570
3401.91276
3402.78936
3403.65151
3404.52139
3405.39860
3601.96409
3602.83609
3603.70179
3604.57146
3605.44231
3606.31850
3607.20116
3608.05369
3608.92281
3614.13845
3615.01417
3615.87714
3616.75513
3617.62120
3618.48863
3619.35875
3621.97586
3622.83717
