3544.86563
3546.06072
3547.25422
3548.44940
3549.64345
3550.83995
3552.03355
3553.22866
3554.42340
3558.00734
3559.20155
3560.39562
3561.59026
3562.78491
3563.97995
3565.17439
3566.36926
3567.56383
3571.14762
3572.34196
3573.53654
3574.73083
3575.92659
3577.12018
3578.31502
3579.50963
3580.70667
3583.09198
3584.28838
3585.48188
3586.67720
3587.87168
3589.06684
3590.26153
3591.45733
3592.65098
3593.84493
3595.04055
3601.01471
3602.20810
3604.59656
3605.79158
3606.98580
3608.18069
3609.37494
3611.76592
3612.95825
3614.15355
3615.34954
3616.54383
3617.73833
3618.93269
3620.12693
3621.32150
3622.51674
3623.71041
