3355.21502
3357.38584
3358.47555
3359.56269
3360.64834
3361.72613
3362.81403
3363.90680
3364.99151
3366.08285
3370.42335
3371.51084
3372.59528
3373.68226
3374.76970
3375.86489
3376.94306
3379.11655
3386.72286
3388.89797
3391.06795
3392.16478
3393.24016
3394.32807
3397.58437
3399.75899
3400.84661
3403.01828
3404.10279
3405.19086
3438.87388
3439.95731
3441.03336
3442.13094
3443.21703
3444.30341
3445.38940
3446.47646
3447.56632
3448.65068
3449.73595
3451.90778
3452.99504
3454.08081
3455.17322
3456.25403
3457.34068
3458.42936
3459.51220
3460.60014
3461.68488
3462.77264
3469.29005
3470.37435
3471.46170
3472.54942
3473.63948
3474.72735
3475.80917
3479.06799
3480.15831
3481.24031
3482.33128
3483.41462
3484.49652
3485.58613
3486.67114
3487.75809
3488.84866
3492.10591
3493.19429
3494.27773
3495.36580
3496.45148
3497.53932
3498.62544
3499.71016
3500.79988
3501.88485
3505.14193
3506.23110
3507.31555
3508.40398
3509.48888
3510.57229
3511.66342
3512.74873
3513.83676
3514.92524
3544.25476
3545.34239
3546.42951
3547.51596
3548.60061
3549.68808
3550.77516
3551.86085
3552.94690
3554.03617
3555.12170
3557.28815
3558.37831
3559.46640
3560.55360
3561.63849
3562.72710
3563.81314
3564.89889
3565.98391
3567.07120
3568.15710
3571.41586
3572.50540
3573.59279
3574.67265
3575.76118
3576.84574
3577.92955
3579.01847
3580.10659
3581.19880
3583.36747
3584.45720
3585.53788
3586.63897
3587.71077
3588.79694
3589.88306
3590.97276
3592.06250
3593.14747
3594.23170
3595.31554
3625.73236
3626.82125
3627.91345
3630.08532
3631.18031
3632.25355
3633.34110
3634.42247
3635.51381
3636.60101
3638.76927
3642.04013
3643.11953
3644.20384
3645.28809
3646.37803
3647.47006
3648.55268
3649.63873
3650.72768
3651.81175
3655.07242
3656.15954
3657.24581
3658.33234
3659.42026
3660.50347
3661.59212
3662.67707
3663.76420
3664.84594
3665.93786
3667.02427
3669.19498
3670.28091
3671.36904
3673.54203
3674.62778
3675.71433
3676.80097
3677.88636
3678.97414
3680.05975
3681.14847
