3328.19091
3333.65961
3335.47638
3337.30019
3342.76996
3346.41635
3350.05855
3351.88081
3386.51035
3388.33400
3390.15532
3391.97788
3397.44464
3399.26989
3401.09015
3402.91355
3468.52602
3470.34673
3472.16325
3473.99235
3475.81665
3479.46092
3481.28319
3483.10460
3484.92499
3486.75014
3488.57671
3492.21682
3494.04218
3495.86775
3497.68663
3499.50949
3501.32922
3506.79801
3508.61915
3510.44504
3512.26537
3515.91035
3572.40829
3574.22984
3576.05347
3577.87556
3583.34527
3585.16624
3586.99231
3588.81071
3590.63673
3592.46200
3594.27847
3601.56832
3603.39685
3605.21450
3607.03420
3608.85850
3612.50734
3614.32775
3616.14718
3617.97060
3619.79174
3621.61578
3623.43998
3654.42186
3656.24393
3659.88798
3661.71462
3663.53075
3667.17810
3668.99490
3670.82011
3674.46623
3676.29231
3678.11487
3679.94290
3681.75641
