3684.44952
3685.18358
3685.91994
3686.65756
3687.39723
3688.13453
3688.87031
3689.61243
3690.34665
3691.08358
3694.03437
3694.77174
3695.50881
3698.45910
3699.19576
3699.93177
3700.66944
3701.40856
3702.14401
3702.88462
3703.61985
3704.35867
3705.09715
3705.83623
3706.56766
3707.30369
3708.04858
3708.78268
3709.52124
3711.73272
3712.47005
3713.20788
3713.94460
3714.68305
3715.42038
3716.15766
3716.89500
3717.63293
3718.36951
3719.10780
3719.84473
3720.58271
3721.32098
3722.05761
3722.79465
3723.53450
3725.74482
3726.48202
3727.21889
3727.95625
3728.69481
3729.43444
3730.16961
3730.90720
3731.64413
3732.38183
3733.11860
3733.85649
3734.59368
3735.33469
3736.07072
3736.80731
