3325.85952
3327.02884
3328.19392
3329.35061
3330.52866
3331.69808
3332.85880
3334.03371
3335.19495
3336.36221
3337.52898
3341.02792
3342.19721
3343.36180
3344.52858
3345.70669
3346.86644
3350.36818
3351.53983
3352.70246
3388.88897
3390.07271
3391.22332
3392.36679
3393.55605
3397.04506
3399.36279
3400.57294
3402.88830
3404.05566
3405.22869
3469.39551
3470.56461
3471.74696
3472.90123
3474.06390
3475.23608
3476.39949
3478.74591
3479.90334
3481.08700
3482.23727
3483.40577
3484.57367
3485.73692
3486.90012
3488.07150
3489.24066
3492.74143
3493.90441
3495.07134
3496.23753
3497.40634
3498.56979
3499.74149
3500.90304
3502.07549
3505.57484
3506.74509
3507.91244
3509.07455
3510.24409
3511.41472
3512.57732
3513.74411
3514.92363
