3354.86716
3360.25485
3364.29590
3364.98318
3369.70295
3373.75118
3375.10945
3379.15607
3387.25094
3388.60061
3393.99135
3398.04242
3399.39276
3404.79306
3438.53727
3439.88317
3441.23372
3442.57994
3443.93162
3445.28034
3446.62957
3447.97911
3449.33311
3452.02739
3453.37949
3454.72514
3456.07912
3457.42621
3458.77841
3460.12509
3461.47445
3462.82500
3626.12667
3626.79558
3627.46686
3630.17193
3634.22321
3636.92961
3641.65007
3642.32026
3643.66560
3645.01824
3646.37527
3647.71584
3649.06528
3650.41864
3651.76594
