3601.04362
3602.46225
3603.87943
3605.29238
3606.71129
3608.12492
3612.37388
3613.78992
3615.20924
3616.62163
3618.03856
3619.45417
3620.86972
3622.28599
3623.70155
3626.53349
3627.94991
3629.36789
3630.78330
3632.19903
3633.61418
3635.03078
3636.44660
3637.86381
3640.69440
3642.11014
3643.52428
3644.94219
3646.35926
3647.77517
3649.19113
3650.60713
3652.02385
3654.86073
3656.27331
3659.10170
3660.51951
3661.93586
3663.35224
3664.76822
3666.18443
3669.01337
3670.43131
3671.84805
3673.26421
3674.67857
3676.09751
3677.51196
3678.92586
3680.34311
3681.75905
