3325.79830
3327.50781
3330.92788
3332.63049
3334.32489
3336.04452
3341.17550
3342.87761
3344.59494
3346.28836
3354.83993
3356.55085
3358.25376
3359.96014
3361.67917
3363.38411
3365.09919
3366.79463
3370.22204
3371.92252
3375.33970
3377.04705
3378.75987
3387.30642
3389.00844
3390.71691
3392.42569
3394.13818
3397.55327
3399.26375
3400.96835
3404.39999
3438.55329
3440.25770
3441.97552
3443.69092
3445.39855
3447.10549
3448.81541
3452.23963
3453.94324
3455.64724
3457.36439
3459.07790
3460.78122
3462.48092
3469.32465
3471.02615
3472.73926
3474.44986
3476.15020
3479.56747
3481.27869
3482.97883
3484.69133
3486.40770
3488.10745
3489.80880
3493.23662
3494.94772
3496.65014
3498.36572
3500.07921
3501.78144
3505.19302
3506.90757
3508.61163
3510.32918
3512.02664
3513.73930
3515.44726
3544.48236
3546.20836
3547.92059
3549.62674
3551.31758
3553.04375
3554.75835
3558.15841
3559.88673
3561.58548
3563.29386
3565.00025
3566.71099
3571.83713
3573.53741
3575.25797
3576.95407
3578.64605
3580.35823
3583.79718
3585.48812
3587.22649
3588.91636
3590.63584
3592.33721
3594.02336
3600.86012
3602.59406
3604.29647
3606.00233
3607.71476
3611.13761
3612.84087
3614.52797
3616.28288
3617.95750
3619.66987
3621.39220
3623.11423
3626.53357
3629.94654
3631.63990
3633.34189
3635.06645
3636.78350
3638.46568
3641.92549
3643.61495
3645.29614
3647.02194
3648.73690
3650.43048
3652.14757
3655.55698
3657.27586
3658.97014
3660.68188
3662.39046
3665.81508
3669.22328
3670.94044
3672.64285
3674.35755
3676.05564
3677.76944
3679.48289
3681.18701
