3326.96769
3328.68998
3330.41105
3332.13508
3333.85857
3335.58942
3337.30577
3340.74863
3342.47198
3344.19459
3345.91676
3351.08566
3352.80752
3354.53959
3357.97791
3359.69747
3361.42070
3363.14280
3364.86576
3366.59000
3370.03269
3371.75773
3373.47839
3375.20541
3376.92701
3387.26597
3388.98720
3390.70930
3392.43124
3394.14573
3397.60003
3399.32287
3401.04760
3402.76762
3404.49597
3438.94534
3440.66742
3442.39180
3444.11338
3445.83571
3447.56085
3449.28124
3452.72643
3454.44925
3456.17215
3457.89457
3459.61771
3461.34110
3463.06271
3469.95364
3473.39943
3475.12259
3478.57002
3480.29075
3482.01352
3483.73627
3485.45913
3487.18180
3488.90464
3492.35125
3494.07260
3495.79544
3497.51817
3499.24438
3500.96490
3502.68836
3506.13242
3507.85353
3509.57819
3511.30029
3513.02306
3514.74630
3545.75474
3547.47692
3549.19957
3550.92279
3552.64466
3554.36734
3557.81408
3559.53552
3561.25881
3562.98491
3564.70378
3566.42726
3568.15008
3571.59885
3573.31855
3575.03977
3576.76570
3578.48786
3580.20918
3583.65270
3585.37755
3587.10201
3588.82353
3590.54494
3592.26683
3593.99893
3600.89184
3602.60355
3604.32750
3606.05176
3607.77246
3611.20899
3612.94095
3614.66387
3616.38972
3618.10863
3619.83147
3621.55460
3623.27771
3626.72182
3630.16779
3631.90594
3633.61301
3635.33120
3637.05673
3640.50563
3642.22635
3643.95083
3645.67345
3647.39477
3649.11882
3650.84033
3652.56318
3654.28503
3656.01098
3659.45392
3661.17424
3662.89982
3664.60199
3666.34627
3669.79141
3671.51431
3673.23636
3674.95979
3676.68215
3678.40503
3680.12779
3681.85039
