3325.58927
3326.27983
3326.96855
3327.65550
3328.35050
3329.03876
3331.10838
3333.17775
3333.86728
3334.56109
3335.93763
3336.62454
3337.31799
3338.00811
3340.07771
3340.76707
3341.45744
3342.15193
3342.83736
3344.21652
3344.90641
3345.59551
3346.28536
3346.97523
3350.42603
3351.11469
3352.49353
3655.00934
3655.69446
3656.38814
3657.08172
3658.45768
3660.52701
3661.21037
3661.90570
3662.59870
3663.28710
3663.97509
3666.04564
3666.73395
3669.49186
3670.18595
3670.87496
3671.56486
3672.95648
3673.63553
3674.32390
3675.01407
3675.70463
3676.39342
3677.08112
3677.77405
3678.46594
3679.15421
3679.84419
3680.53341
3681.22689
3681.91583
