3354.53312
3357.17906
3359.83041
3362.47921
3365.12675
3370.42549
3439.31518
3441.96317
3444.61248
3447.26269
3449.91283
3452.56320
3455.21021
3457.86077
3460.51136
3463.15942
3471.10767
3473.75722
3476.40709
3479.05711
3481.70584
3484.35368
3487.00469
3489.65420
3494.95448
3497.60401
3500.25150
3505.54919
3508.19855
3510.85046
3545.29036
3547.93938
3550.58972
3553.23683
3561.18746
3563.83887
3566.48655
3571.78549
3574.43497
3577.08472
3585.03254
3587.68221
3590.33080
3592.97995
3600.92844
3603.57244
3608.87727
3614.17985
3616.82621
3619.47528
3622.12537
3627.42272
3630.07264
3632.72219
3635.36313
3645.96871
3648.61992
3651.26900
