3354.47542
3355.46534
3356.45852
3357.45194
3358.44378
3359.43297
3360.42851
3361.41698
3362.40907
3363.40107
3364.39112
3365.37991
3366.37427
3369.35231
3370.34420
3371.33675
3372.32685
3373.31733
3374.31043
3375.30161
3376.29394
3377.28623
3378.28014
3379.26860
3381.25022
3438.77495
3439.76953
3440.76040
3441.75010
3442.74371
3443.73490
3444.72611
3445.71893
3446.70992
3447.70125
3448.69244
3449.68519
3452.66128
3453.65413
3454.64417
3455.63594
3456.62739
3457.61830
3458.61230
3459.60370
3460.59353
3461.58530
3462.57902
3463.56813
3468.52869
3469.52105
3470.51378
3471.50454
3472.49615
3473.48807
3474.47964
3475.47171
3476.46322
3479.43759
3480.42924
3481.42270
3482.41614
3483.40500
3484.39619
3485.38549
3486.37933
3487.37200
3488.36408
3489.35798
3492.33343
3493.32248
3494.31422
3495.30753
3496.29652
3497.29276
3498.28570
3499.27234
3500.27050
3501.25887
3502.24692
3505.22651
3506.21746
3507.20703
3508.20253
3509.19473
3510.18522
3511.17594
3512.16772
3513.15873
3514.15033
3515.14291
3544.89681
3545.88703
3546.87855
3547.87057
3548.86337
3549.85659
3550.84660
3551.83657
3552.82976
3553.82691
3554.81576
3557.79348
3559.77213
3560.76502
3561.75564
3562.74744
3563.74088
3564.73157
3565.72082
3566.71947
3567.70596
3626.22869
3627.21449
3629.19950
3630.19498
3631.18443
3632.17066
3633.16352
3634.15388
3635.14799
3636.14316
3637.13366
3641.10027
3642.08960
3643.08024
3644.07170
3645.06612
3646.05725
3647.04884
3648.04360
3649.03292
3650.02704
3651.01775
3652.01085
3654.97420
3655.97230
3656.96400
3657.95836
3658.94992
3659.94255
3661.92501
3662.91664
3663.90814
3664.90095
3665.89435
3666.88556
3669.86078
3670.85118
3671.84588
3672.83502
3673.83199
3674.81580
3675.81455
3676.80063
3677.79308
3678.78389
3679.77893
3680.76984
3681.76166
