3386.63266
3387.49388
3388.35571
3389.21804
3390.94148
3391.80451
3393.52708
3394.38904
3396.97544
3397.83625
3399.55952
3400.41989
3401.28332
3402.14497
3403.00962
3405.59569
3438.34619
3439.20725
3440.07005
3440.93163
3441.79307
3442.65474
3443.51699
3444.37872
3445.24144
3446.10227
3446.96506
3447.82658
3448.68816
3449.55130
3452.13514
3452.99787
3453.85947
3454.72206
3455.58360
3456.44509
3457.30720
3458.16894
3459.03080
3459.89307
3460.75486
3461.61746
3462.47865
3463.34115
3468.51225
3469.37371
3470.23620
3471.09777
3471.96320
3472.82092
3473.68311
3474.54505
3475.40793
3476.26883
3478.85466
3479.71626
3480.57855
3481.44048
3482.30194
3483.16397
3484.02604
3484.88810
3485.74953
3486.61159
3487.47438
3488.33547
3489.19713
3571.07767
3571.93989
3572.80226
3573.66316
3574.52559
3575.38718
3576.24877
3577.11069
3577.97279
3579.69690
3580.55829
3581.42108
3583.14432
3584.00799
3584.86779
3585.73011
3586.59238
3587.45347
3588.31574
3589.17771
3590.03920
3590.90195
3591.76308
3592.62552
3593.48649
3594.34876
3595.21100
3654.68212
3655.54334
3656.40598
3657.26708
3658.12919
3658.99141
3659.85302
3661.57632
3662.43860
3663.30061
3665.02480
3665.88655
3666.74785
3669.33380
3670.19522
3671.05762
3671.91969
3672.78255
3673.64314
3674.50600
3675.36965
3676.22908
3677.09048
3677.95285
3678.81502
3679.67726
3680.53834
3681.40102
