3544.88049
3546.05117
3547.25353
3548.45653
3549.64363
3550.82501
3552.03316
3553.23010
3554.42566
3558.00851
3559.19345
3560.39434
3561.58950
3562.77989
3563.97205
3565.17443
3566.36781
3567.56552
3571.14298
3572.33582
3573.55148
3574.72688
3575.93300
3577.11756
3578.32299
3579.50417
3580.70404
3585.48057
3586.67052
3587.86381
3589.07135
3590.25866
3591.44935
3592.64857
3593.84064
3595.03281
3601.01239
3602.20523
3604.59913
3605.78767
3606.98776
3608.18272
3609.37290
3611.77407
3612.95887
3615.34576
3616.54262
3617.73788
3618.92962
3620.13590
3621.32555
3622.51473
