3338.21209
3340.23478
3345.90135
3363.30220
3368.96739
3371.80031
3372.60639
3374.63035
3375.43988
3387.17628
3390.81648
3399.31604
3399.72001
3400.52665
3402.14868
3438.56751
3438.97546
3439.37783
3441.39919
3442.21031
3443.42252
3444.23300
3445.04238
3451.92171
3452.73031
3454.75401
3455.56419
3458.39708
3460.41873
3462.44135
3470.13141
3470.93965
3473.77327
3476.60568
3479.43849
3481.46091
3482.27181
3485.50730
3486.31728
3487.12695
3492.79043
3495.22164
3496.02957
3497.64802
3498.05074
3499.67084
3502.50287
3508.16800
3508.57384
3509.38146
3510.19107
3512.21401
3513.02372
3513.83485
3515.85756
3547.42171
3548.23038
3550.25360
3552.27786
3557.94051
3558.34767
3560.77501
3563.60696
3565.63094
3566.43962
3572.10892
3572.50692
3573.31989
3574.13069
3574.53104
3576.15232
3576.96414
3578.17361
3578.98423
3587.48478
3588.69444
3589.50733
3589.91541
3590.31398
3591.12239
3591.53110
3593.14707
3602.04893
3602.85921
3604.88264
3605.69140
3608.52385
3609.33422
3613.78512
3616.21321
3618.23512
3619.04561
3619.85474
3621.06833
3621.87791
3622.68825
3623.08971
3626.73506
3627.54273
3627.94647
3629.97067
3630.37655
3632.39934
3632.80541
3636.44534
3637.25374
3641.30400
3642.11061
3644.13372
3644.94387
3645.75307
3646.56320
3646.96695
3647.77573
3648.58503
3648.98934
3649.79840
3650.60809
3651.41854
3652.63232
3656.27762
3656.68385
3659.91482
3663.14987
3663.95854
3665.98643
3666.79996
3670.43538
3670.83849
3674.48383
3677.31861
3678.53279
3681.76949
