3356.20776
3358.32947
3360.45049
3362.56965
3364.69086
3366.81291
3368.93191
3371.05196
3373.17181
3375.29214
3377.41300
3379.53197
3438.90413
3441.02223
3443.14304
3445.26389
3447.38472
3449.50420
3453.74522
3455.86490
3457.98598
3460.10633
3462.22694
3470.70827
3472.82836
3474.94873
3479.18981
3481.30796
3483.43044
3485.55129
3487.67303
3489.79390
3491.92208
3494.03190
3496.15137
3498.27156
3500.39411
3502.51195
3506.75340
3508.87381
3510.99439
3513.11608
3515.23641
3544.92109
3547.04040
3549.16145
3551.28151
3553.40150
3557.64270
3559.76271
3561.88347
3564.00428
3566.12660
3568.24445
3625.47897
3627.61383
3629.73416
3631.85501
3633.97508
3636.09528
3638.21715
3642.45684
3644.57801
3646.69705
3648.81706
3650.93762
