3354.37405
3354.87058
3355.85237
3356.83869
3357.81962
3358.31283
3359.78956
3360.28627
3360.77527
3361.75738
3362.25103
3362.74281
3363.23430
3364.22047
3364.70952
3365.20381
3365.69499
3366.68072
3369.14083
3369.63332
3371.60133
3372.09279
3373.07904
3374.55400
3376.51955
3377.01544
3377.50709
3378.98493
3379.47621
3379.97135
3386.36504
3388.33655
3388.83090
3389.32035
3390.79316
3393.25532
3393.74799
3394.24028
3397.19361
3397.68697
3398.17932
3399.16494
3399.65335
3401.13189
3401.62633
3402.11720
3403.09850
3405.07307
