3326.61305
3329.79663
3332.97275
3336.13468
3342.47951
3345.65287
3352.00190
3355.17417
3358.34883
3364.69701
3371.04308
3374.21735
3377.39087
3380.56751
3386.91355
3390.08521
3393.26043
3399.60630
3402.77801
3405.95346
3440.86391
3444.03542
3447.20998
3453.55745
3456.73068
3459.90608
3463.07863
3469.42676
3472.60058
3475.77326
3478.94583
3482.12150
3485.29337
3488.46755
3494.81589
3497.98838
3501.16151
3507.50895
3510.68275
3513.85581
3545.59360
3548.76635
3551.93972
3555.11271
3558.28700
3561.46103
3564.63376
3567.80726
3570.97469
3574.15394
3577.32868
3580.50242
3583.67713
3586.85008
3590.02409
3593.19783
3602.71651
3605.89256
3609.06456
3612.24031
3615.41303
3618.58574
3621.75895
3634.45201
3640.80178
3643.97360
3647.14913
3650.32151
3656.67087
3659.84237
3663.01632
3666.19127
3669.36489
3672.54975
3675.71612
3678.85820
3682.05767
