3356.57582
3360.36000
3371.70242
3375.48810
3379.27938
3386.82615
3390.60458
3394.40967
3398.17456
3405.74060
3439.78774
3443.55084
3447.34083
3454.91692
3458.69261
3462.46846
3470.03846
3473.81370
3481.37542
3485.16885
3488.93320
3492.72241
3496.50924
3500.29378
3507.85077
3511.63649
3515.41016
3545.65664
3549.44384
3553.23348
3560.79805
3564.57244
3575.92528
3583.47739
3587.26567
3591.03617
3594.84798
3632.64684
3636.42397
3643.99111
3647.77065
3651.55270
3655.32996
3659.12131
3662.89692
3666.67186
3670.47457
3678.01794
3681.80445
