3326.04227
3328.12820
3329.13751
3331.23664
3333.33047
3334.35959
3336.47066
3337.49773
3340.64589
3341.64469
3342.69444
3343.74291
3344.77100
3345.80390
3346.85033
3349.97825
3351.00261
3352.06792
3492.54144
3493.60217
3494.62482
3495.65090
3496.70784
3497.76034
3498.79180
3499.83068
3500.86200
3501.91533
3506.07185
3507.11117
3508.14350
3509.19420
3510.22964
3511.27228
3512.32910
3513.36680
3514.40114
3515.44852
3571.64938
3572.67038
3573.71702
3574.77343
3575.78543
3577.88208
3578.90078
3579.95637
3581.00419
3584.10681
3585.15892
3586.20632
3587.24868
3588.28429
3589.30778
3590.35769
3591.41218
3592.45306
3594.52325
3600.77642
3601.83482
3602.86501
3603.89975
3604.94957
3605.96278
3607.00360
3613.30958
3620.58886
3622.66098
