3354.75651
3355.54206
3357.11264
3357.89822
3359.46894
3360.25444
3361.82585
3362.61133
3363.39711
3364.18213
3364.96787
3365.75369
3366.53865
3368.89554
3369.68117
3370.46629
3371.25211
3372.03898
3372.82279
3374.39343
3375.17947
3376.75031
3377.53653
3378.32155
3379.10684
3379.89268
3386.17649
3386.96174
3387.74529
3388.53166
3389.31843
3390.88988
3391.67495
3393.24820
3397.17321
3397.95922
3399.52995
3400.31538
3401.10100
3403.45788
3404.24386
3405.02810
3405.81420
3438.80550
3439.59013
3440.37587
3441.16100
3441.94713
3442.73247
3443.51770
3444.30331
3445.08914
3445.87494
3446.66037
3447.44526
3448.23124
3449.01678
3449.80179
3452.15916
3452.94406
3453.72996
3454.51555
3455.30043
3456.08608
3456.87105
3457.65722
3458.44271
3459.22766
3460.01392
3460.79904
3461.58457
3462.37079
3463.15522
3468.65349
3469.43933
3470.22632
3471.00985
3471.79596
3472.58125
3473.36679
3474.15204
3474.93823
3475.72381
3476.50888
3478.86645
3479.65123
3480.43660
3481.22286
3482.00674
3482.79331
3483.57832
3484.36617
3485.14956
3485.93466
3486.72070
3487.50769
3488.29195
3489.07720
3489.86378
3544.84772
3545.63299
3546.41875
3547.20437
3547.98939
3548.77494
3549.56009
3550.34587
3551.13128
3551.91732
3552.70221
3553.48824
3554.27379
3555.05953
3558.20129
3559.77211
3560.55841
3561.34328
3562.12841
3562.91473
3563.69918
3564.48484
3565.27034
3566.05631
3566.84073
3567.62700
3601.40358
3602.18900
3602.97385
3603.75923
3604.54524
3605.33108
3606.11621
3607.68962
3608.47449
3609.25802
3611.61358
3612.39864
3613.18497
3614.75767
3615.54284
3616.32908
3617.11364
3617.89819
3618.68476
3619.46899
3620.25613
3621.04266
3621.82645
3622.61185
3623.39914
3625.75412
3626.53881
3627.32503
3630.46654
3631.25249
3632.82323
3633.60895
3634.39279
3635.96508
3636.75131
3640.68018
3641.46341
3642.24913
3643.03519
3643.82030
3644.60619
3645.39218
3646.17672
3646.96234
3647.74764
3648.53379
3649.31871
3650.10495
3650.89048
3651.67529
3652.46124
3654.81773
3655.60257
3656.38861
3657.17380
3657.95989
3658.74568
3660.31584
3661.10263
3661.88767
3662.67237
3663.45842
3665.02861
3665.81443
3666.60035
3667.38554
3669.74220
3670.52711
3671.31365
3672.88381
3673.66951
3674.45670
3675.24002
3676.02579
3676.81115
3677.59747
3678.38237
3679.16812
3679.95425
3680.73819
3681.52499
