3387.39202
3390.03007
3392.65912
3397.95677
3400.59937
3403.23744
3405.87689
3440.20274
3442.84069
3445.48846
3448.12171
3453.40500
3456.04308
3458.68773
3461.32821
3469.24233
3471.88782
3474.54503
3479.80830
3482.44072
3485.08585
3487.75097
3493.00729
3495.64432
3498.28786
3500.92514
3506.20177
3508.84773
3511.48790
3514.14707
3572.20762
3574.85988
3577.50963
3580.14766
3585.41981
3588.07164
3590.71228
3593.34814
3601.25782
3603.90947
3606.55164
3609.18583
3611.81914
3614.48862
3617.11186
3619.75053
3622.39229
3627.66490
3630.30637
3632.94606
3635.59458
3638.23030
3640.86839
3643.53513
3646.14660
3648.79427
3651.45141
3656.73201
3659.35390
3661.99663
3664.61959
3667.27095
3669.91491
3672.54223
3675.19434
3677.84113
3680.47263
