3355.05714
3357.64411
3358.93763
3360.21753
3362.75300
3364.07996
3369.25027
3370.53279
3371.81471
3373.10205
3374.40739
3376.97345
3378.26333
3438.93929
3440.26257
3441.49767
3442.80856
3444.12380
3445.41164
3446.67036
3447.97263
3449.28769
3453.13122
3454.42562
3455.70742
3457.00100
3458.31063
3459.57878
3460.88289
3462.16574
3544.75742
3546.06480
3547.35802
3548.64239
3549.94560
3551.22691
3552.51666
3553.80737
3555.09640
3557.67956
3560.23874
3561.53612
3562.83386
3564.13664
3565.44528
3566.74286
3567.98836
3573.16886
3574.43400
3575.76871
3577.03528
3578.31690
3579.62180
3580.90060
3586.06013
3587.36529
3588.67972
3589.94113
3591.23491
3592.53752
3593.78873
3595.10918
3601.59184
3602.86709
3604.16313
3605.45350
3606.72943
3608.00408
3609.31518
3613.15643
3614.45398
3615.74502
3617.03101
3618.33750
3619.64524
3620.88885
3622.22485
3623.48720
