3545.13551
3546.30914
3547.49675
3548.68016
3549.86716
3551.04848
3552.23810
3553.43546
3554.61044
3558.16701
3559.34680
3560.53437
3561.72811
3562.91000
3564.09239
3565.28439
3566.47303
3567.65250
3602.04203
3603.23104
3604.41504
3605.59693
3606.78157
3607.97233
3609.15233
3612.70928
3615.08398
3616.26710
3617.45343
3618.64218
3619.82945
3621.00867
3622.20099
3623.38543
3625.76422
3626.94205
3629.31317
3630.49967
3631.69570
3632.86897
3634.05783
3635.23855
3636.42827
3641.16762
3642.35414
3643.54832
3644.72993
3645.91350
3647.09917
3648.28643
3649.47105
3650.66054
3651.83875
