3386.32624
3387.54294
3388.76080
3391.19425
3393.62756
3397.27968
3398.48877
3399.71265
3400.93046
3402.13694
3403.36099
3439.86311
3441.07393
3442.29594
3443.51366
3444.73180
3445.94739
3447.16422
3448.37968
3449.59644
3452.02991
3453.24813
3454.46318
3455.68101
3456.89856
3458.11442
3459.33112
3460.54805
3461.76448
3462.98003
3469.06557
3470.28171
3472.71447
3473.93186
3475.14743
3476.36457
3478.79917
3480.01461
3481.23150
3482.44738
3483.66459
3484.88150
3486.10044
3487.31420
3488.53208
3489.74988
3492.18260
3493.40224
3494.61669
3495.83667
3497.05783
3498.26685
3499.48314
3501.91379
3506.77936
3507.99832
3509.21483
3510.43229
3511.64710
3512.87074
3515.30009
3544.51103
3545.71796
3546.93495
3548.15120
3549.36869
3550.58483
3551.80114
3553.01959
3554.23545
3557.88551
3560.31882
3561.53534
3562.75181
3563.96852
3565.18612
3566.40208
3567.61954
3571.26946
3572.48592
3573.70267
3574.91984
3576.13601
3577.35293
3578.56940
3579.78647
3581.00240
3583.43730
3584.65320
3585.87010
3587.08610
3588.30347
3589.52001
3590.73630
3591.95358
3593.17035
3594.38739
3600.47167
3601.68779
3602.90341
3604.12123
3605.33751
3606.55531
3607.77032
3608.98673
3612.63784
3613.85546
3615.07106
3616.28860
3617.50449
3618.72119
3619.93800
3621.15464
3622.37168
3623.58824
3655.22725
3656.43906
3658.87279
3660.08980
3661.30733
3662.52422
3663.74006
3664.95682
3666.17340
3667.39041
3669.82308
3671.04083
3673.47406
3674.69027
3675.90712
3677.12410
3678.34070
3679.55794
3680.77397
3681.99074
