3625.65922
3626.42908
3627.19615
3627.96025
3628.72821
3629.49971
3630.26277
3631.02744
3632.56188
3633.32909
3634.09580
3634.86102
3635.62754
3636.39645
3637.16267
3641.76251
3642.52912
3644.06303
3644.82878
3645.59474
3646.36091
3647.12834
3647.89579
3648.66110
3649.42919
3650.19485
3650.96182
3651.72871
3652.49628
3654.79402
3655.55878
3656.33012
3657.09484
3658.63035
3659.39605
3660.16343
3661.69387
3662.46309
3663.22764
3663.99647
3664.76611
3665.52665
3666.29714
3667.06125
3669.35785
3670.13008
3670.89499
3671.66154
3672.43112
3673.19354
3673.96275
3674.72937
3676.26211
3677.02706
3677.79718
3678.56148
3679.32752
3680.09667
3680.86315
3681.62719
