3600.45454
3601.39237
3603.26745
3604.20472
3605.14304
3606.07975
3607.01617
3607.95545
3611.70618
3612.64250
3613.57900
3614.51947
3615.45467
3616.39278
3617.33043
3618.26686
3619.20562
3620.14501
3621.08079
3622.01900
3622.95518
3654.83257
3655.77082
3656.70743
3658.58279
3659.52041
3660.45782
3661.39576
3662.33221
3663.27075
3665.14496
3666.08275
3667.02172
3669.83385
3670.77004
3671.70811
3672.64760
3673.58250
3674.52073
3676.39570
3677.33328
3678.27282
3679.20888
3680.14612
3681.08330
3682.02061
