3387.49538
3388.37330
3389.25411
3390.13189
3391.00748
3397.15874
3398.03360
3399.79448
3401.54259
3402.42672
3404.19623
3405.06151
3438.44691
3439.32322
3440.19990
3441.07501
3441.95694
3442.83437
3443.71682
3444.59315
3445.47430
3446.35405
3447.22995
3448.10946
3448.99755
3449.86397
3452.50155
3453.38149
3454.25894
3455.13565
3456.01665
3456.89436
3457.76925
3458.64942
3459.52948
3460.40692
3461.28560
3462.16331
3463.04385
3469.18906
3470.06849
3470.94820
3471.82543
3472.70626
3473.58374
3474.46388
3475.34002
3476.22177
3478.85610
3479.73374
3480.61411
3481.49101
3482.36904
3483.24404
3484.12548
3485.00837
3485.88464
3486.77035
3487.64026
3488.52423
3489.39491
3492.03286
3492.91099
3493.78688
3494.67187
3495.54686
3496.42380
3497.30374
3498.17640
3499.06352
3499.93659
3500.81389
3501.69274
3502.57717
3505.20906
3506.08678
3506.96526
3507.84359
3508.72362
3509.60092
3510.48391
3511.35902
3512.23669
3513.11151
3513.99428
3514.86893
3515.74720
3571.09513
3571.97158
3572.85266
3573.72732
3574.60901
3575.48603
3576.36580
3577.24310
3578.99866
3579.89154
3580.75548
3583.39182
3585.15007
3586.02857
3586.90328
3587.78746
3588.66160
3589.54097
3590.41810
3591.30270
3592.18707
3593.06121
3594.81427
3601.83774
3602.71871
3604.47398
3605.35035
3606.22900
3607.10872
3607.99138
3608.86968
3612.37230
3613.25480
3614.13703
3615.01631
3615.89190
3616.77198
3617.64414
3618.52917
3619.40838
3620.28410
3621.17689
3622.04129
3622.91965
3654.54280
3655.42653
3656.30044
3657.18083
3658.93579
3659.81503
3661.58716
3662.45206
3663.32622
3665.09202
3665.96479
3666.84553
3670.35197
3671.23354
3673.00323
3673.86908
3674.75680
3676.50911
3677.38397
3678.26629
3679.13928
3680.01891
3680.90105
3681.77273
