3326.37743
3329.35816
3332.33711
3335.30816
3341.27849
3344.25911
3347.23608
3350.21679
3356.15578
3359.17294
3362.15137
3371.03586
3374.05229
3377.03862
3388.96004
3391.93265
3394.88652
3397.89600
3400.88831
3403.85655
3439.61499
3442.60628
3445.58338
3448.56514
3454.52207
3457.48514
3460.48716
3469.41733
3472.40658
3475.40314
3481.34265
3484.32747
3487.31745
3493.26914
3496.25244
3499.22631
3502.20915
3505.18924
3508.16789
3511.15295
3514.12383
3546.94760
3549.92534
3552.86787
3561.81072
3564.78918
3567.77470
3570.78791
3573.75022
3576.70755
3579.68439
3585.73908
3588.63727
3591.59975
3594.58881
3600.51814
3603.49957
3606.50827
3612.46006
3615.47011
3618.41853
3621.37420
3627.42557
3630.34556
3633.31310
3636.32229
3642.26585
3645.26050
3648.24282
3651.25734
3654.18181
3657.18867
3660.16017
3663.16282
3666.12056
3669.09815
3672.14045
3675.04379
3678.05629
3681.01706
