3334.12193
3343.91879
3346.14904
3346.92223
3354.43885
3356.69370
3361.96148
3362.72501
3363.46646
3364.22779
3371.73073
3374.74076
3377.00446
3380.01510
3394.29554
3401.84883
3402.60246
3473.32004
3479.37573
3492.89096
3495.12913
3510.94120
3544.80734
3551.55995
3553.07815
3553.83133
3560.59857
3562.11864
3564.37252
3565.10910
3565.86337
3571.12814
3578.66195
3580.15311
3593.70975
3594.45696
3595.21479
3602.73369
3604.97528
3605.74234
3608.00590
3612.51405
3618.54201
3619.27915
3620.75178
3622.30912
3630.56910
3632.81815
3637.34207
3646.38097
3649.38939
3659.16958
3672.69634
3674.98490
3675.71910
3676.46567
3678.73088
3681.72792
