3354.48047
3358.14726
3359.98559
3361.82019
3365.49052
3370.99604
3372.83054
3374.66669
3376.50125
3378.33626
3387.51166
3402.19512
3438.89296
3440.72762
3442.56176
3444.39716
3446.23115
3448.06718
3449.90158
3453.57276
3455.40701
3457.24170
3459.07708
3460.91208
3462.74807
3545.32518
3547.16031
3548.99468
3550.83265
3554.50061
3558.17106
3563.67705
3565.51216
3567.34692
3626.06678
3627.90173
3629.73822
3631.57323
3633.40844
3637.08010
3642.58601
3644.42017
3646.25610
3648.09102
3649.92578
3651.76160
