3325.78884
3327.38464
3328.97156
3330.56656
3332.14594
3333.75284
3336.95053
3340.13029
3343.33143
3344.91841
3346.52482
3349.71991
3351.30782
3352.89907
3386.41148
3388.00659
3389.60849
3391.20104
3392.79680
3394.40639
3397.58460
3399.17763
3400.78762
3402.36251
3403.96651
3405.54713
3439.05964
3440.66186
3442.25502
3443.85445
3445.45229
3447.04010
3448.63888
3453.42042
3455.02814
3456.61627
3458.21505
3459.80966
3461.40584
3462.98568
3469.38013
3470.97796
3472.57232
3474.17680
3475.76527
3478.93961
3480.54888
3482.14635
3483.74280
3485.33252
3486.93356
3488.52475
3493.31386
3494.91111
3496.50607
3498.10233
3499.69594
3501.29747
3506.08018
3507.67342
3509.26998
3510.86741
3512.47044
3514.04829
3515.65198
3545.96450
3547.57680
3549.16129
3550.75919
3552.35097
3553.94737
3560.32590
3561.92389
3563.51950
3565.11568
3566.71237
3571.49869
3573.08767
3574.69455
3576.28414
3577.87722
3579.46176
3581.07267
3584.26698
3585.85723
3587.45223
3589.04743
3590.64528
3593.84288
3595.42397
3601.81109
3605.00297
3608.19370
3612.97843
3614.58966
3616.16948
3617.77163
3619.36759
3620.96167
3622.55588
3625.74495
3627.34976
3630.53757
3633.72098
3635.32134
3636.92066
3638.51568
3641.70581
3643.30199
3644.89152
3646.48502
3648.08340
3649.68203
3651.27346
3654.46747
3656.06287
3659.24688
3662.44427
3664.04310
3665.63907
3667.23139
3670.41977
3672.00027
3673.61328
3675.21052
3676.80764
3678.40012
3679.99866
3681.58769
