3325.60234
3326.08921
3326.56147
3328.02160
3330.90472
3333.30433
3336.18192
3337.15053
3338.11550
3340.03874
3341.48006
3341.96323
3342.44014
3342.92031
3343.40721
3343.89132
3344.85148
3346.29209
3350.61962
3351.10213
3352.06354
3354.47836
3357.35401
3357.83770
3358.32350
3359.75965
3360.24249
3360.72470
3362.16394
3362.64381
3363.12658
3364.56746
3365.53372
3368.89985
3369.38228
3370.34196
3370.82602
3371.30730
3371.78981
3372.75404
3374.67274
3375.15258
3376.59948
3377.55874
3379.00583
3379.48490
3379.96458
3386.21627
3387.18060
3387.66534
3388.62080
3391.02629
3392.94956
3397.28870
3399.20101
3400.16725
3401.13071
3403.54271
3404.98367
3405.46150
3440.10496
3442.49513
3445.38839
3445.86798
3446.35746
3448.75529
3449.23558
3449.71816
3454.05052
3455.00698
3455.96672
3456.45043
3456.92232
3457.41173
3457.88737
3458.86839
3459.32819
3470.40697
3470.88278
3471.36351
3472.33138
3472.80403
3474.26008
3475.21851
3475.69102
3479.06371
3479.53964
3480.02906
3480.98311
3481.94048
3482.41074
3482.91523
3483.39078
3484.36347
3484.83729
3486.27655
3486.75498
3487.23435
3487.71588
3488.20224
3488.67824
3489.16719
3489.64352
3492.05062
3492.52968
3493.01371
3493.50715
3493.97885
3494.45439
3494.93005
3495.41414
3497.33985
3497.82955
3498.29739
3498.77986
3499.26599
3499.74525
3500.23882
3500.70527
3501.18728
3502.15020
3502.63821
3505.04764
3505.51575
3506.48265
3506.96026
3507.44144
3507.92372
3508.40518
3508.88007
3509.36908
3509.84436
3510.32552
3510.80582
3511.77012
3512.25155
3512.74255
3513.21176
3513.69320
3514.17578
3514.65482
3515.14435
3515.62243
3544.48283
3544.96709
3545.44306
3545.92517
3546.40481
3546.88879
3547.36813
3547.84988
3548.33468
3548.81038
3549.29394
3549.77880
3550.26354
3550.73530
3551.21775
3551.69714
3552.17810
3553.14416
3553.62257
3554.10947
3555.06356
3557.95077
3558.42888
3559.39686
3560.35946
3560.83646
3561.31840
3561.79907
3562.28148
3562.75992
3563.24757
3563.72327
3564.20676
3564.68702
3565.16495
3565.64828
3566.61388
3567.09069
3567.57173
3568.05800
3571.41340
3571.89908
3572.37972
3575.27420
3576.71391
3577.19101
3578.16539
3578.63712
3579.11820
3580.57377
3581.04939
3593.54464
3594.02973
3594.51024
3595.00613
3595.47229
3601.72816
3602.68137
3612.77996
3627.70193
3642.60490
3643.09544
3654.17084
3655.60187
3656.56312
3657.04549
3658.96558
3659.45707
3661.85682
3662.33536
3662.82164
3663.78334
3664.74450
3665.22468
3665.70905
3666.19059
3666.66973
3667.14546
3670.03400
3670.52407
3670.99647
3671.47712
3671.95901
3673.40223
3674.36003
3674.85225
3675.32798
3675.80737
3676.29180
3676.76636
3677.25149
3678.21662
3678.69111
3679.17756
3679.65877
3680.13650
3680.61785
3681.09815
3681.58166
3682.06320
