3325.59730
3326.15590
3328.39278
3328.95148
3330.62670
3333.42211
3333.98132
3334.54196
3336.21781
3337.33630
3340.13119
3340.69167
3341.24846
3342.36659
3342.92784
3344.04483
3345.16299
3345.72160
3346.28108
3346.83865
3350.19449
3350.75268
3352.42997
3352.98801
3354.66509
3355.22518
3355.78456
3356.90406
3357.46264
3358.01975
3358.57916
3359.13781
3359.69718
3360.25630
3360.81470
3361.37391
3361.93314
3362.49245
3363.05127
3364.72792
3365.28608
3365.84654
3369.20087
3369.75929
3370.31820
3370.87729
3371.43635
3371.99571
3374.23174
3374.79159
3375.34995
3376.46810
3377.03029
3377.58601
3379.26323
3379.82134
3386.53311
3387.08940
3387.65110
3388.20769
3388.76822
3389.32928
3390.44665
3391.00351
3391.56369
3393.24033
3393.79809
3394.35787
3397.15339
3397.71274
3398.27194
3398.83028
3399.38778
3399.94683
3400.50616
3401.06605
3401.62411
3402.18426
3403.30105
3404.41807
