3325.95105
3326.59983
3327.89855
3328.55105
3329.83151
3330.48140
3331.13142
3333.08047
3333.72977
3334.37886
3336.31593
3336.96158
3337.60243
3340.20371
3340.85137
3341.49487
3343.43449
3344.08623
3345.37292
3346.02236
3579.67841
3580.32635
3580.97369
3583.56408
3584.20157
3584.85618
3585.50468
3586.15028
3586.79760
3587.44577
3588.09294
3588.74189
3589.39009
3590.03578
3590.67447
3591.32803
3591.97527
3592.62648
3593.27062
3593.92012
3594.56653
3595.21280
3601.68876
3602.32872
3602.98277
3604.27302
3604.91898
3605.56811
3606.21587
3607.50986
3608.15698
3608.79845
3612.03724
3612.68914
3615.92646
3616.56259
3617.21120
3617.86495
3618.51157
3619.15939
