3325.59998
3326.51650
3327.43504
3328.35186
3331.10330
3332.01989
3332.93976
3333.85496
3334.77127
3335.68781
3336.60785
3337.52395
3340.27873
3341.19375
3342.10973
3343.02745
3343.94571
3344.86172
3345.77938
3346.69325
3350.36674
3351.28336
3352.20148
3654.90118
3655.81435
3656.73601
3658.56600
3659.48568
3660.40359
3661.32022
3662.23677
3663.15406
3664.08144
3664.98800
3665.91592
3666.82851
3669.57593
3670.49218
3671.41011
3673.24374
3674.16169
3675.07817
3675.99715
3676.91424
3677.83147
3678.75268
3679.66606
3680.58247
3681.50144
