3325.93084
3327.22176
3328.51013
3329.79882
3331.09027
3333.67187
3336.25141
3337.53839
3340.12264
3341.40967
3342.70098
3343.99094
3345.27994
3346.57015
3350.44083
3355.60004
3356.89010
3358.17970
3359.47056
3360.75992
3362.04950
3363.33884
3364.62967
3365.92153
3369.79002
3372.37051
3373.66165
3374.94902
3376.24120
3377.52902
3378.82009
3380.11198
3654.87677
3656.16747
3658.74700
3660.03712
3661.33060
3662.61652
3663.90796
3665.19854
3666.48775
3669.07101
3670.35654
3671.64682
3672.93542
3674.22755
3675.52025
3676.80768
3678.09806
3679.38807
3680.67772
3681.96695
