3712.09902
3712.84572
3713.59049
3714.33563
3715.08102
3715.82537
3716.57028
3717.31414
3718.05920
3718.80491
3719.54866
3720.29487
3721.03979
3721.78268
3722.52787
3723.27297
3726.25324
3726.99779
3727.74276
3728.48654
3729.23153
3729.97686
3730.72140
3731.46676
3732.21062
3732.95610
3733.70138
3734.44578
3735.19023
3735.93533
3736.68057
3738.91711
3739.65995
3740.40519
3741.14907
3741.89341
3742.63969
3743.38285
3744.12988
3744.87503
3745.61825
3746.36222
3747.10742
3747.85332
3748.59819
3749.34340
3752.32183
3753.06694
3753.81050
3754.55789
3755.30077
3756.04576
3756.79097
3757.53744
3758.28019
3759.02599
3759.77153
3760.51499
3761.25988
3762.00532
3762.74920
3817.86697
3818.61156
3819.35605
3820.10109
3820.84613
3821.58908
3822.33506
3823.08070
3823.82576
3824.57064
3825.31486
3826.06071
3826.80486
3827.54995
3829.78318
3830.52908
3832.01850
3832.76348
3833.50845
3834.25270
3834.99813
3836.48804
3837.23208
3837.97657
3838.72213
3839.46795
3840.21209
3840.95839
