3355.23592
3357.70186
3360.16232
3362.62476
3365.08746
3370.01538
3374.93996
3377.40244
3379.86534
3387.25121
3389.72103
3392.18143
3397.10680
3399.57030
3402.02535
3404.49503
3438.97918
3441.44313
3443.90557
3446.36879
3448.83149
3453.75770
3456.22021
3458.68394
3461.14760
3463.60804
3468.53480
3470.99846
3473.46265
3475.92397
3480.85087
3483.31354
3485.77793
3488.24109
3493.16322
3495.63120
3498.09398
3500.55646
3507.94909
3510.40765
3512.86864
3515.33363
3544.88989
3547.35233
3549.81466
3552.27910
3554.74223
3557.20401
3559.66745
3562.13055
3564.59387
3567.05695
3571.98452
3574.44745
3576.90544
3579.37157
3584.30335
3586.76586
3589.22274
3591.68707
3594.15041
3601.53859
3604.00320
3606.46547
3608.92809
3613.85434
3616.31706
3618.78058
3621.24402
3623.70064
3626.17055
3631.09639
3633.55759
3636.02182
3638.48362
3643.41106
3645.87461
3648.33675
3650.80074
3655.72631
3658.19042
3660.65193
3663.11588
3665.57832
3670.50412
3672.96666
3677.89459
3680.35693
