3354.69121
3355.97436
3356.61690
3357.25820
3357.90064
3359.82628
3361.75193
3364.31871
3364.96200
3366.88721
3371.38080
3373.94871
3374.59015
3375.23188
3376.51532
3379.72493
3386.78534
3388.07023
3390.63773
3394.48785
3397.69695
3398.33949
3400.26706
3400.90550
3401.54990
3402.18969
3403.47573
3405.40037
3438.77937
3439.42152
3441.34662
3441.98880
3442.63061
3444.55665
3445.19859
3445.84066
3446.48212
3447.76584
3448.40773
3449.04929
3449.69204
3452.25913
3452.90120
3454.82667
3455.46863
3456.11072
3456.75241
3458.03591
3458.67834
3459.31983
3459.96172
3461.88759
3462.52941
3463.17155
3626.21130
3626.85463
3629.42199
3630.06342
3633.27297
3636.48233
3641.61649
3642.26000
3642.90118
3643.54320
3644.82650
3645.46903
3646.11110
3648.67817
3649.32034
3649.96241
3651.88789
3652.52994
