3354.53338
3355.70943
3356.87226
3358.04140
3359.21533
3360.38799
3362.70647
3363.86368
3365.04669
3366.19660
3369.71083
3370.87503
3372.03835
3374.36811
3375.53243
3376.70591
3379.03370
3387.20827
3388.36873
3389.52838
3390.69399
3391.84866
3393.03794
3394.20354
3397.70157
3398.86850
3400.02288
3401.19720
3402.36523
3403.52932
3405.85654
3438.52000
3439.69546
3440.86032
3442.03010
3443.18855
3444.36227
3445.52021
3446.68908
3447.86447
3449.02056
3452.53167
3453.68890
3454.86146
3456.03314
3457.18990
3458.35805
3459.52300
3460.68483
3461.85357
3463.01996
3468.85144
3470.02868
3471.18554
3472.35245
3473.51877
3474.69183
3475.85545
3479.34988
3480.51597
3481.68602
3482.86141
3484.02643
3485.18590
3486.34913
3487.51971
3488.68657
3489.86080
3492.18512
3493.35095
3494.51245
3495.68112
3496.85338
3498.01502
3499.18306
3500.35455
3501.51800
3502.69081
3506.18362
3507.34953
3508.51617
3509.68060
3510.85490
3512.01450
3513.18170
3514.35450
3515.51124
3544.67700
3545.83718
3547.00822
3548.17829
3549.34958
3550.50311
3551.67468
3552.85553
3554.01197
3555.18272
3557.51340
3559.83701
3561.00383
3562.17682
3563.33531
3564.50477
3565.67734
3566.83983
3568.00660
3626.33354
3627.50747
3629.83717
3630.99808
3632.16951
3633.33999
3634.49632
3635.67206
3636.82699
3640.33203
3641.50609
3642.67073
3643.83348
3644.99549
3646.16272
3647.34043
3648.49959
3649.66250
3650.83923
3651.99753
3654.32492
3655.49821
3656.67095
3659.00410
3660.16249
3661.34141
3662.49603
3663.66020
3664.82854
3666.00073
3667.16177
3669.50102
3670.66237
3671.82647
3672.99976
3674.16112
3675.32418
3676.50375
3677.65937
3678.82685
3679.99408
3681.16143
