3326.12532
3326.87372
3328.36751
3330.59362
3331.33564
3332.82757
3333.57105
3334.31347
3335.80127
3336.54292
3338.03044
3340.27940
3341.01131
3341.75218
3342.50510
3343.24494
3343.98323
3344.73503
3345.46913
3346.21611
3349.93239
3350.67457
3352.16464
3352.91063
3354.39459
3355.14199
3355.88478
3356.62864
3357.37124
3358.11322
3359.60470
3360.34890
3361.83463
3362.57922
3363.32344
3364.06632
3364.81084
3365.55330
3366.30202
3369.27464
3371.50492
3372.25050
3372.99359
3374.48169
3375.22449
3376.71411
3377.45571
3378.21030
3378.94286
3379.68628
3386.38112
3387.12521
3388.61526
3389.34690
3390.11031
3390.84219
3391.58904
3393.07218
3393.82375
3394.54885
3397.53883
3398.27405
3399.02256
3399.77621
3400.50937
3401.25732
3402.74756
3403.49480
3404.23405
3404.97711
3438.44928
3439.19275
3439.93788
3440.68035
3441.42523
3442.16809
3442.91225
3443.65539
3444.39818
3445.14418
3445.88662
3446.63316
3447.37579
3448.11890
3448.86051
3449.60789
3451.84522
3452.57874
3453.32496
3454.07339
3454.81522
3455.55236
3456.29931
3457.04501
3457.78563
3458.53095
3459.28052
3460.01965
3460.77385
3461.50712
3462.25145
3462.99514
3468.94393
3469.69102
3470.43297
3471.17610
3471.93274
3472.66714
3473.40921
3474.15005
3474.89620
3475.64010
3476.38363
3478.62256
3479.34960
3480.10945
3480.85410
3481.59444
3482.34291
3483.06925
3483.81717
3484.57190
3485.31061
3486.05325
3486.80100
3487.54158
3488.28248
3489.02699
3489.77807
3493.49352
3494.23488
3494.98179
3495.72295
3496.47201
3497.20954
3498.70005
3499.45506
3500.93803
3502.42762
3505.39098
3506.12505
3506.87990
3507.62919
3508.36814
3509.11220
3509.85573
3510.60926
3511.34155
3512.08884
3512.82497
3513.57123
3514.31804
3515.06361
3544.81097
3545.55852
3546.30529
3547.04273
3547.79111
3548.53400
3549.27984
3550.02237
3550.76663
3551.50766
3552.25399
3552.99833
3553.74025
3554.48593
3555.22301
3557.45703
3558.20531
3559.69216
3560.43315
3561.17886
3561.92049
3562.66754
3563.42192
3564.15307
3564.89476
3565.64334
3566.38788
3567.13052
3567.87448
3570.84710
3571.59018
3572.33781
3573.08072
3573.82265
3574.56887
3575.31433
3576.05778
3576.80020
3577.54599
3578.28557
3579.02779
3579.78005
3580.51930
3581.26207
3584.23675
3584.98216
3585.72575
3586.46343
3587.21197
3587.95708
3588.69817
3589.44405
3590.18946
3590.93271
3591.67472
3592.41842
3593.16461
3593.90810
3594.65136
3595.39473
3601.34578
3602.08836
3602.83414
3604.32159
3605.06643
3605.80877
3606.55271
3607.29904
3608.04162
3608.78165
3611.76865
3612.50331
3613.24619
3613.99272
3614.73864
3615.47857
3616.22163
3616.96623
3617.71182
3618.45423
3619.19689
3619.94220
3620.68418
3621.42873
3622.17147
3622.91759
3623.66160
3625.88669
3626.63562
3627.38047
3629.61167
3630.35685
3631.09736
3631.84119
3632.58594
3633.33069
3634.07335
3634.80881
3635.56096
3636.30462
3637.04599
3640.76728
3641.51284
3642.25750
3643.00061
3643.74295
3644.48858
3645.23247
3645.97519
3646.71658
3647.46272
3648.20700
3648.94879
3649.69520
3650.43862
3651.18139
3651.92731
3652.65890
3654.90008
3655.64616
3656.38696
3657.12815
3658.61841
3659.36308
3660.10864
3661.59099
3662.33954
3663.08405
3663.82630
3664.56966
3665.31816
3666.05792
3666.80182
3669.04481
3669.77853
3670.52104
3671.26518
3672.75269
3673.49709
3674.23723
3674.98521
3675.72709
3676.47118
3677.21660
3677.96129
3678.70549
3679.44748
3680.19267
3680.93504
3681.67524
