3354.83323
3355.96704
3357.10515
3358.24340
3359.38233
3360.51720
3362.79204
3363.92803
3365.05963
3366.19673
3369.61325
3371.88788
3373.02011
3374.16093
3375.29862
3376.43629
3377.57269
3379.84730
3386.66943
3388.94221
3391.21556
3392.35641
3393.48962
3396.90092
3398.03722
3399.17679
3400.31258
3401.44930
3402.58617
3404.85976
3438.97222
3440.10875
3441.24481
3442.38291
3443.51976
3444.65702
3445.79462
3446.93205
3448.06835
3449.20558
3452.61579
3453.75331
3454.88998
3456.02714
3457.16315
3458.30170
3459.43879
3460.57610
3461.71223
3462.84925
3468.53724
3469.67385
3470.80892
3471.94838
3473.08429
3474.21896
3475.35494
3476.49299
3478.76800
3479.90504
3481.04235
3482.18064
3483.31595
3484.45168
3485.58845
3486.72652
3487.86431
3489.00151
3492.41224
3493.54945
3494.68616
3495.82375
3496.96080
3498.09857
3499.23563
3500.37236
3501.50922
3502.64528
3506.05644
3507.19390
3508.33104
3509.46776
3510.60475
3511.74136
3512.87870
3514.01573
3515.15215
3544.71574
3545.85172
3546.99090
3548.12640
3549.26531
3550.40095
3551.53832
3552.67368
3553.81320
3554.95010
3558.36225
3559.49982
3560.63510
3561.77197
3562.90926
3564.04519
3565.18362
3566.31770
3567.45635
3601.56723
3602.70426
3603.84127
3604.97922
3606.11560
3607.25214
3608.38971
3612.93806
3614.07254
3615.21178
3616.34930
3617.48461
3618.62327
3619.75915
3620.89758
3622.03345
3623.17100
3625.44485
3626.58273
3627.72148
3629.99250
3631.12935
3632.26573
3633.40441
3634.53950
3635.67899
3636.81458
3641.36387
3642.50180
3643.63551
3644.77443
3645.91109
3647.04756
3648.18475
3649.32383
3650.45876
3651.59810
3655.00819
3656.14541
3657.28345
3658.41885
3659.55520
3661.82966
3662.96671
3665.24088
3666.37754
3669.78915
3670.92602
3673.19903
3674.33785
3676.61096
3677.75005
3678.88518
3680.02279
3681.16001
