3328.64906
3331.08843
3333.52713
3336.37616
3337.18968
3338.00219
3340.44149
3341.25453
3342.88167
3343.69393
3346.54238
3349.79405
3350.60754
3354.67442
3358.33452
3359.96165
3360.77380
3362.40088
3363.21237
3364.83978
3365.65335
3369.31382
3370.93962
3371.75380
3374.19213
3379.48087
3438.44282
3439.25574
3440.06918
3442.91713
3443.73040
3444.54321
3445.35634
3446.16930
3447.79569
3448.60844
3449.42156
3453.89634
3454.70949
3455.52248
3456.33570
3457.14865
3457.96194
3458.77457
3459.58799
3460.40107
3461.21406
3462.02725
3469.75434
3470.56768
3471.38042
3473.00830
3475.85488
3476.66778
3480.73239
3481.54743
3482.36132
3483.98954
3488.45942
3492.52431
3493.34110
3494.15200
3497.81420
3499.44078
3500.25358
3501.87899
3507.98103
3512.04497
3512.85817
3513.67132
3514.48358
3515.30107
3544.98459
3545.79648
3546.61001
3547.42313
3548.23658
3551.89867
3553.52398
3554.33758
3555.14931
3557.59053
3558.40420
3559.21617
3561.25193
3562.06448
3563.69100
3564.50315
3565.31633
3566.94117
3567.75537
3573.04346
3573.85663
3574.66985
3575.48280
3576.29564
3577.10902
3577.92197
3578.73497
3580.36109
3584.02223
3584.83594
3585.64901
3587.27502
3588.08804
3588.90137
3590.52780
3591.34117
3594.18913
3595.00235
3601.50684
3605.16825
3605.98170
3607.60790
3608.42109
3609.23424
3611.67345
3612.48591
3615.33490
3616.14770
3616.96089
3617.77389
3618.58698
3619.40018
3621.02661
3621.83946
3622.65272
3627.93957
3630.37892
3632.81935
3633.63182
3636.48037
3637.29297
3641.35976
3642.17172
3642.98523
3643.79803
3646.64628
3647.45968
3648.27276
3649.08614
3649.89862
3650.71256
3651.52511
3652.33811
