3354.67997
3356.95238
3357.70622
3358.45736
3359.96958
3360.72797
3362.23276
3364.50638
3366.77045
3369.03994
3369.79810
3371.31060
3372.06169
3372.81680
3374.33138
3375.08421
3376.60062
3377.35564
3378.87058
3379.62418
3386.42584
3387.18620
3387.93716
3388.69489
3389.45155
3390.20760
3390.95968
3391.71488
3392.47293
3393.22767
3393.98392
3397.00907
3397.77424
3398.51986
3399.27577
3401.54190
3403.05458
3405.32529
3492.23901
3492.99484
3493.75446
3494.50758
3495.27202
3496.01745
3496.76973
3497.52762
3498.27711
3499.04362
3499.80055
3500.55769
3501.30869
3502.06999
3502.81841
3505.08979
3505.84678
3506.60685
3507.35645
3508.11219
3508.87137
3509.62590
3510.37834
3511.13490
3511.89323
3512.64536
3513.40237
3514.15690
3514.91158
3515.66886
3545.14663
3545.90056
3546.65492
3547.41899
3548.16442
3548.92363
3549.67359
3550.43791
3551.19293
3551.95007
3552.71245
3553.45768
3554.21347
3554.97511
3557.22613
3557.99882
3559.49955
3560.26767
3561.02288
3561.77376
3562.52985
3563.28139
3564.04281
3564.79662
3565.55479
3566.31245
3567.06633
3567.82058
3607.12501
3612.42750
3616.94299
3660.03215
3661.54455
3662.29889
3663.05563
3669.85833
3675.14973
3677.41958
3680.43931
