3354.91584
3356.46233
3358.01038
3359.55695
3362.65229
3364.19933
3365.74425
3368.84105
3370.38755
3371.93517
3373.48699
3375.03140
3376.57651
3379.67123
3545.22759
3546.77361
3548.32159
3549.87646
3551.41629
3552.96173
3554.51146
3557.60638
3560.70023
3562.24841
3563.79492
3565.34145
3566.88898
3600.92822
3602.47720
3604.02371
3605.56871
3607.11652
3608.66739
3613.30514
3614.85406
3616.40131
3617.94873
3619.49426
3621.03964
3622.59078
3625.68622
3627.23313
3630.32672
3631.86700
3633.42047
3634.96389
3636.51531
3641.15794
3642.70453
3644.25299
3645.79721
3647.34639
3648.89450
3650.44117
3651.98943
