3325.99202
3326.57267
3328.31803
3328.89766
3330.64479
3331.22901
3332.97552
3333.55535
3334.13900
3334.72160
3335.88518
3336.46748
3337.04946
3337.63638
3338.21481
3339.96115
3340.54308
3342.87224
3343.45768
3344.03530
3345.19985
3345.78505
3346.36535
3349.86083
3350.44174
3351.02409
3352.77005
3354.51562
3355.10246
3355.68360
3356.84629
3357.42926
3358.00678
3358.59481
3359.17438
3359.76017
3360.92436
3362.08811
3362.66909
3363.25002
3363.83202
3364.41521
3364.99616
3365.58154
3366.74651
3369.07410
3369.65382
3370.24035
3370.82314
3371.40418
3371.98497
3373.73177
3374.31382
3374.89564
3375.47525
3376.64126
3378.97022
3379.55457
3380.13121
3381.30040
3386.53977
3387.12235
3388.28542
3388.86927
3389.45075
3390.61389
3391.19755
3392.94356
3393.52658
3394.10784
3397.01992
3397.60230
3398.18369
3399.34838
3400.51416
3401.09464
3401.67872
3402.25891
3402.84142
3403.42602
3404.00974
3405.75317
3468.63569
3469.21592
3469.79916
3470.38075
3470.96468
3472.12701
3472.71010
3473.29421
3473.87558
3474.45913
3475.04156
3475.62140
3476.20436
3479.11514
3479.69674
3480.27969
3480.86247
3481.44485
3482.02803
3482.61129
3483.19303
3483.77354
3484.35441
3484.93808
3485.52040
3486.10226
3486.68482
3487.26574
3487.84924
3488.43112
3489.01284
3489.59622
3491.92464
3492.50682
3493.09191
3493.67103
3494.25375
3495.41669
3495.99958
3496.58134
3497.16403
3497.74827
3498.32965
3498.91093
3499.49329
3500.07477
3500.65697
3501.23956
3501.82185
3502.40286
3505.31602
3505.89779
3506.48067
3507.06061
3507.64465
3508.22707
3508.80816
3509.39080
3509.97390
3510.55393
3511.13910
3511.72016
3512.30229
3512.88309
3513.46654
3514.04850
3514.63423
3515.21146
3515.79808
3544.32424
3544.90642
3545.48963
3546.07162
3546.65664
3547.23661
3547.81885
3548.40286
3548.98280
3549.56735
3550.15065
3550.72911
3551.31279
3551.89638
3552.47558
3553.05884
3553.64048
3554.22416
3554.80630
3557.71776
3558.29926
3559.46565
3560.62916
3561.21274
3561.79163
3562.37509
3562.95502
3563.53834
3564.11845
3564.70398
3565.28416
3565.87076
3566.44964
3567.03390
3567.61392
3568.19767
3571.10920
3571.69167
3572.27331
3572.85584
3573.43584
3574.02027
3574.60128
3575.18290
3576.34819
3576.93062
3577.51328
3578.09411
3578.67821
3579.26084
3579.84126
3580.42507
3581.00673
3583.33604
3583.91491
3584.49812
3585.08221
3585.66724
3586.24629
3586.82826
3587.41032
3587.99327
3588.57431
3589.15737
3589.73926
3590.32104
3590.90789
3591.48584
3592.07086
3592.65170
3593.23388
3593.81526
3594.39842
3594.98033
3601.38542
3601.96583
3602.55200
3603.71191
3604.29526
3604.87788
3605.46041
3606.04194
3606.62366
3607.20740
3607.79068
3608.37006
3608.95401
3611.86149
3612.44550
3613.02724
3613.61129
3614.18965
3614.77462
3615.35955
3615.93980
3616.52312
3617.10486
3617.68657
3618.26840
3618.85081
3619.43416
3620.01487
3620.59987
3621.17913
3621.76273
3622.34293
3622.92712
3623.50938
3625.83819
3626.42211
3627.00339
3627.58588
3629.33193
3629.91356
3630.49421
3631.07954
3632.82432
3633.40733
3633.98840
3634.57170
3635.73570
3636.31982
3636.89985
3638.64850
3640.97751
3642.14258
3642.72239
3643.88678
3644.46926
3645.05216
3645.63318
3646.21784
3646.79743
3647.38154
3647.96522
3648.54513
3649.12780
3649.71160
3650.29216
3650.87458
3651.45469
3652.04203
3652.62029
3654.36761
3655.53308
3656.11243
3656.69664
3657.28290
3658.44659
3659.02768
3659.60640
3660.19248
3661.35604
3661.93631
3662.52078
3663.10149
3663.68348
3664.84805
3666.01422
3666.59394
3667.17770
3670.08774
3670.67184
3671.25315
3671.83417
3673.58173
3674.16366
3675.32883
3675.91155
3676.49378
3677.07583
3677.65797
3678.24010
3678.82104
3679.40380
3679.98710
3680.57276
3681.15116
3681.73356
