3325.88993
3328.16552
3330.43823
3332.71396
3334.98342
3337.25605
3341.80406
3344.07675
3346.35350
3350.89683
3355.44175
3357.71191
3359.98471
3362.25863
3364.53337
3366.80682
3369.07455
3371.35167
3373.62600
3375.88951
3378.16925
3387.26839
3389.53626
3391.80591
3394.08432
3398.62229
3400.90029
3403.17872
3405.44761
3439.54260
3441.81476
3444.08654
3446.36190
3448.63527
3453.17907
3455.45259
3457.72758
3460.01354
3462.27402
3469.09456
3471.36480
3473.63465
3475.91281
3480.45663
3482.72655
3485.00295
3487.27761
3489.54827
3546.37559
3548.64754
3550.92303
3553.19632
3557.74547
3560.01146
3562.28551
3564.55805
3566.83154
3571.37802
3573.65124
3575.92214
3578.19656
3580.47043
3585.01853
3587.28886
3589.56159
3591.83494
3594.10863
3600.91392
3603.20086
3605.47476
3607.74463
3612.29413
3614.56765
3616.83660
3619.11404
3621.38636
3623.65966
3625.93379
3630.47624
3632.75138
3635.02010
3637.29647
3641.84085
3644.11590
3646.38753
3648.66408
3650.93404
3655.48005
3657.74161
3660.02780
3662.29853
3664.57132
3666.84600
3669.11509
3671.39165
3673.66521
3675.93609
3678.21213
3680.48272
