3625.27794
3626.11478
3626.95039
3627.78507
3629.45631
3630.28936
3631.12428
3632.79501
3633.62923
3634.46497
3635.30035
3636.13496
3636.96951
3638.63913
3641.14411
3641.97903
3642.81315
3643.64830
3644.48311
3645.31817
3646.15424
3646.98934
3647.82449
3648.65856
3649.49354
3650.32813
3651.16316
3651.99817
3654.49659
3655.33796
3656.17621
3657.00917
3658.68023
3659.51348
3660.34797
3661.18209
3662.02026
3662.85266
3663.68707
3665.35287
3666.19419
3667.02656
3669.53817
3670.36745
3671.19996
3672.86847
3673.70569
3674.53793
3675.37101
3676.21065
3677.05073
3677.88179
3678.71509
3679.55402
3680.38750
3681.22067
3682.05513
