3354.73210
3356.32484
3357.92365
3359.52131
3362.71087
3364.30725
3365.90392
3369.09514
3370.69092
3372.28565
3373.88111
3375.47849
3377.07330
3386.64587
3388.24327
3389.84123
3391.43482
3393.02997
3397.81669
3399.41387
3401.00861
3402.60635
3404.19962
3405.79652
3439.30726
3440.90233
3442.49799
3444.09459
3445.69019
3447.28505
3448.88126
3452.07227
3453.66704
3455.26503
3456.86000
3458.45532
3460.05188
3461.64642
3463.24242
3469.62632
3471.22208
3472.81724
3474.41423
3476.00846
3479.20178
3480.79603
3482.39195
3483.98750
3485.58377
3487.17924
3488.77494
3491.96613
3493.56123
3495.15797
3496.75321
3498.34909
3499.94606
3501.54218
3506.32820
3507.92234
3509.51858
3511.11473
3512.71148
3514.30753
3515.90272
3544.62764
3546.22223
3547.81793
3549.41342
3551.00926
3552.60285
3554.20002
3557.39282
3560.58341
3562.17991
3563.77455
3565.37136
3566.96576
3571.75288
3573.34999
3574.94582
3576.54086
3578.13690
3579.73120
3581.32793
3584.51773
3586.11671
3587.71096
3589.30568
3590.90298
3592.49931
3594.09403
3600.47515
3602.07334
3603.67037
3605.26478
3606.86073
3608.45686
3611.65008
3613.24324
3614.83965
3616.43467
3618.03038
3619.62637
3621.22130
3622.81783
3626.00942
3627.60577
3629.20024
3630.79644
3632.39356
3633.98709
3635.58438
3637.18068
3638.77320
3640.37155
3641.96897
3643.56093
3645.15721
3646.75537
3648.34928
3649.94287
3651.54143
3654.73244
3656.33085
3657.92519
3659.52013
3661.11622
3662.71213
3664.30700
3665.90350
3669.09822
3670.68972
3673.88106
3675.47645
3677.07304
3678.66808
3680.26468
3681.85937
