3356.67084
3359.38302
3362.09584
3364.80907
3370.23388
3372.94569
3378.37236
3440.75901
3443.47168
3446.18528
3448.89644
3454.32292
3457.03473
3459.74681
3462.45968
3546.54871
3549.26078
3551.97344
3554.68605
3560.11010
3562.82326
3565.53577
3568.25155
3570.96223
3573.67359
3576.38641
3579.10085
3584.52420
3587.23686
3589.94915
3592.66192
3595.37377
3606.22339
3608.93758
3611.64972
3614.36167
3617.07473
3619.78826
3622.50149
3627.92528
3630.63861
3633.34992
3636.06263
3638.77619
3641.48765
3644.19997
3646.91353
3649.62510
3652.33850
