3354.64781
3357.87567
3361.11014
3364.34096
3370.80571
3374.03925
3377.26871
3380.50610
3386.96499
3390.21117
3393.42772
3399.90099
3403.12563
3438.69095
3441.91362
3445.14115
3448.37857
3454.84190
3458.07436
3461.30624
3471.00373
3474.23795
3480.69397
3483.93499
3487.16786
3493.62690
3496.86099
3500.08904
3506.55123
3509.79224
3513.01876
3545.33749
3548.57243
3551.80288
3555.04056
3558.27157
3561.50199
3564.73388
3567.96844
3603.52491
3606.75973
3613.21475
3616.44911
3619.68250
3622.91232
3626.14824
3629.37539
3632.60753
3635.84245
3642.30578
3645.54003
3648.76709
3651.99960
3655.23506
3658.46767
3661.69888
3664.93137
3671.39452
3674.62603
3677.85850
3681.09262
