3356.04203
3360.07500
3362.08670
3364.09415
3366.13462
3370.13623
3372.14559
3374.15701
3376.16886
3378.17272
3380.19875
3386.23135
3388.23640
3394.27366
3398.30858
3400.31605
3402.31756
3404.33489
3438.54426
3440.54888
3442.56660
3444.56821
3446.60422
3448.58191
3452.63016
3454.63477
3456.65101
3458.65487
3460.67403
3462.69023
3468.71693
3470.73087
3472.73049
3476.76341
3478.78118
3480.78300
3482.81457
3484.81646
3486.83992
3488.85211
3492.87555
3494.87649
3496.88935
3498.89844
3500.90562
3506.95017
3508.93869
3510.96780
3512.98359
3515.00914
3545.17158
3547.17673
3549.19244
3551.21318
3553.22998
3555.23164
3557.23753
3559.25655
3561.26621
3563.28484
3565.29569
3567.30074
3571.32166
3573.33789
3575.34644
3577.35440
3579.37423
3581.38138
3585.41183
3587.42231
3589.42969
3591.44399
3593.46070
3595.46803
3601.50247
3605.52686
3607.53382
3613.57606
3615.58387
3617.58684
3619.60758
3621.61253
3623.62781
3625.62536
3627.67821
3629.69101
3631.67952
3633.69115
3635.69209
3641.73393
3643.76691
3645.74887
3647.77181
3649.78833
3651.82192
