3386.72556
3387.97427
3389.22546
3390.47826
3391.72873
3392.97983
3394.22999
3397.98487
3399.23479
3400.48812
3401.73455
3402.98792
3404.23823
3405.49144
3469.29025
3470.54454
3471.79167
3473.04859
3474.29463
3475.54771
3476.80229
3479.30165
3480.55402
3481.80805
3483.05489
3484.30728
3485.55741
3486.80623
3488.05887
3489.30939
3493.06292
3494.31586
3495.56343
3496.81607
3498.06732
3499.32578
3500.56678
3501.81993
3505.57396
3506.82359
3508.07752
3509.32773
3510.57874
3511.82802
3513.08167
3514.33221
3515.58145
3544.35920
3545.60728
3546.85928
3548.10962
3549.36094
3550.61019
3551.86282
3553.11314
3554.36545
3558.11668
3559.36918
3560.61894
3561.87186
3563.12342
3564.37412
3565.62483
3566.87552
3568.12847
3570.62854
3571.88024
3573.13023
3574.38204
3575.63205
3576.88362
3578.13452
3579.38569
3580.63607
3584.39024
3585.64076
3586.89355
3588.14215
3589.39359
3590.64653
3591.89673
3593.14780
3594.39926
3654.44952
3655.69830
3656.95101
3658.19883
3659.45165
3660.70531
3661.95452
3663.20588
3664.45612
3665.70741
3666.95869
3669.46319
3670.71198
3671.96200
3673.21533
3674.46514
3675.71528
3676.96898
3678.21987
3679.46961
3680.72139
3681.97185
