3354.43173
3355.73755
3357.04140
3358.34636
3359.65227
3360.95840
3362.26116
3363.57079
3364.87127
3368.78794
3370.09207
3371.39630
3372.70162
3374.00599
3375.31102
3376.61590
3379.22582
3387.05671
3388.36161
3389.66517
3390.97107
3393.58341
3397.49538
3398.79960
3400.10389
3401.41097
3402.71349
3404.01989
3405.32585
3439.25490
3440.55924
3441.86408
3443.16940
3444.47427
3445.78053
3447.08463
3448.38942
3449.69484
3452.30347
3453.60939
3454.91369
3456.21874
3457.52374
3458.82916
3460.13527
3461.43876
3462.74390
3469.26846
3470.57332
3471.87908
3473.18393
3474.48802
3475.79309
3478.41001
3479.70821
3481.01387
3482.31885
3483.62260
3484.92795
3486.23331
3487.53847
3488.84313
3492.75921
3494.06267
3495.36826
3496.67323
3497.97785
3499.28247
3500.58837
3501.89258
3505.80732
3507.11397
3508.41734
3509.72259
3511.02706
3512.33238
3513.63688
3514.94235
3569.74865
3571.05590
3572.36200
3573.66564
3574.97098
3576.27664
3577.58052
3578.88224
3580.19101
3581.49541
3584.10541
3585.41046
3586.71663
3588.02033
3589.32556
3590.63113
3591.93507
3593.23996
3594.54534
3601.06976
3602.37464
3603.68174
3604.98573
3606.29004
3607.59511
3608.90044
3612.81386
3614.11974
3615.42391
3616.72932
3618.03481
3619.33989
3620.64447
3621.94972
3623.25496
3625.86424
3627.17521
3629.78091
3631.08437
3632.38921
3633.69548
3634.99871
3636.30410
3641.52460
3642.82890
3644.13347
3645.43883
3646.74400
3648.04816
3649.35352
3650.65892
3651.96438
3654.57410
3655.87924
3657.18339
3658.48933
3659.79367
3661.09788
3662.40527
3663.70815
3665.01358
3666.31858
3670.23317
3671.53799
3672.84246
3674.14814
3676.75730
3678.06274
3679.36751
3680.67404
3681.97791
