3325.60944
3326.26765
3326.93002
3327.58051
3328.24104
3328.89684
3330.87454
3333.50441
3334.16015
3334.82399
3335.47635
3336.13293
3336.79439
3338.10978
3340.74037
3342.05634
3342.72265
3343.37621
3344.03260
3345.34570
3346.00688
3347.31794
3349.95394
3350.61692
3351.93061
3352.58623
3354.56006
3355.22232
3355.87513
3356.53130
3357.19260
3357.84789
3358.50620
3359.82795
3361.79644
3362.45971
3363.11197
3364.43677
3365.08639
3365.74708
3366.39352
3369.03395
3369.69052
3370.35577
3371.00936
3371.67537
3372.32127
3372.98003
3374.30321
3374.95241
3376.27072
3376.92837
3377.58417
3378.90516
3379.56775
3386.80234
3387.45729
3388.11538
3388.77414
3389.42754
3390.74846
3391.40896
3393.38393
3397.32670
3397.98370
3399.30009
3401.26736
3402.59551
3403.24731
3403.90548
3405.22467
