3355.90208
3357.56645
3359.23055
3360.89588
3362.56065
3364.22524
3365.88920
3369.21875
3370.88333
3372.54844
3374.21310
3375.87784
3377.54264
3379.20683
3380.87143
3387.53046
3389.19434
3390.85944
3392.52295
3394.18911
3397.51844
3399.18268
3400.84822
3402.51161
3404.17721
3405.84142
3439.13462
3440.79976
3442.46340
3444.12814
3445.79262
3447.45782
3449.12239
3452.45161
3454.11701
3455.78124
3457.44623
3459.11044
3460.77507
3462.43963
3469.09895
3470.76381
3472.42778
3474.09294
3475.75753
3479.08640
3480.75138
3482.41590
3484.08110
3485.74524
3487.41016
3489.07540
3492.40492
3494.06871
3495.73313
3497.39785
3499.06257
3500.72750
3502.39192
3505.72125
3507.38619
3509.05016
3510.71541
3512.37930
3514.04530
3515.70904
3570.64275
3572.30794
3573.97293
3575.63776
3577.30224
3578.96695
3580.63073
3583.96066
3585.62473
3587.28993
3588.95436
3590.61877
3592.28363
3593.94903
3600.60835
3602.27165
3603.93642
3605.60084
3607.26565
3608.93054
3612.25952
3613.92628
3615.58909
3617.25403
3618.91826
3620.58363
3622.24769
