3386.23229
3387.13355
3388.03162
3388.93009
3390.73030
3391.63017
3392.53025
3393.42727
3394.32654
3397.02508
3397.92221
3398.82212
3399.72706
3401.52949
3402.42757
3403.32340
3404.22369
3405.12017
3468.98669
3469.88549
3470.78494
3472.58363
3473.48345
3474.38223
3475.28218
3476.18242
3478.86722
3479.78186
3480.68023
3481.57413
3482.47979
3483.37913
3484.28297
3485.18286
3486.08346
3486.97692
3487.88624
3488.77554
3489.66467
3492.36803
3493.26235
3494.16767
3495.06896
3495.97510
3496.87814
3497.78127
3498.66443
3499.56756
3500.46648
3501.36565
3502.27162
3505.86084
3506.77537
3507.66705
3508.56615
3509.46410
3510.35846
3511.25745
3512.16034
3513.06496
3513.96086
3514.86423
3515.75881
3544.54450
3545.44399
3546.34213
3547.24291
3548.14194
3549.04072
3549.94032
3550.83999
3551.73921
3552.63850
3553.53933
3554.43794
3558.03575
3559.83479
3560.73493
3561.63440
3562.53327
3563.43299
3564.33242
3565.23170
3566.13258
3567.03082
3567.93084
3569.72940
3570.63080
3571.52866
3572.42784
3573.32777
3574.22710
3575.12634
3576.02566
3576.92522
3577.82492
3578.72436
3579.62378
3580.52340
3581.42502
3583.22259
3584.12028
3585.02030
3585.92155
3586.82013
3587.71969
3588.61971
3589.51697
3590.41720
3591.31635
3592.21495
3593.11630
3594.01593
3594.91442
3654.28315
3655.18349
3656.08043
3656.98023
3658.77986
3659.67930
3660.57813
3661.47725
3662.37667
3663.27648
3664.17847
3665.07587
3665.97501
3666.87448
3669.56993
3670.47197
3671.37281
3673.17204
3674.07049
3674.96913
3675.86816
3676.76837
3677.66796
3678.56860
3679.46544
3680.36686
3681.26523
3682.16761
