3354.93043
3355.70974
3356.48967
3357.26778
3359.60625
3361.94600
3362.72571
3363.50385
3364.28297
3365.06341
3365.84175
3366.61897
3368.95995
3369.73901
3370.51712
3371.29698
3372.07692
3372.85594
3374.41567
3375.19158
3376.75294
3377.53420
3378.31228
3379.09210
3386.88977
3388.44972
3390.78577
3391.56185
3393.12255
3393.90604
3397.01752
3397.79814
3399.35812
3400.91528
3401.69573
3403.25668
3468.72207
3469.50092
3470.27988
3471.05978
3471.83795
3472.61961
3473.39839
3474.17772
3474.95699
3475.73667
3476.51599
3478.85376
3479.63235
3480.41215
3481.19251
3481.97231
3482.74972
3483.53105
3484.30997
3485.08838
3485.86759
3486.64843
3487.42677
3488.20793
3488.98558
3489.76562
3492.10379
3492.88277
3493.66245
3494.44138
3495.22145
3496.00113
3496.77968
3497.55997
3498.34007
3499.11980
3499.89723
3500.67733
3501.45749
3502.23556
3505.35260
3506.13391
3506.91363
3507.69312
3508.47061
3509.25149
3510.02915
3510.81020
3511.58774
3512.36881
3513.14893
3513.92689
3514.70576
3515.48602
3544.32136
3545.10427
3545.88265
3546.66177
3547.44000
3548.22119
3548.99828
3549.78047
3550.55898
3551.33888
3552.11873
3552.89629
3553.67703
3554.45591
3555.23622
3558.35380
3560.69099
3561.46988
3562.24925
3563.80979
3564.58850
3565.36872
3566.14673
3566.92565
3567.70558
3570.82367
3571.60165
3572.38345
3573.16117
3573.94052
3574.72028
3575.49805
3576.27913
3577.05863
3577.83732
3578.61772
3579.39666
3580.17678
3580.95543
3583.29268
3584.07502
3585.63105
3587.18971
3587.96983
3588.74991
3589.52896
3590.30966
3591.08711
3591.86703
3593.42657
3594.20620
3594.98401
3600.43962
3601.22515
3602.78476
3604.34682
3605.11723
3605.88819
3608.22857
3609.01005
3612.91059
3613.69240
3615.23872
3616.02658
3616.81100
3617.59405
3618.36941
3619.15178
3620.70363
3621.47832
3622.26702
3626.16137
3626.93816
3627.72145
3629.27789
3630.05779
3630.83900
3632.39762
3633.17466
3633.95874
3634.73429
3635.51991
3636.29547
3638.62990
3641.75037
3642.52662
3644.08534
3644.86708
3645.64709
3646.42462
3647.20588
3647.98267
3648.76306
3649.54531
3650.32476
3651.10261
3651.88127
3652.66132
3655.77938
3656.55805
3658.89524
3659.67441
3660.45424
3662.01421
3662.79334
3663.57044
3664.35153
3665.13175
3665.90927
3666.68976
3667.47084
3669.80775
3670.58674
3671.36489
3672.92418
3673.70412
3674.48350
3675.26365
3676.04229
3676.82173
3677.60068
3678.37860
3679.15829
3679.94014
3680.71896
3681.49766
