3386.68887
3388.51209
3390.33425
3392.15573
3393.98111
3397.62436
3399.44732
3401.27046
3403.09367
3404.91617
3468.71200
3470.53396
3472.35886
3474.18048
3476.00333
3479.64847
3481.47144
3483.29490
3485.11637
3486.93975
3488.76279
3492.40764
3494.23083
3496.05356
3497.87748
3499.69924
3501.52199
3505.16806
3506.99079
3508.81387
3510.63554
3512.45846
3514.28101
3545.26820
3547.09114
3548.91274
3550.73663
3552.55888
3554.38173
3558.02680
3559.85086
3561.67340
3563.49563
3565.31790
3567.14082
3654.63260
3656.45732
3660.09966
3661.92155
3663.74529
3665.56853
3667.39154
3669.21455
3671.03872
3672.86044
3674.68332
3676.50564
3678.32917
3680.15072
3681.97448
