3387.78475
3389.66288
3391.55063
3393.43692
3397.20470
3399.09242
3400.98159
3402.86311
3404.73601
3468.83688
3470.71984
3472.60311
3474.48973
3476.37338
3480.14219
3482.03214
3483.92056
3485.80555
3487.68593
3489.56768
3493.34097
3495.22330
3497.10770
3498.99386
3500.88145
3502.76149
3506.53695
3508.41870
3510.30453
3512.19068
3514.07259
3600.78570
3602.67000
3604.55538
3606.43476
3608.32647
3612.09217
3613.98410
3615.86577
3617.77042
3619.63487
3621.52092
3623.41029
3627.17488
3629.05680
3630.94623
3632.82762
3634.71479
3636.60102
3638.48662
3640.37580
3642.25807
3644.13768
3646.02465
3647.90586
3649.79377
3651.68057
3655.45749
3657.33646
3659.21644
3661.10129
3662.99535
3664.87676
3666.75904
3670.52944
3672.42188
3674.30068
3676.20124
3678.06960
3679.95223
3681.83926
