3685.43648
3686.51834
3687.05223
3687.60569
3690.30860
3691.40674
3693.55884
3694.10320
3694.63727
3695.18637
3695.74115
3698.48326
3698.98077
3700.07109
3700.60548
3701.14790
3702.22365
3702.77589
3703.84506
3704.94758
3708.20221
3709.28447
3709.81981
3711.98931
3712.52675
3713.60903
3715.77452
3716.31981
3716.85955
3717.94894
3718.48855
3719.02697
3719.56699
3720.64978
3721.20301
3722.28199
3723.36153
3726.06640
3726.61461
3727.16237
3727.69620
3728.23410
3729.86425
3730.40326
3730.94855
3731.48817
3732.03202
3732.58218
3733.11616
3733.64561
3734.20023
3735.28353
3735.81851
3736.36776
