3327.84687
3330.24954
3332.64995
3335.02739
3337.40202
3342.24449
3344.61590
3347.01549
3351.83150
3356.62150
3358.96812
3361.38418
3363.81803
3366.17383
3370.96752
3373.34610
3375.77625
3378.15142
3380.57657
3440.47769
3442.90137
3445.30221
3447.69303
3452.50779
3454.89312
3457.28980
3459.68557
3462.08257
3469.26456
3471.67552
3474.06017
3476.45258
3481.25509
3483.66792
3486.05015
3488.42788
3545.97856
3548.37304
3550.76526
3553.15256
3557.94262
3560.32281
3562.72583
3565.15571
3567.52541
3627.48476
3629.87662
3632.29315
3634.68312
3637.05897
3641.84704
3644.26417
3646.65547
3649.06276
3651.44859
3656.23123
3658.63682
3661.04129
3663.44119
3665.79414
3670.61561
3673.01623
3675.42262
3677.80711
3680.22360
