3326.11681
3327.35602
3328.59961
3329.83937
3331.07494
3332.31233
3333.55170
3334.78801
3336.02828
3337.26854
3340.98565
3342.22961
3343.46487
3344.70075
3345.94268
3347.18027
3349.65905
3350.89865
3352.14236
3354.61126
3355.85263
3357.09257
3358.33262
3359.56724
3360.81131
3362.05065
3363.28840
3364.52690
3365.77169
3369.48395
3370.72852
3371.96275
3373.20124
3374.44056
3375.68200
3376.91970
3379.39850
3380.63899
3468.61334
3469.85367
3471.08937
3472.34123
3473.56538
3474.81291
3476.04529
3479.76000
3481.00237
3482.25254
3483.48257
3484.73272
3485.95253
3487.19774
3488.43456
3489.67845
3544.19323
3545.44585
3546.67367
3547.91108
3549.15391
3550.38724
3551.62494
3552.88159
3554.11296
3557.82956
3560.30628
3561.53900
3562.78245
3564.02477
3565.26383
3566.50179
3567.73745
3654.47151
3655.71891
3656.96295
3658.20069
3659.42895
3660.67687
3661.91274
3663.14936
3664.38801
3665.62943
3666.86390
3669.34929
3670.58790
3671.82989
3673.05690
3674.30370
3675.52892
3676.77977
3678.02027
3679.25939
3680.49780
3681.73744
