3355.10432
3357.51386
3359.91069
3362.31388
3363.50904
3364.70135
3365.90227
3369.50253
3370.70168
3371.89816
3373.10856
3374.29673
3375.49861
3376.69566
3379.09586
3386.29437
3387.49730
3388.69243
3391.09035
3393.49035
3397.08295
3398.28725
3399.48537
3401.88321
3403.08522
3404.27978
3405.48162
3439.06053
3440.25979
3441.45730
3442.65791
3443.85538
3445.06001
3446.25727
3447.45698
3448.65570
3452.25341
3453.45881
3454.65432
3455.85540
3457.04876
3458.25219
3459.45223
3460.64712
3461.84696
3463.04853
3469.04516
3470.23035
3471.44111
3472.64894
3473.83633
3475.03638
3476.24242
3478.63501
3479.84475
3481.03812
3482.23781
3483.43615
3484.63581
3485.83926
3487.03813
3488.22332
3489.43507
3544.59700
3545.79430
3546.99930
3548.19365
3549.39544
3550.59447
3551.79361
3552.99282
3554.18832
3557.79375
3560.19631
3561.38550
3562.58752
3563.78495
3564.97942
3567.37822
3626.14740
3627.34341
3629.74037
3630.93546
3632.12412
3633.33909
3634.54198
3636.93686
3641.73541
3642.93281
3644.13203
3645.32910
3646.53563
3647.72862
3648.92789
3651.32698
3652.52778
3656.12015
