3326.61571
3329.64481
3335.74380
3344.81175
3350.87555
3356.94204
3360.00335
3363.00534
3369.09007
3375.11251
3378.16990
3390.29929
3393.31886
3399.39184
3402.42512
3405.44221
3438.79651
3441.82642
3444.85670
3447.88591
3453.95642
3456.98600
3460.01497
3463.04431
3469.10732
3472.13930
3475.17357
3481.24677
3484.26622
3487.29958
3496.40337
3499.42572
3502.46570
3505.48304
3508.51792
3511.53533
3514.59734
3572.19644
3575.21689
3578.24792
3581.27805
3584.32043
3587.34387
3590.37525
3593.40312
3602.49965
3605.53052
3608.56729
3617.66234
3620.67415
3623.70630
3626.73860
3629.79302
3632.83278
3635.84912
3641.91469
3644.92982
3647.97799
3651.00121
3657.06709
3660.10007
3663.13246
3666.16102
3669.19491
3675.25484
3678.28872
3681.32142
