3355.89653
3358.22788
3360.55581
3362.88838
3365.21623
3369.87598
3372.20787
3374.53722
3376.86974
3379.19698
3386.18549
3388.51728
3390.84708
3393.17823
3397.83820
3400.16772
3402.49549
3404.82650
3439.77708
3442.10765
3444.43681
3446.76575
3449.09564
3453.75618
3456.08663
3458.41496
3460.74472
3463.07434
3470.06575
3472.39734
3474.72894
3479.38257
3481.71779
3484.04383
3486.37710
3488.70215
3493.36535
3495.69470
3498.02645
3500.35516
3502.68482
3507.34533
3509.67366
3512.00487
3514.33392
3546.95376
3549.28399
3551.61265
3553.94506
3560.93272
3563.26689
3565.59416
3567.92482
3572.58535
3574.91548
3577.24600
3579.57497
3584.23449
3586.56277
3588.89291
3591.22389
3593.55606
3626.17517
3630.83408
3633.16385
3635.49455
3637.82393
3642.48378
3644.81403
3647.14276
3649.47415
3651.80204
3654.13371
3656.46342
3658.79244
3661.12214
3663.45185
3665.78322
3670.44307
3672.77176
3675.10263
3677.43162
3679.76341
3682.09040
