3355.46868
3358.35735
3361.35302
3364.28256
3369.97840
3373.01917
3375.86267
3378.75638
3387.56672
3390.46526
3393.30470
3399.11110
3402.19940
3405.05529
3440.00142
3442.91294
3445.82013
3448.72768
3454.59980
3457.51429
3460.39854
3469.20014
3472.04588
3474.96155
3480.77981
3483.68316
3486.61577
3489.55475
3492.49329
3495.35958
3498.27989
3501.18315
3506.99878
3509.94649
3512.85259
3515.74429
3544.97277
3547.76933
3550.81533
3553.63859
3562.33570
3565.52842
3568.23072
3570.97918
3574.10534
3576.92279
3579.87164
3585.54494
3588.51429
3591.50265
3594.35375
3626.45550
3629.36928
3632.38310
3637.96848
3641.11295
3644.07206
3646.89359
3649.80542
3658.48144
3661.50390
3664.35098
3667.27804
3670.17067
3673.05080
3679.02381
3681.80377
