3571.29081
3572.17415
3573.05911
3573.94188
3574.82678
3575.70937
3576.59496
3577.47895
3578.36348
3579.24819
3580.13241
3581.01637
3583.66951
3584.55251
3585.43777
3586.32274
3587.20525
3588.08868
3588.97646
3589.85678
3590.74180
3591.62536
3592.50958
3593.39513
3594.27890
3595.16280
3600.46968
3601.35344
3602.23665
3604.00496
3604.88958
3605.77385
3606.65817
3607.54259
3608.42646
3609.31063
3611.96329
3612.84736
3613.73092
3614.61410
3615.49956
3616.38384
3617.26720
3618.15234
3619.03549
3619.92002
3620.80266
3621.68851
3622.57242
3623.45640
