3684.40848
3684.94641
3685.48281
3686.01836
3686.55436
3687.09198
3687.62816
3689.24016
3689.77314
3690.30985
3690.84671
3691.38353
3692.45859
3693.53110
3694.60364
3695.13684
3695.67604
3698.35863
3698.89703
3699.96907
3700.50602
3701.03964
3701.57554
3702.11583
3703.18689
3703.72446
3704.26184
3704.79666
3705.33624
3706.94585
3707.48186
3708.01670
3708.55499
3709.08997
3709.62662
3711.77470
3712.30890
3712.84551
3713.38281
3713.91867
3714.45801
3714.99305
3715.52941
3716.06517
3716.60233
3717.13838
3717.67470
3718.21154
3718.75004
3719.28468
3719.82128
3720.35918
3721.42952
3721.96771
3722.50501
3723.04135
3726.25987
3726.79770
3727.33436
3727.86819
3728.40553
3728.94156
3730.01556
3730.55159
3731.08829
3731.62594
3732.16226
3732.69781
3733.23524
3733.77304
3734.30674
3734.84548
3735.38166
3735.92067
3736.45555
3736.99175
