3354.89365
3357.85688
3360.81707
3363.77580
3366.73794
3369.69992
3372.66182
3375.62543
3387.46625
3390.42859
3393.38913
3399.30668
3402.26967
3405.23086
3440.76118
3443.72021
3446.68300
3449.64338
3452.60441
3455.56688
3458.52690
3461.48847
3470.37072
3473.32834
3476.29429
3479.25236
3482.21350
3485.17540
3488.13538
3494.05798
3497.01919
3499.98046
3505.90216
3508.86213
3511.82481
3514.78511
3547.35421
3550.31594
3553.27629
3559.19804
3562.16043
3565.12175
3568.08395
3571.04727
3574.00335
3576.96600
3579.92461
3585.84535
3588.80757
3591.76832
3594.73099
3600.65288
3603.60955
3606.57278
3612.49781
3615.45559
3618.41662
3621.37851
3627.29811
3630.25887
3633.22254
3636.18201
3642.10599
3645.06623
3648.02815
3650.98804
3656.90906
3659.86983
3662.82996
3665.79127
3671.71288
3674.67529
3677.63528
3680.59818
