3326.38118
3332.93598
3336.21531
3342.76973
3346.04330
3352.59810
3355.87657
3359.15103
3362.43039
3365.70495
3368.98484
3372.25855
3375.53775
3378.81310
3388.64917
3391.92043
3398.47794
3401.75198
3405.03121
3441.07362
3444.35012
3447.62969
3454.18352
3457.45838
3460.73694
3470.56635
3473.84494
3480.39918
3483.67385
3486.95264
3493.50638
3496.78062
3500.05974
3506.61360
3509.88742
3513.16747
3545.93631
3549.21120
3552.49028
3562.31872
3565.59780
3572.15140
3575.42652
3578.70513
3585.25963
3588.53446
3591.81311
3595.08863
3601.64151
3604.92107
3608.19509
3611.47462
3614.74906
3618.02839
3621.30313
3627.85658
3631.13551
3640.96355
3644.24371
3647.51812
3650.79741
3657.35551
3660.62590
3663.90392
3667.17958
3670.45879
3673.73464
3677.01265
3680.28660
