3328.63343
3332.90965
3337.12107
3341.37840
3345.66478
3349.88490
3358.35769
3362.64193
3371.21926
3375.36444
3379.64441
3388.15000
3392.39617
3400.87967
3439.17709
3443.42857
3447.65170
3451.89301
3456.17279
3460.43712
3468.93057
3473.17342
3481.71044
3485.90747
3545.45233
3549.61019
3553.94574
3558.21984
3562.45829
3566.71147
3570.96555
3575.19739
3579.44792
3583.71069
3587.96701
3592.23289
3600.69388
3604.94235
3609.19281
3613.45458
3617.69405
3621.94760
3626.23084
3630.46149
3634.71837
3643.21532
3647.46106
3651.70957
3655.94866
3660.21827
3664.46582
3672.92876
3677.22688
3681.48553
