3325.59200
3326.64235
3327.78551
3328.74249
3329.81161
3330.86526
3331.92895
3332.97667
3334.03754
3335.07975
3336.14444
3337.20630
3340.37672
3341.42722
3342.48891
3344.58034
3345.65457
3349.87468
3350.93151
3351.98922
3355.16247
3357.26530
3358.33143
3360.44147
3362.54920
3364.66843
3365.71077
3371.01219
3372.07517
3373.10674
3374.17172
3375.23042
3376.28947
3377.34061
3378.39199
3379.44826
3386.86401
3387.89997
3388.96432
3391.05977
3393.19202
3394.23313
3398.46754
3399.52356
3400.57380
3401.62990
3404.79807
3438.60272
3439.66741
3440.69422
3444.95353
3448.12152
3449.18321
3452.32849
3454.45810
3456.54714
3458.68455
3459.73441
3460.81045
3462.90410
3469.24946
3471.34505
3472.39488
3473.46960
3475.54444
3476.61248
3479.79618
3480.84409
3481.90973
3482.96419
3485.07693
3486.12727
3487.19954
3488.23980
3489.30826
3553.72377
3560.05096
3561.22572
3562.18234
3567.48090
3570.68342
3573.78271
3574.85150
3579.10347
3584.27361
3587.50501
3589.62811
3590.69934
3591.70710
3601.24485
3602.30829
3603.36004
3604.43653
3607.60878
3608.65705
3612.88581
3614.99499
3616.04017
3617.09653
3618.14977
3619.20071
3620.27232
3621.34261
3623.44686
3630.84596
3632.94842
3633.99499
3637.15382
3641.36966
3647.73312
3651.00563
3655.12244
3659.35349
3661.43237
