3354.68880
3356.78408
3357.48184
3358.18187
3359.57799
3360.27266
3362.37122
3363.07068
3365.16396
3365.86259
3369.35355
3371.44886
3372.14645
3372.84572
3374.24150
3374.94118
3376.33579
3377.03494
3377.73228
3379.12973
3388.20674
3438.48333
3439.18170
3439.88028
3440.57839
3441.27616
3441.97468
3442.67408
3443.37126
3444.76779
3445.46807
3446.16524
3446.86331
3447.56183
3448.26023
3448.95864
3449.65542
3451.75328
3452.45084
3453.14868
3453.84701
3454.54462
3455.24289
3455.94083
3456.63847
3457.33876
3458.03556
3458.73589
3459.43121
3460.13165
3460.82948
3461.52621
3462.22548
3462.92526
3468.51003
3469.20787
3469.90639
3470.60541
3471.30222
3472.00092
3472.69966
3473.39776
3474.09679
3474.79530
3475.49189
3476.19159
3478.98604
3479.68104
3480.38073
3481.07885
3481.77221
3482.47680
3483.17192
3483.87339
3484.57193
3485.26747
3485.96774
3486.66598
3487.35963
3488.05939
3488.76220
3489.45993
3492.25239
3492.95074
3493.64759
3494.34562
3495.04338
3495.74396
3496.43940
3497.13977
3497.83866
3498.53706
3499.23376
3499.93333
3500.63144
3501.33126
3502.02953
3502.72779
3505.51800
3506.21564
3506.91445
3507.61490
3508.31385
3509.01047
3509.70854
3510.40990
3511.10585
3511.80231
3512.50106
3513.20117
3513.89741
3514.59659
3515.29612
3571.15830
3571.85660
3572.55473
3573.25326
3573.95097
3574.64888
3575.34697
3576.04710
3576.74476
3577.44363
3578.13991
3579.53827
3580.23431
3580.93408
3583.02826
3583.72727
3584.42640
3585.12466
3585.82248
3586.52044
3587.21865
3587.91647
3588.61574
3589.31208
3590.01170
3590.70934
3591.40850
3592.10571
3592.80534
3593.50335
3594.20070
3594.90094
