3684.20633
3684.98867
3685.77384
3686.56237
3687.34589
3688.13403
3688.92771
3689.70971
3690.48757
3691.27638
3692.06437
3692.85859
3693.64083
3694.42790
3695.21132
3695.99505
3698.36103
3699.13864
3699.92544
3700.71259
3701.50216
3702.28662
3703.07425
3703.85916
3704.64099
3705.43707
3707.00117
3707.78853
3708.57888
3709.35936
3711.71954
3712.51058
3713.29351
3714.08121
3714.86452
3715.65410
3716.43765
3717.22283
3718.00930
3718.79540
3719.58552
3720.37018
3721.15274
3721.94160
3722.72603
3723.51205
3725.86990
3726.65864
3727.44802
3728.23131
3729.01746
3729.80807
3730.59074
3731.37576
3732.16195
3732.95295
3733.73526
3734.52176
3735.30998
3736.09586
3736.88302
