3326.58075
3328.27253
3328.83685
3330.53068
3331.09408
3333.35259
3333.91628
3334.47961
3335.60810
3336.17174
3337.30084
3340.12229
3341.25088
3341.81426
3342.37858
3342.94205
3343.50768
3344.07180
3345.19990
3345.76410
3346.32793
3346.89351
3350.27810
3350.84260
3351.97021
3352.53454
3354.79283
3355.35666
3355.92048
3356.48469
3357.04993
3358.17754
3359.30579
3359.87040
3362.12672
3362.69071
3363.25508
3364.38417
3364.94692
3365.51206
3366.64336
3368.89870
3369.46206
3371.72003
3372.28294
3372.84783
3373.97538
3374.54051
3375.10281
3376.79749
3377.36181
3379.05330
3379.61893
3381.31044
3386.38823
3387.51517
3388.07966
3388.64494
3390.90199
3391.46650
3393.16119
3393.72102
3394.28483
3397.67194
3398.23911
3399.36923
3400.49244
3401.05799
3401.62303
3402.18649
3403.31473
3403.87935
3404.44014
3405.00720
3405.56826
3438.29900
3438.86140
3439.42404
3439.99063
3440.55361
3442.24795
3442.81174
3443.37649
3443.94272
3444.50300
3445.06780
3445.63277
3446.19546
3446.76193
3447.32558
3447.89029
3448.45505
3449.01651
3449.58139
3451.83806
3452.40403
3452.96447
3453.53208
3454.09443
3454.65958
3455.22307
3455.78879
3456.35325
3456.91551
3457.48231
3458.04533
3458.60903
3459.17209
3459.73841
3460.30301
3460.86665
3461.43006
3461.99382
3462.56132
3463.12271
3468.76485
3469.32881
3469.89496
3470.45821
3471.02407
3472.15086
3472.71596
3473.28044
3473.84406
3474.40772
3474.97328
3475.53503
3476.09950
3476.66407
3478.92135
3479.48612
3480.04902
3480.61299
3481.17575
3481.74327
3482.30750
3482.87003
3483.43607
3483.99993
3484.56393
3485.12698
3485.69323
3486.25491
3486.82119
3487.38451
3487.94908
3488.51401
3489.07744
3489.64251
3492.46646
3493.03151
3493.58860
3494.15771
3495.28174
3495.84767
3496.41182
3496.97390
3498.66963
3499.23413
3499.79831
3500.36084
3500.92594
3501.49463
3502.05574
3502.61820
3505.43985
3506.00333
3506.56704
3507.13303
3507.69523
3508.82754
3509.39302
3509.95635
3510.51887
3511.64586
3512.21032
3512.77321
3513.33877
3513.90509
3514.46847
3515.03066
3515.59381
3544.37179
3544.93665
3545.50068
3546.06529
3546.62973
3547.19347
3547.75730
3548.32114
3548.88560
3549.45119
3550.01510
3550.57900
3551.14263
3551.70611
3552.27213
3552.83590
3553.39883
3553.96338
3554.52776
3555.09047
3557.91326
3559.60628
3560.17154
3560.73451
3561.29853
3561.86303
3562.42859
3562.99000
3563.55646
3564.12086
3564.68232
3565.24824
3565.81242
3566.37873
3566.94084
3567.50386
3568.06907
3570.88997
3571.45523
3572.01918
3572.58316
3573.14789
3573.71204
3574.27633
3574.83978
3575.40512
3575.96951
3576.53369
3577.09757
3577.66121
3578.22518
3578.78953
3579.35440
3579.91917
3580.48229
3581.04694
3583.30417
3583.86939
3584.43157
3584.99545
3585.56047
3586.12534
3586.68966
3587.25330
3587.81719
3588.38100
3588.94615
3589.51007
3590.07455
3590.63916
3591.20357
3591.76705
3592.33223
3593.45930
3594.02385
3594.58832
3595.15245
3601.36044
3601.92252
3602.48617
3604.17820
3604.74441
3605.30953
3605.87202
3606.43779
3607.00054
3607.56515
3608.13018
3608.69271
3609.25801
3612.07875
3612.64319
3613.21091
3613.77221
3614.33746
3614.89900
3615.46355
3616.02962
3616.59305
3618.28673
3618.84941
3619.41363
3619.97892
3620.54415
3621.10750
3621.66994
3622.23467
3622.79818
3623.36333
3625.62031
3626.18520
3626.74941
3627.31365
3627.87726
3630.13306
3630.69873
3632.39078
3632.95534
3633.51960
3634.08412
3634.64845
3635.77621
3636.34094
3636.90507
3641.41861
3641.98256
3642.54792
3643.11043
3643.67299
3644.23803
3644.80263
3645.36761
3645.93194
3646.49571
3647.05828
3647.62585
3648.18833
3648.75215
3649.31879
3649.88138
3650.44693
3651.01032
3651.57441
3652.13896
3652.70417
3654.39606
3655.52385
3656.08649
3656.65101
3657.21493
3658.90978
3659.47463
3660.03780
3660.60367
3661.16665
3661.72933
3662.29509
3662.85773
3663.42485
3663.98694
3665.11577
3665.68209
3666.24457
3666.80949
3667.37020
3670.19592
3670.75802
3671.32429
3671.88702
3673.57890
3674.14393
3674.70711
3675.27292
3675.83595
3676.40143
3676.96641
3677.52726
3678.09134
3678.65635
3679.22086
3679.78686
3680.35116
3680.91394
3681.47757
3682.04321
