3356.09993
3360.08401
3364.06791
3372.02263
3376.00583
3379.98616
3387.94145
3391.92208
3399.88097
3403.86048
3439.67612
3443.65620
3447.63478
3455.59513
3459.57012
3463.54679
3471.51300
3475.49018
3479.47160
3483.44946
3487.42872
3495.38986
3499.36620
3507.32265
3511.30358
3515.28552
3547.11805
3551.09676
3555.07865
3563.04115
3567.01832
3574.97426
3578.94890
3586.92070
3590.89378
3594.86815
3626.70624
3630.68917
3634.66683
3638.64385
3642.62375
3646.60256
3650.58350
3654.55738
3658.54330
3662.52156
3666.50123
3670.48204
3674.45924
3678.43901
