3355.01281
3357.51079
3360.00601
3362.50189
3363.74887
3364.99884
3366.24662
3371.23983
3372.48891
3373.73626
3374.98567
3376.23335
3377.48184
3378.72953
3379.97793
3386.22026
3387.46723
3388.71644
3391.21372
3392.46082
3393.70947
3397.45344
3398.70138
3399.94936
3401.19838
3402.44748
3403.69909
3404.94339
3468.60698
3469.85463
3471.10364
3472.35160
3473.60024
3474.84792
3476.09650
3478.59195
3479.84125
3481.08910
3482.33797
3483.58517
3484.83431
3486.08217
3487.33119
3488.57916
3489.82726
3492.32270
3493.57248
3494.82099
3496.06854
3497.31654
3498.56489
3499.81371
3501.06115
3502.31045
3506.05509
3507.30396
3508.55143
3509.79929
3511.04860
3512.29733
3513.54451
3514.79325
3544.75199
3545.99956
3547.24819
3548.49622
3549.74531
3550.99260
3552.24177
3553.48894
3554.73803
3557.23548
3559.73122
3560.97916
3562.22792
3563.47566
3564.72385
3565.97234
3567.22107
3569.71727
3570.96561
3572.21411
3573.46245
3574.71050
3575.95835
3577.20702
3578.45543
3579.70384
3580.95192
3583.44939
3584.69613
3585.94494
3587.19366
3588.44109
3589.68997
3590.93741
3592.18671
3593.43450
3594.68296
3600.92461
3602.17288
3604.66963
3605.91728
3607.16619
3608.41400
3612.15916
3613.40792
3614.65626
3615.90388
3617.15255
3618.40058
3619.64922
3620.89707
3622.14569
3623.39346
3625.89094
3627.13877
3629.63541
3630.88401
3633.38042
3634.62778
3635.87724
3637.12504
3640.87051
3642.11774
3643.36622
3644.61416
3645.86306
3647.11056
3648.35912
3649.60768
3650.85588
3652.10356
3654.60042
3655.84791
3657.09883
3658.34550
3659.59351
3662.09041
3663.33930
3664.58344
3665.83655
3667.08247
3669.57784
3670.82793
3673.32364
3674.57222
3675.82081
3677.06984
3678.31754
3679.56607
3680.81428
3682.06270
