3356.10911
3358.09227
3360.08041
3362.06896
3364.05664
3366.04239
3370.02214
3372.00804
3373.99598
3375.98442
3379.96192
3387.90776
3389.92022
3391.88948
3393.87579
3397.85276
3399.83993
3401.82709
3403.81222
3405.80340
3469.41779
3471.40603
3473.39300
3475.38204
3479.36080
3481.34818
3483.33274
3485.31943
3487.30659
3489.29673
3493.27332
3495.26104
3497.24852
3499.23777
3501.22574
3505.20964
3507.18809
3509.17721
3511.16503
3513.15298
3515.14042
3544.95974
3546.94666
3548.93510
3550.92298
3552.91080
3554.89793
3560.86308
3562.85058
3564.83876
3566.82712
3626.46525
3630.43837
3632.42931
3634.41490
3636.40461
3638.40734
3642.36844
3644.35568
3646.34187
3648.33224
3650.32021
3652.30810
3654.27416
3656.28462
3658.27038
3660.26016
3662.24783
3664.22536
3666.22226
3670.19954
3674.17540
3676.16147
3678.15140
3680.13917
3682.12069
