3325.88802
3326.61060
3328.05291
3328.77664
3330.94448
3333.11187
3333.83535
3334.55943
3335.28085
3336.00679
3336.72691
3338.16982
3340.33801
3341.06164
3342.50651
3343.22683
3343.95237
3345.39689
3346.11703
3346.83938
3349.73233
3350.45381
3351.18090
3352.62193
3354.78690
3355.51038
3356.95507
3357.67960
3358.39997
3359.12449
3359.84532
3360.56790
3362.01277
3362.73470
3363.45892
3364.18178
3364.90194
3365.62612
3366.34849
3369.23773
3371.40498
3372.12605
3372.84994
3373.57693
3374.29591
3375.01850
3375.73881
3376.46452
3377.18568
3379.35355
3380.07576
3380.80013
3386.57739
3388.02550
3388.74341
3389.46682
3390.19480
3390.91235
3391.63632
3393.07990
3393.80192
3397.41414
3398.13839
3398.86181
3399.58388
3400.30618
3401.02747
3401.74862
3402.47330
3403.19628
3403.92144
3405.36162
3438.59957
3439.32027
3440.04359
3440.76587
3441.48844
3442.21032
3442.93298
3443.65494
3444.37791
3445.10051
3445.82255
3446.54481
3447.26758
3447.98934
3448.71288
3449.43501
3452.32533
3453.04762
3453.76908
3454.49320
3455.21465
3455.93818
3456.65998
3457.38312
3458.10540
3458.82851
3459.54984
3460.27293
3460.99552
3461.71703
3462.44016
3463.16313
3492.05875
3492.78783
3493.50928
3494.23076
3494.95293
3495.67483
3496.39538
3497.12095
3497.84216
3498.56425
3499.28642
3500.01043
3500.73366
3501.45373
3502.17974
3505.79189
3506.51413
3507.23102
3507.95812
3508.68218
3509.40485
3510.12547
3510.84936
3511.56638
3512.28983
3513.01799
3513.73664
3514.45675
3515.18157
3515.90938
3544.80311
3545.52669
3546.25072
3546.97143
3547.69511
3548.41670
3549.13979
3549.86211
3550.58649
3551.30780
3552.03441
3552.75308
3553.47413
3554.19753
3554.91989
3557.81013
3559.25495
3559.97273
3560.70120
3561.42508
3562.14395
3562.86723
3563.58843
3564.31329
3565.03599
3565.75751
3566.47892
3567.20327
3567.92599
3570.81523
3571.53775
3572.25877
3572.98193
3573.70472
3574.42676
3575.15191
3575.87128
3576.59522
3577.31688
3578.03906
3578.76215
3579.48693
3580.20734
3580.92877
3583.81822
3584.54198
3585.26370
3585.98735
3586.71373
3587.43212
3588.15545
3588.87630
3589.59915
3590.32113
3591.04483
3591.76683
3592.48940
3593.21228
3593.93326
3594.65625
3595.37859
3601.88170
3602.60382
3603.32779
3604.04959
3604.77250
3605.49442
3606.21700
3606.94050
3607.66272
3608.38443
3609.10654
3611.99753
3612.71937
3613.44309
3614.88605
3615.60972
3616.33194
3617.05479
3617.77648
3618.49993
3619.22200
3619.94465
3620.66725
3621.38915
3622.11198
3622.83469
3623.55738
3626.44816
3627.17181
3627.89343
3629.33619
3630.05594
3630.78331
3632.94735
3633.67196
3634.39684
3635.11970
3635.84163
3636.56409
3637.28304
3641.61957
3642.34088
3643.06664
3643.78675
3644.50949
3645.23391
3645.95467
3646.67840
3647.40077
3648.12132
3648.84407
3649.56855
3650.28889
3651.01166
3651.73573
3652.45661
3654.62315
3655.34897
3656.06903
3656.79733
3658.23565
3658.96019
3659.68402
3660.40527
3661.12759
3661.84951
3662.57276
3663.29595
3664.01649
3664.74065
3665.46223
3666.18371
3666.90844
3669.79866
3670.52015
3671.24217
3671.96404
3672.68380
3673.41014
3674.13169
3674.85592
3676.30052
3677.02136
3677.74325
3678.46707
3679.19032
3679.91363
3680.63523
3681.35825
3682.08227
