3355.05193
3356.64932
3358.24490
3359.84687
3361.43863
3363.03612
3364.63197
3366.22624
3369.42430
3371.02069
3372.62373
3374.21645
3375.81064
3377.40682
3379.00337
3380.60271
3439.68445
3441.28056
3442.87848
3444.47598
3446.07164
3447.66881
3449.26465
3452.45903
3454.05757
3455.65134
3457.24978
3458.84805
3460.44307
3462.04044
3463.64207
3470.02385
3471.62566
3473.21823
3474.81349
3476.41280
3479.60489
3481.20263
3482.79942
3484.39616
3485.99277
3487.58923
3489.18625
3545.07518
3546.67152
3548.26795
3549.86762
3551.46782
3553.06050
3554.65694
3557.85252
3559.44583
3561.04421
3562.64200
3564.23846
3565.83449
3567.43194
3572.22329
3573.81966
3575.41670
3577.01190
3578.60959
3580.20655
3583.40093
3584.99675
3586.59392
3588.19018
3589.78675
3591.38427
3592.98129
3594.57808
3602.56109
3604.15856
3605.75824
3607.35299
3608.95196
3612.14304
3613.74024
3615.33711
3616.93418
3618.53153
3620.12804
3621.72382
3623.32148
3626.51576
3629.70766
3631.30545
3632.90177
3634.49837
3636.09471
3640.88761
3642.48360
3644.08074
3645.67753
3647.27416
3648.87191
3650.46732
3652.06459
