3325.82553
3326.34450
3326.85693
3328.41372
3330.47882
3330.99663
3333.07029
3333.58368
3334.09939
3336.16687
3337.20387
3340.82380
3341.34355
3342.37315
3342.89316
3343.41224
3343.92764
3344.96558
3345.47702
3345.99628
3346.51549
3350.13467
3350.65791
3351.17371
3354.79359
3355.30682
3356.86508
3357.37872
3357.89645
3358.41608
3359.44975
3359.96856
3360.48182
3362.03516
3362.55195
3363.07136
3364.62146
3365.13909
3365.65651
3366.69054
3369.28212
3369.79386
3370.31625
3370.82934
3371.34663
3371.86253
3372.89615
3374.45105
3374.96846
3375.49100
3376.52221
3377.03354
3377.55549
3379.11121
3379.62499
3386.34654
3388.41825
3390.49051
3391.00537
3393.07265
3394.10739
3397.21402
3397.72565
3399.28062
3399.79740
3400.31354
3400.83473
3401.86644
3402.90540
3403.42155
3403.93323
3404.46083
3405.48895
3438.59743
3439.11332
3439.63052
3440.14926
3440.66670
3441.69986
3442.21665
3442.73449
3443.25261
3443.76919
3444.28712
3444.80398
3445.32078
3445.83783
3446.35558
3446.87333
3447.39118
3447.90826
3448.42423
3448.94211
3449.46009
3452.04607
3452.56331
3453.08142
3453.60093
3454.11457
3455.14971
3455.66852
3456.18529
3456.70384
3457.21937
3457.73565
3458.25377
3458.77248
3459.28846
3459.80807
3460.32285
3460.83963
3461.35907
3461.87544
3462.39292
3462.91157
3463.42597
3468.60659
3469.11853
3469.63371
3470.15110
3470.67123
3471.18725
3472.73804
3473.25530
3473.77403
3474.29187
3474.81274
3475.32667
3475.84249
3476.35929
3478.94652
3479.46365
3479.98294
3480.50043
3481.02137
3481.53457
3482.05013
3482.56741
3483.08741
3483.60347
3484.12105
3484.63770
3485.15401
3485.67187
3486.18963
3486.70795
3487.22411
3487.74219
3488.25776
3488.77541
3489.29349
3489.81291
3492.39888
3492.91136
3493.94990
3494.46650
3494.98308
3495.50172
3496.53908
3497.05234
3498.60593
3499.12517
3500.15796
3501.19306
3501.71024
3505.33389
3506.87990
3507.39904
3508.43224
3508.94880
3509.47012
3509.98390
3510.50328
3511.53905
3512.57150
3513.08815
3513.60618
3514.12387
3514.64000
3515.15787
3544.64349
3545.16513
3545.67930
3546.19599
3546.71344
3547.23100
3547.74942
3548.26836
3548.78267
3549.29928
3549.81730
3550.33511
3550.85254
3551.37221
3551.88661
3552.40316
3552.92145
3553.43939
3553.95647
3554.47562
3554.98990
3557.57712
3558.09485
3559.64699
3560.16420
3560.68414
3561.19805
3561.71443
3562.23368
3562.75108
3563.26807
3563.78639
3564.30196
3564.81899
3565.33757
3565.85394
3566.37175
3566.89023
3567.40530
3567.92277
3571.02708
3571.54534
3572.06315
3572.58386
3573.09821
3573.61269
3574.13068
3574.64774
3575.16752
3575.68397
3576.20052
3576.71676
3577.23433
3577.75335
3578.27141
3578.79054
3579.30357
3579.82099
3580.33807
3580.85571
3581.37422
3583.44205
3584.47884
3584.99672
3585.51206
3586.02919
3586.54627
3587.06436
3587.58302
3588.09980
3588.61538
3589.13211
3590.16875
3590.68485
3591.20306
3591.71927
3592.23639
3592.75435
3593.27183
3593.78912
3594.30708
3594.82378
3595.33939
3601.54710
3602.06497
3602.58330
3604.13352
3604.65174
3605.16614
3605.68870
3606.20507
3606.72300
3607.23717
3607.75260
3608.27738
3608.79256
3609.30957
3612.41436
3612.92968
3613.44702
3614.48250
3614.99699
3615.51574
3616.03286
3616.54998
3617.06493
3617.58610
3618.10186
3618.62205
3619.13828
3619.65246
3620.68978
3621.20859
3621.72443
3622.24462
3622.75762
3623.27738
3625.86080
3626.38204
3626.89792
3627.41436
3627.93700
3630.00325
3630.51805
3631.03576
3632.58675
3633.10413
3633.62188
3634.13931
3634.65485
3636.20826
3636.72571
3637.24494
3641.37968
3641.90014
3642.41576
3642.93396
3643.44883
3643.96740
3644.48547
3645.00380
3645.51946
3646.03582
3646.55704
3647.06963
3647.58727
3648.10887
3648.62269
3649.13987
3649.65754
3650.17414
3650.69478
3651.20995
3651.72834
3652.24365
3654.31378
3654.83061
3655.86395
3656.38157
3656.90139
3658.45221
3658.96880
3659.48739
3660.00620
3660.52293
3661.03936
3661.55707
3662.07257
3662.59422
3663.10959
3663.62628
3665.17616
3665.69746
3666.21362
3666.72967
3667.24712
3669.31647
3669.83359
3670.35041
3670.86836
3671.38365
3671.90482
3673.45536
3673.97219
3674.48713
3675.00706
3676.04146
3676.55883
3677.07596
3677.59157
3678.11091
3678.62778
3679.14476
3679.66199
3680.17952
3680.69541
3681.21522
3681.73227
