3355.53712
3357.24872
3358.95878
3360.66990
3362.38068
3364.09041
3365.80399
3369.22652
3370.93785
3372.64784
3374.35905
3377.78271
3379.49281
3381.20627
3386.33883
3388.04876
3389.75997
3391.47149
3393.18321
3398.31593
3400.02657
3401.73760
3403.45138
3405.16019
3439.38330
3441.09467
3442.80672
3444.51790
3446.22873
3447.93999
3449.65068
3453.07292
3454.78476
3456.49662
3458.20793
3459.91809
3461.62904
3463.34011
3470.18681
3471.89638
3473.60798
3475.31859
3478.74027
3480.45165
3482.16411
3483.87562
3485.58724
3487.29584
3489.00776
3492.42955
3494.14173
3495.85482
3497.56381
3499.27474
3500.98596
3502.69771
3506.12060
3507.83162
3509.54321
3511.25286
3512.96417
3514.67537
3545.47704
3547.18877
3548.89859
3550.60985
3552.32091
3554.03263
3557.45574
3560.87679
3562.58812
3564.29896
3566.01058
3567.72147
3601.94369
3603.65505
3605.36659
3607.07882
3608.79051
3612.21173
3613.92432
3615.63475
3617.34556
3619.05683
3620.76846
3622.47931
3625.90142
3627.61177
3629.32345
3631.03606
3632.74736
3634.45671
3636.16848
3641.30148
3643.01222
3644.72440
3646.43583
3648.14713
3649.85704
3651.56802
3654.99097
3656.70262
3658.41334
3660.12495
3661.83532
3663.54661
3665.25824
3666.96896
3670.39232
3673.81392
3677.23603
3678.94653
3680.65843
