3354.57384
3355.44851
3357.19066
3358.06311
3359.80542
3360.67614
3362.42324
3363.29151
3364.15988
3365.03695
3365.90751
3366.78045
3369.39465
3370.26627
3371.13975
3372.00904
3372.88287
3373.75480
3374.62947
3375.50011
3376.36781
3377.24088
3378.98491
3379.85321
3386.82884
3387.70170
3388.57296
3389.44431
3390.31394
3391.18711
3392.93120
3393.80325
3397.28903
3398.16336
3399.03278
3401.64868
3402.52388
3403.39240
3404.26332
3405.13453
3438.26336
3439.13427
3440.00533
3440.87635
3441.74843
3442.61909
3443.49125
3444.36387
3445.23484
3446.10717
3446.98095
3447.85046
3448.72352
3449.59337
3452.21042
3453.08198
3453.95383
3454.82508
3455.69719
3456.56789
3457.44035
3458.31117
3459.18375
3460.05487
3460.92658
3461.80041
3462.67095
3463.54351
3468.77130
3469.64333
3470.51586
3471.38864
3472.26117
3473.13101
3474.00363
3474.87320
3475.74490
3476.62122
3479.23088
3480.10548
3480.97593
3481.84782
3482.71965
3483.59160
3484.46157
3485.33628
3486.20692
3487.07931
3487.95150
3488.82325
3489.69404
3544.62088
3545.48594
3546.35759
3547.22838
3548.09975
3548.97163
3549.84453
3550.71709
3551.58742
3552.45946
3553.33066
3554.20216
3555.07451
3557.69058
3559.43404
3560.30548
3561.17737
3562.04829
3562.92008
3563.79178
3564.66282
3565.53387
3566.40974
3567.28049
3568.15060
3570.76419
3571.63654
3572.50948
3573.38050
3574.25226
3575.12497
3575.99578
3576.86802
3577.73848
3578.61221
3579.48620
3580.35539
3581.22661
3583.84189
3584.71597
3585.58566
3586.45580
3587.33237
3588.19901
3589.07396
3589.94510
3590.81619
3591.68808
3592.56175
3593.42988
3594.30265
3595.17481
3601.27724
3602.14704
3603.02426
3603.89164
3604.76858
3605.63443
3606.50753
3607.37750
3608.26025
3609.12249
3611.73718
3612.60744
3613.47955
3614.35225
3615.22343
3616.09554
3616.96740
3617.83977
3618.70949
3619.58239
3620.45436
3621.32721
3622.19958
3623.07043
3625.68255
3626.55689
3627.42864
3629.17572
3630.04342
3630.91452
3632.65968
3633.53066
3636.14589
3637.01760
3640.50469
3641.37712
3642.24792
3643.11935
3643.99097
3644.86468
3645.73580
3646.60683
3647.47799
3648.35079
3649.22318
3650.09382
3650.96598
3651.83652
3652.70815
3655.32475
3656.19506
3657.06723
3657.93978
3658.81187
3659.68446
3660.55496
3661.42549
3662.29855
3663.16895
3664.91727
3665.78503
3666.65866
3669.27242
3670.14352
3671.01405
3671.88644
3672.75729
3673.63078
3674.50141
3675.37426
3676.24544
3677.11695
3677.99742
3678.85950
3679.73147
3680.60377
3681.47540
