3355.34014
3356.75995
3358.18611
3359.60694
3362.44721
3363.86956
3366.72108
3369.55754
3370.98299
3372.41765
3373.82562
3375.24796
3376.67046
3379.51302
3380.94250
3386.62945
3388.04603
3389.46736
3390.89370
3393.73585
3399.42559
3400.84527
3403.68906
3469.10754
3470.52960
3471.95275
3473.37263
3474.79731
3476.21869
3479.06581
3480.48768
3481.90687
3483.33119
3484.75368
3486.17564
3487.59706
3489.01956
3493.28227
3494.70815
3496.13463
3497.55117
3498.97389
3500.39511
3501.81932
3506.08687
3507.51006
3508.92822
3510.34960
3511.77009
3513.19617
3514.61603
3571.50060
3572.92243
3577.19484
3578.61315
3580.03497
3581.46196
3585.72154
3587.14778
3588.56736
3589.98917
3591.42028
3594.26026
3601.37086
3604.21590
3605.63479
3607.05576
3608.47691
3614.17344
3615.58728
3618.43093
3619.85453
3621.27974
3622.69893
3625.54511
3626.97015
3629.81250
3632.65466
3634.07610
3635.50065
3636.91928
3642.61354
3644.03104
3645.45409
3646.87258
3648.29753
3649.71929
3651.14042
3652.56392
3655.41195
3656.82741
3659.67706
3661.09638
3662.52040
3663.94389
3666.78420
3669.62243
3671.05066
3673.90054
3675.31752
3676.73975
3678.16175
3679.58894
3681.00807
