3355.56601
3358.13771
3360.71297
3363.28376
3365.85467
3371.00307
3373.57640
3376.14270
3378.71724
3381.30464
3386.43327
3389.00488
3391.57674
3394.14557
3399.29356
3401.86544
3404.44533
3440.44797
3443.01936
3445.59089
3448.16428
3453.30774
3455.88060
3458.45163
3461.02167
3463.57676
3468.74051
3471.31327
3473.88577
3476.45556
3479.03490
3481.59921
3484.17318
3486.74343
3489.31844
3545.90202
3548.47136
3551.04698
3553.61766
3561.33357
3563.90753
3566.47952
3602.48822
3605.05934
3607.63132
3615.35107
3617.91882
3620.49042
3623.06448
3628.21886
3630.77829
3633.35269
3635.92399
3638.49734
3643.63768
3646.20736
3648.78546
3651.35617
