3326.17035
3331.39180
3333.22155
3334.99711
3340.21290
3343.69529
3359.37165
3364.45969
3371.43475
3375.18654
3448.62431
3452.06835
3455.70664
3457.18948
3469.65708
3471.40659
3473.14952
3474.91163
3476.65169
3480.15099
3481.89519
3483.65212
3485.39794
3487.14968
3488.90183
3506.32646
3513.45558
3544.67190
3546.60166
3548.50780
3551.83993
3555.19818
3583.56439
3587.00662
3627.11053
3655.10084
3656.85455
3658.60190
3660.35945
3662.10611
3663.85748
3665.60342
3667.35079
3669.10267
3670.84928
3672.60186
3674.35085
3676.09917
3677.84972
3679.59474
3681.34833
