3683.98690
3684.84438
3685.69926
3686.55558
3687.41063
3688.27032
3689.12492
3689.98116
3690.83649
3692.55251
3693.40374
3694.26248
3695.11753
3695.97344
3698.54258
3699.39858
3700.25481
3701.11100
3701.96834
3702.82397
3703.67988
3704.53647
3705.39398
3707.10497
3707.96308
3708.81707
3709.67324
3712.24219
3713.09879
3713.95552
3714.81258
3715.66881
3716.52363
3717.37983
3718.23598
3719.09278
3719.95263
3720.80511
3721.66194
3722.51771
3723.37405
3725.94373
3726.79946
3727.65532
3728.51257
3729.36741
3730.22441
3731.08054
3731.93658
3732.79248
3733.64996
3734.50469
3735.36108
3736.21789
3737.07513
