3356.67508
3359.31483
3361.96153
3364.59922
3369.86766
3372.51932
3375.16048
3377.79401
3388.36187
3391.00469
3393.64182
3398.91783
3401.55991
3404.20326
3438.54523
3441.17229
3443.80997
3446.45022
3449.09231
3451.73440
3454.36966
3457.00601
3459.64925
3462.28994
3470.20910
3472.85350
3475.49025
3480.76937
3483.41433
3486.05315
3488.69203
3544.11616
3546.77854
3549.42215
3552.05903
3554.70140
3557.34959
3559.97803
3562.62191
3565.26178
3567.90316
3602.22697
3604.86783
3607.50822
3612.78785
3615.42746
3618.06755
3620.70851
3623.34844
3625.99554
3628.62923
3631.25594
3633.91029
3636.55295
3641.82707
3644.47170
3647.10672
3649.75246
3652.39439
3655.03370
3657.65598
3660.31252
3662.95124
3665.59087
3670.87722
3673.51350
3676.15939
3678.79443
3681.44082
