3326.36952
3327.61850
3328.86857
3331.34464
3332.57630
3333.81607
3336.30307
3337.54226
3340.02870
3341.28339
3342.51457
3343.75034
3344.99157
3346.23005
3347.47095
3349.96014
3351.20911
3352.44509
3354.92925
3357.41625
3358.65269
3359.89272
3362.37698
3364.85710
3366.09264
3369.82625
3371.07208
3372.30410
3373.54738
3374.78874
3377.28265
3379.75626
3381.00720
3439.34754
3440.58785
3441.83244
3443.07118
3444.31545
3445.55946
3446.79569
3448.03840
3449.27781
3453.00388
3454.24569
3455.48702
3456.72673
3457.96982
3459.21218
3460.45084
3461.69103
3462.93188
3469.14331
3470.37556
3472.85831
3474.11564
3475.35704
3476.58876
3479.09366
3480.31535
3481.56274
3482.80264
3484.03098
3485.28043
3486.51901
3487.76306
3488.99784
3600.72832
3601.97634
3603.21627
3604.45850
3605.70797
3606.94349
3608.18551
3611.90314
3613.16265
3614.40075
3615.63056
3616.87780
3618.11988
3619.35828
3620.59572
3621.84032
3623.08551
3625.56590
3626.80887
3628.05088
3629.28951
3630.53287
3631.77546
3633.00903
3634.25383
3635.49530
3636.73959
3640.45938
3641.70920
3642.96065
3644.19028
3645.43645
3646.67037
3647.91164
3649.15529
3650.39295
3651.63996
