3356.57057
3360.15673
3370.89886
3374.48506
3438.96663
3442.54396
3446.13014
3449.70814
3453.29508
3456.87301
3460.45950
3471.20183
3474.78870
3478.36784
3481.95310
3485.53065
3489.11715
3492.69478
3496.28203
3499.85934
3507.02494
3510.61072
3514.18848
3546.43312
3550.01087
3553.59726
3557.17758
3560.76258
3564.33952
3567.92664
3603.74924
3607.32712
3614.49180
3618.07811
3621.65576
3628.82155
3632.40628
3635.98477
3643.15114
3646.73622
3650.31353
3661.06529
3664.64173
3671.80702
3675.39439
3678.97124
