3684.16456
3684.99639
3685.83076
3686.66569
3687.50000
3688.33143
3689.16860
3690.00118
3690.83959
3691.67612
3693.33505
3694.17542
3695.00953
3695.84680
3698.34885
3699.18444
3700.01805
3700.85082
3701.69101
3702.52346
3703.35501
3704.19270
3705.02574
3706.69468
3707.53305
3708.36694
3709.20222
3711.70150
3712.53922
3713.37419
3714.20688
3715.04261
3715.87577
3716.70782
3717.54365
3718.38007
3719.21331
3720.04982
3721.71687
3722.55558
3723.38403
3726.72551
3727.55842
3728.39443
3729.23024
3730.06030
3730.89538
3731.73183
3732.56518
3733.39585
3734.23263
3735.07697
3735.89952
3736.73677
