3684.62694
3685.59062
3686.55232
3687.51647
3688.47911
3689.44117
3690.40394
3691.36729
3692.32990
3693.29377
3694.25652
3695.21972
3698.10445
3699.07095
3700.03512
3700.99384
3701.95708
3702.92134
3703.88340
3704.84589
3705.81066
3706.77205
3707.73694
3708.69671
3709.66103
3711.58542
3712.55001
3713.51175
3714.47999
3715.43862
3716.40144
3717.36459
3718.32676
3719.28974
3721.21447
3722.17828
3723.14002
3726.03417
3726.99165
3727.95568
3728.92092
3729.88136
3730.84355
3731.80546
3732.76909
3733.73387
3734.69626
3735.65608
3736.62067
