3683.97153
3685.60163
3687.23259
3688.86312
3690.49374
3692.12859
3693.75526
3695.38494
3698.64612
3700.27731
3703.53860
3705.17196
3706.80053
3708.43064
3711.69283
3713.32292
3714.95363
3716.58335
3718.21445
3719.84796
3721.47540
3723.10652
3726.36674
3727.99957
3729.62933
3731.25960
3732.89025
3734.52048
3736.15186
3739.41329
3741.04322
3742.67427
3744.30526
3745.93547
3747.56584
3749.19692
3752.45841
3754.08780
3755.71979
3757.35027
3758.97987
3760.61142
3762.24151
3817.68223
3819.31444
3822.57645
3824.20680
3825.83696
3827.46821
3830.72918
3832.35966
3833.99062
3835.62257
3837.25166
3838.88322
3840.51407
