3326.18497
3328.35999
3330.53821
3332.71324
3334.89011
3337.06837
3341.42374
3343.60304
3345.77740
3350.13206
3352.30963
3354.48945
3356.66490
3363.19477
3365.37400
3369.72716
3371.90362
3374.08142
3376.25670
3378.42905
3380.61321
3387.14397
3389.31850
3391.49954
3393.67590
3398.03117
3400.20632
3402.38056
3404.55721
3439.39617
3441.57210
3443.75027
3445.92713
3448.10452
3452.45825
3454.63684
3456.81188
3458.98927
3461.16849
3463.34480
3469.87582
3472.05160
3474.22894
3476.40718
3478.58492
3480.76235
3482.93910
3485.11443
3487.29146
3489.47101
3493.82415
3496.00025
3498.17296
3500.34926
3502.52768
3506.88147
3509.06806
3511.24007
3513.41587
3515.59273
3546.07463
3548.25251
3550.43000
3552.60770
3554.78358
3561.31549
3563.49185
3565.66872
3567.84546
3572.20140
3574.37886
3576.55487
3578.73234
3580.90903
3583.08147
3585.26396
3587.44195
3589.61776
3591.79639
3593.97276
3602.68074
3604.85875
3607.03492
3609.21082
3611.36994
3615.74466
3617.92185
3620.09720
3622.27539
3626.62756
3628.81184
3630.98369
3633.16129
3635.33904
3637.51542
3641.86982
3644.04759
3646.21976
3648.40312
3650.57830
3654.93320
3657.10966
3659.28766
3661.46359
3663.64159
3665.81980
3670.17089
3672.34218
3674.52894
3676.70596
3678.88098
3681.05810
