3468.95240
3470.07519
3471.20243
3472.33102
3473.45787
3474.58008
3475.70487
3479.08256
3480.20922
3481.33414
3482.46065
3483.58477
3484.71242
3485.83691
3486.96388
3488.08905
3489.21412
3492.59174
3493.71820
3494.84057
3495.96823
3497.09379
3498.21933
3499.34454
3500.47037
3501.59607
3502.72158
3504.97437
3506.09702
3507.22225
3508.35072
3509.47483
3510.60027
3511.72656
3512.85255
3513.97831
3515.10332
3544.36855
3545.49481
3546.61965
3547.74633
3548.87254
3549.99682
3551.12295
3552.24810
3553.37402
3554.50050
3557.87704
3560.12785
3561.25278
3562.38016
3563.50387
3564.63115
3565.75565
3566.88210
3568.00751
