3325.62861
3326.19452
3328.48036
3329.05786
3330.76523
3331.33673
3333.04809
3333.61916
3334.18760
3334.76139
3335.90288
3336.47450
3337.04402
3337.61270
3338.18561
3340.46860
3342.75379
3343.32365
3343.89623
3345.03919
3345.60533
3346.17946
3347.31935
3350.17507
3350.74723
3352.45859
3354.74026
3355.31105
3356.45159
3358.16687
3359.30441
3359.87991
3362.16408
3362.73222
3363.30539
3363.87804
3364.44304
3365.01381
3365.58755
3369.01147
3369.58393
3370.15030
3371.29595
3371.87234
3373.00613
3374.14952
3374.72082
3375.29463
3376.43315
3377.00605
3377.57439
3386.70962
3388.42166
3388.99278
3390.13484
3391.27624
3392.98946
3393.56115
3394.13040
3396.98631
3397.55573
3399.26918
3399.83849
3400.40914
3400.98189
3401.55171
3403.26527
3404.40508
3405.54817
3492.32021
3492.89100
3493.45964
3494.03196
3494.60261
3495.17412
3495.74260
3496.31427
3496.88647
3497.45628
3498.02928
3498.59902
3499.16757
3499.74077
3500.30964
3500.88085
3501.45285
3502.02287
3502.59585
3505.44920
3506.01998
3506.59104
3507.16136
3507.73229
3508.30360
3508.87409
3509.44594
3510.01568
3510.58659
3511.15724
3511.72930
3512.29923
3512.86927
3513.44449
3514.01182
3514.58253
3515.15382
3515.72328
