3438.39268
3438.83235
3439.26985
3439.70546
3440.14233
3440.58456
3441.45901
3441.89732
3442.33484
3442.77409
3443.20983
3443.64663
3444.52516
3444.96273
3445.40146
3445.83711
3446.27635
3446.71308
3447.14991
3447.59098
3448.02880
3448.46757
3448.90289
3449.34148
3449.78067
3451.97201
3452.41082
3452.84215
3453.28356
3453.72213
3454.15981
3454.59156
3455.03400
3455.47207
3455.90902
3456.34596
3456.78546
3457.22228
3457.65954
3458.09924
3458.53351
3458.97420
3459.41377
3459.84959
3460.28952
3460.72761
3461.16676
3461.60132
3462.04300
3462.47834
3462.91628
3463.35149
