3358.47016
3362.72087
3366.92392
3371.15769
3375.50761
3379.65822
3388.11203
3392.35902
3400.83700
3405.02454
3438.89039
3443.16458
3447.31523
3455.85862
3460.02532
3468.53678
3472.74035
3481.23971
3485.42735
3489.62742
3548.90004
3553.09429
3557.36516
3561.58924
3565.82364
3574.25300
3578.48927
3587.00841
3591.22299
3603.89122
3608.15094
3612.36714
3616.63015
3620.84807
3629.30055
3633.48453
3637.74572
3641.99399
3646.24326
3650.45815
3654.67899
3658.89222
3663.18520
3671.56773
3675.85357
3680.04475
