3330.71699
3340.13263
3343.89262
3350.80308
3354.54977
3355.80211
3357.05872
3358.32466
3360.82844
3363.33502
3365.84009
3372.10589
3372.73190
3373.97232
3377.73559
3387.13934
3397.17505
3397.80992
3400.93429
3401.57169
3402.18947
3405.95436
3438.54772
3439.81229
3442.32882
3442.94032
3443.57050
3444.82298
3445.44914
3446.08937
3447.33025
3447.96308
3448.58163
3452.34233
3453.60192
3454.84491
3456.10442
3456.72145
3457.35600
3458.60688
3459.86945
3461.12074
3492.46328
3493.08820
3493.71219
3494.96650
3495.59726
3496.21921
3497.47467
3498.72912
3499.98361
3500.61085
3501.23425
3501.86835
3502.48792
3504.99615
3506.25440
3507.50571
3508.75512
3510.01594
3511.26804
3512.51433
3513.77464
3514.40111
3515.02736
3515.66118
3544.50012
3545.11899
3545.74381
3547.63268
3548.25692
3548.87502
3550.12281
3551.38484
3554.52899
3555.14388
3557.65609
3559.53446
3560.16966
3561.40529
3562.66747
3563.92797
3565.17631
3565.80768
3566.42329
3571.44499
3573.95139
3576.46092
3577.71626
3578.96779
3580.22234
3581.47103
3583.35309
3584.60419
3586.49721
3587.10803
3587.74308
3590.25313
3592.76022
3593.38977
3594.02286
3601.53531
3602.78331
3604.03718
3605.29531
3605.92295
3606.54856
3607.80021
3609.05494
3617.81920
3619.09213
3619.71015
3620.33230
3620.97058
3621.58909
3622.21498
3627.86371
3632.87806
3654.82316
3655.44122
3656.69623
3659.19785
3660.46452
3661.08925
3661.71289
3662.96088
3665.46835
3666.09610
3666.72877
3669.23999
3669.87222
3670.48357
3671.73650
3672.37018
3673.61996
3674.87273
3676.12910
3676.75733
3677.38214
3678.63915
3679.25944
3679.88918
3680.52494
3681.76784
