3354.33758
3356.37691
3358.41300
3360.44932
3362.48453
3364.52004
3366.55234
3370.62631
3372.66301
3374.69983
3376.73488
3378.76931
3380.80682
3439.84297
3441.88050
3443.91622
3445.95160
3447.98846
3452.05829
3454.09472
3456.13070
3458.16653
3460.20254
3462.23829
3470.38135
3472.41344
3474.45378
3476.48872
3482.61596
3484.64754
3486.63624
3545.70679
3547.74217
3549.77653
3551.81294
3553.84906
3557.92113
3559.95483
3561.99092
3564.02786
3566.06359
3568.09980
3627.13760
3629.16894
3631.20553
3633.24662
3635.28237
3637.31455
3641.39227
3643.42332
3645.45937
3647.49384
3649.53537
3651.56596
3655.65005
3657.68626
3659.70921
3661.73979
3663.78018
3665.81672
3669.92439
3671.92933
3673.96555
3676.00075
3678.03325
3680.06635
3682.09385
