3336.04380
3336.98377
3350.83244
3354.64195
3355.11531
3355.59138
3356.54320
3357.02187
3358.45316
3359.88652
3360.83871
3361.32058
3361.78976
3362.26735
3363.21632
3364.65113
3365.12296
3365.61256
3368.94305
3369.41256
3370.84647
3371.32178
3371.80302
3372.27969
3372.75594
3374.18949
3374.66247
3375.13873
3376.56991
3377.04695
3377.52828
3378.95635
3379.91527
3387.05949
3387.53623
3388.96578
3390.39889
3394.21010
3397.55522
3399.46861
3400.88609
3439.02801
3439.50819
3439.98202
3440.45992
3440.93552
3441.89048
3442.36662
3442.84332
3443.80185
3444.27428
3444.75303
3447.13619
3447.61291
3448.56560
3449.04360
3451.89908
3452.38277
3452.85854
3453.33506
3454.29935
3455.24090
3455.71432
3456.19388
3456.67075
3459.05682
3459.53107
3460.00841
3460.48598
3460.96068
3461.44155
3462.87041
3463.34743
3468.59025
3469.06756
3469.54665
3471.92588
3472.40398
3472.88366
3473.36225
3473.83387
3475.26358
3475.74034
3476.69817
3479.08451
3479.55398
3480.03190
3480.99108
3481.46551
3481.94365
3484.80039
3486.23523
3488.14008
3488.61605
3491.95984
3492.44242
3492.90815
3493.38329
3493.86181
3494.33914
3495.29161
3496.72104
3497.19545
3497.67460
3498.14464
3498.62495
3500.05397
3500.53987
3501.49283
3501.96269
3502.44392
3505.30837
3506.25356
3506.73668
3509.12155
3509.59302
3510.07193
3510.54510
3511.50760
3512.95461
3514.36192
3514.83476
3515.32678
3544.87645
3545.83259
3546.31005
3546.78568
3547.26570
3547.73764
3549.64447
3550.11969
3550.59869
3551.07724
3551.55380
3552.02857
3552.50649
3553.93316
3554.89867
3559.65697
3560.14055
3560.60763
3562.04731
3562.51769
3563.94999
3564.42269
3564.90289
3567.28886
3567.76056
3568.23817
3571.08692
3572.53288
3573.00913
3575.87396
3576.34541
3576.82103
3577.29935
3580.16257
3580.63527
3581.11399
3583.49297
3584.45019
3585.39775
3589.21872
3592.07898
3593.50849
3626.40227
3626.88724
3629.73815
3630.23110
3630.70057
3633.56007
3634.50885
3637.37497
3641.66076
3642.14579
3643.09393
3643.56706
3645.95950
3646.91054
3647.38561
3648.81752
3650.71836
3651.19981
3651.67858
3654.52712
3655.01302
3658.81759
3659.79191
3662.16511
3662.64901
3666.45205
3670.73615
3673.59747
3675.99644
3676.47370
3679.80511
3680.28459
3680.77032
3681.70718
