3355.11654
3356.84681
3357.42193
3358.57854
3359.73137
3360.88462
3362.61435
3363.19159
3364.34367
3364.92129
3368.96032
3371.84481
3374.15066
3374.72931
3375.30596
3377.61274
3379.34528
3379.91908
3468.76025
3469.33608
3471.06615
3472.79881
3474.52496
3476.25900
3479.71729
3480.29402
3481.44821
3482.02338
3483.17734
3483.75419
3485.48400
3487.21604
3488.94631
3489.52101
3492.98518
3494.71127
3495.29047
3496.44236
3497.02039
3498.17219
3498.75063
3499.90377
3500.48139
3502.20894
3507.40182
3511.43921
3573.16724
3574.31895
3574.89737
3576.62756
3578.35728
3580.08689
3580.66637
3584.12689
3587.58724
3588.16576
3589.31758
3589.89615
3591.05005
3591.62668
3593.35758
3595.08703
