3325.90511
3326.63517
3328.09194
3328.81709
3329.55257
3331.00888
3331.73990
3333.19873
3336.11192
3336.84184
3337.56822
3340.48866
3341.21534
3341.94522
3342.67341
3343.40306
3344.13119
3344.85954
3345.58757
3346.31898
3349.96239
3350.69299
3352.87773
3354.33695
3355.06856
3355.79112
3356.52538
3357.25403
3359.43930
3360.17023
3360.89725
3362.35311
3363.08537
3364.54215
3366.72718
3368.91673
3369.64582
3370.37310
3371.82985
3374.01661
3374.74957
3375.47436
3376.93415
3377.66144
3378.39296
3379.12278
3379.85146
3380.58266
3381.31106
3386.41186
3387.14152
3388.59744
3389.32800
3390.78537
3391.51255
3392.97312
3393.70147
3394.43042
3397.34841
3399.53452
3400.26061
3400.98971
3402.44956
3403.90659
3405.36512
3438.89892
3439.62573
3440.35523
3441.81538
3442.54223
3443.27127
3444.72952
3445.45802
3446.18921
3446.91451
3447.64710
3448.37413
3449.10603
3449.83223
3452.02166
3452.74986
3453.47915
3454.20438
3454.93694
3455.66457
3456.39506
3457.12325
3457.85361
3458.58275
3459.31008
3460.03971
3460.76983
3461.50052
3462.22619
3462.95680
3463.68364
3468.78209
3469.51698
3470.24610
3470.97561
3472.43443
3473.16644
3473.89292
3475.34664
3476.07557
3478.99389
3479.72125
3480.45568
3481.18149
3481.90648
3482.64085
3483.36627
3484.09337
3484.82063
3485.55070
3486.28275
3487.00899
3487.74118
3488.47086
3489.19890
3492.11348
3492.84305
3493.56971
3494.30120
3495.03008
3495.76025
3496.48784
3497.21630
3498.67533
3499.40250
3500.13312
3500.86011
3501.59031
3502.32297
3505.24021
3505.96500
3506.69680
3507.42417
3508.15065
3508.88097
3509.61144
3510.34108
3511.06693
3511.79901
3512.53060
3513.25694
3513.98422
3514.71265
3515.44567
3544.60651
3545.32979
3546.05722
3546.78612
3548.24426
3548.97624
3549.70473
3550.43427
3551.16158
3551.89032
3552.61757
3553.34753
3554.07823
3554.80583
3557.71776
3558.45157
3559.17989
3560.63867
3561.36745
3562.09666
3562.82724
3563.55351
3564.28482
3565.01154
3565.74007
3566.47027
3567.19906
3567.92791
3570.84837
3571.57269
3572.29982
3573.03113
3573.75772
3574.48822
3575.21667
3575.94681
3576.67509
3577.40461
3578.13661
3578.86236
3579.59185
3580.32064
3581.05010
3586.15243
3586.88054
3587.61224
3588.33879
3589.06764
3589.80014
3590.52886
3591.25474
3591.98513
3592.71393
3593.44490
3594.17124
3594.90367
3601.46082
3602.18979
3602.91749
3603.64646
3604.37533
3605.11015
3605.83538
3606.56322
3607.29419
3608.02668
3608.75073
3612.39978
3613.85239
3615.31334
3616.04582
3616.77213
3617.49888
3618.22923
3619.68585
3620.41374
3621.14388
3621.87194
3622.60491
3623.32922
3625.51973
3626.24570
3626.97865
3627.70671
3629.16752
3629.89264
3630.62089
3632.80803
3633.53727
3634.26619
3634.99392
3635.72322
3636.45301
3637.18213
3638.64094
3640.82828
3641.55723
3642.28355
3643.01463
3643.74205
3644.47279
3645.20061
3645.93063
3646.65959
3647.38818
3648.11678
3648.84477
3649.57416
3650.30398
3651.03301
3651.76167
3652.49013
3654.67581
3656.13657
3656.86546
3658.32038
3659.05265
3659.78022
3660.50945
3661.23228
3661.96809
3662.69674
3663.42615
3664.87898
3665.61574
3666.34192
3667.07323
3669.25741
3669.98441
3670.71508
3671.44697
3672.90502
3673.63165
3674.36010
3675.08999
3675.82259
3676.54966
3677.27785
3678.00815
3678.73481
3679.46393
3680.19437
3680.92216
3681.65129
