3325.64594
3333.18974
3335.85411
3336.29589
3337.62757
3340.73248
3343.39546
3343.83803
3345.17057
3346.50220
3440.13004
3442.79262
3443.23641
3444.56821
3445.89901
3446.34442
3447.67485
3449.00506
3452.11262
3453.44198
3454.77395
3455.21778
3456.55071
3459.65402
3460.98668
3462.31643
3468.52858
3470.75056
3472.96726
3474.29808
3475.62888
3476.07626
3480.06997
3480.50762
3481.39494
3483.17395
3484.94225
3485.83620
3489.38602
3493.82958
3494.70590
3495.59998
3496.48583
3497.81806
3498.25847
3499.15262
3499.59352
3500.03569
3500.92213
3502.25662
3508.46452
3509.79689
3512.90391
