3355.29574
3357.13046
3358.96811
3360.80221
3362.63864
3364.47436
3366.31140
3371.81921
3373.65258
3375.49141
3377.32699
3379.16348
3381.00511
3386.50903
3388.34365
3390.18470
3392.01976
3393.85180
3397.52501
3399.36145
3401.19678
3403.03259
3404.87124
3439.75574
3441.59198
3443.42770
3445.26306
3447.09978
3448.93501
3452.60828
3454.44379
3456.27996
3458.11548
3459.95144
3461.78755
3463.62329
3469.13218
3470.96818
3472.80418
3474.64941
3476.47720
3480.14942
3481.98520
3483.82089
3485.65661
3487.49449
3489.32931
3544.41054
3546.24815
3548.08554
3549.92108
3551.75672
3553.59234
3557.26343
3560.93693
3562.77418
3564.60964
3566.44563
3568.28447
3627.03661
3628.86432
3630.70992
3632.54589
3634.38224
3636.21737
3638.05938
3641.72676
3643.56162
3645.39843
3647.23446
3649.07029
3650.90612
3654.57914
3656.41467
3658.24998
3660.08722
3661.92289
3663.75894
3665.59494
3667.43089
3669.26718
3671.10275
3672.94037
3674.77592
3676.61162
3678.44760
3680.28399
3682.11746
