3684.77730
3685.36573
3685.95292
3686.54018
3687.12832
3687.71660
3688.89150
3690.06662
3690.65536
3691.24206
3692.41909
3693.59371
3694.18139
3694.76838
3695.35575
3695.94396
3698.29458
3698.88270
3699.46911
3700.05747
3700.64531
3701.23307
3702.40904
3703.58393
3704.17174
3704.75957
3705.34720
3706.52209
3707.11111
3707.69843
3708.28522
3708.87182
3709.46030
3712.39918
3712.98823
3713.57486
3714.16255
3715.33789
3715.92629
3716.51283
3717.10026
3717.68838
3718.27540
3718.86417
3719.45136
3720.62912
3721.21527
3721.80238
3722.38959
3722.97688
3725.32750
3726.50280
3727.09158
3727.67856
3728.26942
3728.85523
3729.44097
3730.03138
3730.61756
3731.20466
3731.79313
3732.38164
3732.96846
3733.55676
3734.14278
3734.73082
3735.31974
3735.90647
3736.49356
3737.08245
3739.43209
3740.02025
3740.60787
3741.19638
3741.78307
3742.37035
3742.95883
3743.54710
3744.13441
3744.72128
3745.30880
3745.89677
3746.48536
3747.07264
3747.66002
3748.24819
3748.83619
3749.42357
3750.01099
3752.36205
3752.94911
3753.53647
3754.12512
3754.71223
3755.30028
3755.88728
3756.47504
3757.06345
3757.65110
3758.23889
3758.82582
3759.41267
3760.00168
3760.59004
3761.17710
3761.76399
3762.35262
3762.93991
3818.18282
3819.35801
3819.94542
3820.53254
3822.29646
3822.88373
3823.47087
3824.05924
3824.64654
3825.23475
3825.82189
3826.41003
3827.58478
3829.34782
3829.93580
3830.52406
3831.11304
3832.28562
3832.87428
3833.46153
3834.04970
3834.63689
3835.22527
3836.39970
3836.98817
3837.57529
3838.16362
3839.33833
