3386.28965
3387.52041
3388.72294
3391.17830
3393.61666
3397.27329
3398.50639
3399.72940
3400.90784
3402.15231
3403.38136
3405.82415
3469.30672
3470.54095
3471.75482
3472.99076
3474.20189
3475.41935
3476.64249
3479.06988
3481.52207
3482.74453
3483.96441
3485.18172
3486.40910
3487.61325
3488.85217
3492.50899
3493.74349
3494.95368
3496.16774
3497.40760
3498.63434
3499.84211
3501.05939
3502.28551
3505.94458
3507.16203
3508.37442
3509.61878
3510.83090
3512.05273
3513.28669
3514.49060
3515.69894
3571.87390
3573.09594
3574.32256
3575.54210
3576.75980
3577.98153
3579.20414
3580.42570
3584.10296
3585.30232
3586.54173
3587.75350
3588.96167
3590.19267
3591.41418
3592.62912
3593.84559
3595.07724
3602.39520
3604.83860
3606.07051
3607.28095
3608.51722
3612.16430
3613.38737
3614.62636
3615.82535
3617.04559
3618.28138
3619.49700
3620.72862
3621.94972
3623.16318
