3355.26876
3357.40800
3359.54683
3361.68575
3363.82741
3365.97466
3370.25065
3372.39763
3374.53224
3376.67269
3378.81306
3380.95573
3438.75036
3440.89070
3443.03142
3445.17223
3447.31262
3449.45312
3453.73501
3455.87452
3458.01526
3460.15610
3462.29698
3468.71813
3470.85916
3473.00004
3475.14027
3479.42169
3481.56254
3483.70235
3485.84329
3487.98369
3492.26457
3494.40570
3496.54689
3498.68803
3500.82768
3507.24862
3509.39122
3511.53094
3513.67251
3515.81085
3627.12513
3629.26470
3631.40802
3633.54481
3635.68609
3637.82891
3642.10844
3644.25030
3646.38912
3648.52862
3650.67053
