3625.75941
3626.42612
3627.09260
3627.75901
3629.09066
3629.76094
3630.42621
3631.09270
3632.42695
3633.09305
3633.75997
3634.42619
3635.09404
3635.75940
3636.42745
3637.09396
3641.09449
3641.76153
3642.42780
3643.09403
3643.76132
3644.42631
3645.09497
3645.75993
3646.42848
3647.09663
3647.76313
3648.43001
3649.09656
3649.76086
3650.42719
3651.09408
3651.76326
3652.42719
3654.42980
3655.09440
3655.76310
3656.43043
3657.09708
3658.43192
3659.09663
3659.76377
3660.43068
3661.09899
3661.76377
3662.43054
3663.09756
3663.76413
3664.43444
3665.09502
3665.76351
3666.43154
3667.09696
3669.09216
3669.76427
3670.43111
3671.09798
3671.76493
3673.09755
3673.76737
3674.43535
3675.09886
3675.76300
3676.43124
3677.09610
3677.76342
3678.43204
3679.09769
3679.76529
3680.43649
3681.09928
3681.76607
