3325.74356
3326.57604
3328.22161
3329.04907
3330.69786
3333.18347
3333.99830
3334.82554
3336.48441
3337.30181
3338.13959
3340.60362
3342.25799
3343.08515
3343.91337
3345.56328
3346.39562
3347.20186
3350.51374
3352.99588
3354.64684
3355.47240
3357.12308
3357.95481
3359.60003
3362.07769
3364.55560
3365.37497
3369.50931
3370.33678
3371.99191
3372.81414
3374.46919
3375.29039
3376.94717
3377.77309
3379.42210
3654.40421
3656.05695
3656.88749
3659.36530
3660.18573
3661.01050
3661.83930
3662.66281
3663.48768
3664.31594
3665.14175
3665.97168
3666.79248
3669.26948
3670.09365
3670.92332
3671.74722
3673.39915
3674.22414
3675.05371
3675.87648
3676.69994
3677.53138
3678.35258
3679.18413
3680.00765
3680.83048
3681.65480
