3354.36872
3355.78317
3357.19754
3358.61338
3360.02735
3361.44441
3362.85599
3364.27027
3365.68786
3369.92791
3371.34284
3372.75794
3374.17217
3375.58876
3377.00166
3379.82904
3381.24501
3439.24190
3440.65404
3442.06943
3443.48521
3444.89938
3446.31361
3447.72860
3449.14430
3451.97067
3453.38580
3454.79956
3456.21490
3457.62975
3459.04459
3460.45922
3461.87361
3463.28833
3545.33094
3546.74536
3548.15922
3549.57425
3550.98865
3552.40378
3553.81832
3555.23263
3558.06123
3559.47557
3560.88954
3562.30543
3563.72037
3565.13486
3566.54825
3567.96369
3625.95972
3627.37432
3630.20221
3631.61737
3633.03179
3634.44734
3635.86060
3637.27580
3638.69014
3641.51899
3642.93196
3644.34987
3645.76458
3647.17814
3648.59204
3650.00701
3651.41941
3654.24637
3655.66509
3657.07830
3658.49584
3659.90835
3661.32268
3662.73683
3664.15140
3665.56619
3666.97983
3669.80844
3671.22432
3672.64180
3674.05337
3675.46926
3676.88324
3678.29722
3679.71354
3681.12554
