3438.43803
3439.44585
3440.45310
3441.46072
3442.46756
3443.47673
3444.48227
3445.49037
3446.49696
3447.50547
3448.51187
3449.52005
3452.54148
3453.54946
3454.55979
3455.56408
3456.57110
3457.58855
3458.58574
3459.59367
3460.60133
3461.60869
3462.61555
3463.62146
3468.66062
3469.66753
3470.67525
3472.68992
3473.69685
3474.71299
3475.71195
3476.71930
3478.73438
3479.74102
3480.74932
3481.75656
3482.76547
3483.77096
3484.77908
3485.78627
3486.79367
3487.80068
3488.80825
3489.81572
3492.83813
3493.84505
3495.86029
3496.86910
3497.87716
3498.88242
3499.88990
3500.89718
3501.90459
3504.92709
3505.93402
3506.94187
3507.94889
3508.95636
3509.96401
3510.98051
3511.97834
3512.98601
3513.99399
3515.00071
