3356.36692
3359.84403
3363.32190
3366.80164
3370.26542
3373.74346
3377.20887
3380.68851
3439.73452
3443.19972
3446.67817
3453.61237
3457.09392
3460.58669
3547.39802
3550.86994
3554.33792
3557.82294
3561.28366
3564.76185
3568.21670
3571.70038
3575.17689
3578.65161
3585.59730
3589.06723
3592.53840
3602.96404
3606.43545
3613.37610
3616.85494
3620.32164
3627.25345
3630.74972
3634.22040
3637.68912
3641.17392
3644.62953
3648.11588
3651.58657
3655.06311
3658.52429
3662.00446
3665.47324
3668.90981
3672.41568
3675.89466
3679.37080
