3355.77078
3359.11186
3362.45249
3365.79299
3369.13367
3372.47490
3375.81676
3379.15672
3389.17947
3392.52166
3399.20136
3402.54323
3405.88397
3439.29200
3442.63268
3445.97316
3449.31407
3452.65482
3455.99585
3459.33690
3462.67737
3469.35919
3472.69983
3476.04102
3479.38118
3482.72190
3486.06263
3489.40406
3492.74478
3496.08509
3499.42572
3502.76937
3506.10828
3509.44933
3512.78965
3572.92380
3576.26554
3579.60453
3582.94543
3586.28825
3589.62864
3592.96941
3602.99151
3606.33200
3613.01372
3616.35469
3619.69551
3623.03615
3626.37657
3629.71721
3633.05824
3636.39934
3643.08094
3646.42227
3649.76242
3656.44384
3659.78438
3663.12552
3666.46568
3669.80756
3673.14783
3676.48850
3679.82957
