3327.83341
3331.53760
3335.14682
3342.53820
3346.23453
3349.95490
3357.25168
3361.01505
3364.61381
3371.99656
3375.64567
3379.35940
3386.67338
3390.30397
3394.03054
3397.77543
3401.38487
3405.07402
3438.25931
3441.88417
3445.57109
3449.26936
3452.96043
3456.60319
3460.26557
3471.33019
3475.02796
3478.65875
3482.35090
3486.03184
3489.62641
3493.31004
3497.08672
3500.67737
3508.10697
3511.76596
3515.48451
3544.97556
3548.58751
3552.26649
3559.62231
3563.26771
3566.99211
3570.73920
3574.33276
3578.00239
3585.38227
3589.08256
3592.74575
3603.77495
3607.49406
3611.16654
3614.81220
3618.50081
3622.16790
3625.94827
3629.52498
3633.22876
3636.90257
3640.56913
3644.22211
3647.92717
3651.61428
3655.36101
3658.97465
3662.64591
3666.30996
3670.06847
3673.63043
3677.38403
3681.02432
