3439.48333
3440.86372
3442.23179
3443.61895
3444.99623
3446.37161
3447.74545
3449.12957
3451.87735
3453.26268
3454.64470
3456.01449
3457.38940
3458.77090
3460.15270
3461.51926
3462.90217
3469.78928
3471.16236
3472.54463
3473.92129
3475.30259
3476.67433
3479.42910
3480.80819
3482.18324
3483.55898
3484.93788
3486.31824
3487.69777
3489.07226
3600.65137
3602.02007
3603.37771
3604.76777
3606.15762
3607.53030
3608.90188
3611.66943
3613.04026
3615.79881
3617.16946
3618.54298
3619.92454
3621.30307
3622.68334
3626.80801
3629.57323
3630.94176
3632.31730
3633.70117
3635.08746
3636.46098
3637.81693
3641.95778
3643.33923
3644.71743
3646.09299
3647.46904
3648.84795
3650.22896
3651.60165
