3327.76917
3330.94080
3334.11575
3337.28947
3340.46649
3343.63712
3346.81267
3349.98881
3356.33925
3359.51327
3362.68707
3365.86437
3369.03436
3372.21055
3375.38605
3378.55807
3388.08153
3391.25858
3394.43517
3397.61006
3400.78637
3403.95615
3438.87891
3442.05220
3445.22764
3448.40145
3454.74989
3457.92603
3461.10102
3470.62388
3473.79912
3480.14798
3483.32016
3486.49685
3489.67100
3492.84573
3496.01647
3499.19381
3502.37006
3505.55051
3508.72142
3511.89564
3515.07036
3546.81178
3549.98880
3553.16859
3559.51359
3562.68937
3565.86335
3572.21109
3575.38810
3578.56330
3584.91048
3588.08462
3591.25985
3594.43347
3603.96129
3607.13444
3613.48347
3616.65509
3619.83196
3623.00718
3626.18209
3629.35434
3632.53026
3635.70433
3642.05383
3645.22815
3648.40274
3651.57765
3654.75625
3657.92486
3661.09689
3664.28087
3670.62515
3673.80004
3676.97488
3680.14775
