3354.41008
3355.35080
3357.20673
3358.14060
3359.06605
3360.00100
3360.93673
3361.87016
3362.79692
3364.66627
3365.59979
3366.53013
3370.26154
3371.19286
3372.12504
3373.06026
3376.79156
3379.58421
3388.92142
3390.77273
3398.23493
3401.03401
3402.89668
3440.19876
3441.12775
3442.06171
3442.99863
3443.93069
3444.85885
3445.79438
3446.72856
3447.66032
3448.58933
3449.52408
3452.31903
3453.25352
3454.18753
3455.12058
3456.04794
3456.98173
3457.91698
3458.85180
3459.78182
3460.71092
3461.64604
3462.57939
3463.51092
3470.04043
3470.97065
3471.90019
3472.83598
3473.76920
3475.62945
3476.56377
3479.36004
3480.29345
3481.22506
3482.16044
3483.08895
3484.02221
3484.95758
3485.89082
3486.82293
3487.75234
3488.68915
3492.41891
3494.28164
3495.21360
3496.14739
3497.08135
3498.01396
3498.94225
3499.87548
3500.81144
3501.74208
3502.67126
3505.47395
3506.40101
3507.33401
3508.27151
3509.20444
3510.13111
3511.06263
3512.00248
3512.93342
3513.86522
3514.79545
3515.72796
3545.56522
3547.43466
3548.36669
3549.29468
3550.23107
3551.16720
3552.09680
3553.02587
3554.89442
3559.55798
3560.48387
3561.42234
3562.35412
3563.28878
3564.21559
3565.15173
3566.08360
3567.01670
3567.94961
3571.67871
3572.61154
3573.54348
3574.47767
3575.40913
3576.33877
3577.27284
3578.20692
3579.14024
3580.06942
3581.00339
3583.79845
3584.73647
3585.66881
3586.60166
3587.53302
3588.46252
3589.39439
3590.33242
3591.26415
3592.19904
3593.12778
3594.06269
3594.99294
3601.52104
3602.45253
3604.31543
3605.25049
3606.17827
3607.11501
3608.04521
3608.97965
3612.70827
3613.64184
3614.57395
3615.50415
3616.43840
3617.37426
3618.30399
3619.23334
3621.10317
3622.03404
3622.96236
3625.76430
3626.69065
3627.62646
3629.49359
3630.42253
3633.22356
3634.15265
3636.02226
3636.95324
3640.68477
3641.61655
3642.54676
3643.47990
3644.41397
3645.34661
3647.20804
3648.14298
3649.07404
3650.00418
3650.93857
3651.87362
3655.60309
3656.53621
3658.39997
3659.33282
3660.26675
3661.19731
3662.12732
3663.06467
3663.99616
3665.85745
3666.79186
3669.59235
3670.52267
3671.45699
3673.31716
3674.25234
3675.18817
3676.11892
3677.04684
3677.98219
3678.91759
3679.85097
3680.78092
3681.71166
