3357.85960
3360.85584
3363.85144
3366.84609
3369.84858
3372.84057
3375.84063
3378.83304
3387.82450
3390.81883
3393.81564
3399.80926
3402.80639
3405.80993
3468.72462
3471.72112
3474.71658
3480.71298
3483.70667
3486.70115
3489.69994
3492.70875
3495.69991
3498.69724
3501.68195
3507.69490
3510.66100
3513.69428
3546.63123
3549.62476
3552.62143
3561.61359
3564.60883
3567.60378
3627.53277
3630.52875
3633.52384
3636.52247
3642.51333
3645.50989
3648.50543
3651.50136
3654.49761
3660.49004
3663.48770
3666.48400
3669.48593
3678.46914
3681.46674
