3357.58990
3361.83543
3366.08391
3370.33357
3374.57973
3378.82575
3387.31847
3391.57202
3400.06474
3404.31381
3438.28734
3442.53700
3446.78454
3455.27889
3459.52658
3472.26491
3476.51613
3480.76513
3485.00919
3489.25814
3493.50509
3497.75553
3502.00091
3506.24728
3510.48988
3514.74112
3544.47219
3548.72033
3552.96659
3561.46165
3565.71007
3603.93677
3608.18220
3612.43323
3616.67835
3620.92560
3625.17093
3629.41934
3633.66782
3637.91490
3642.16189
3646.41016
3650.65678
3654.90794
3659.15085
3663.39883
3671.89291
3676.14052
3680.38907
