3357.04932
3359.97872
3362.90624
3365.83452
3371.69093
3374.61852
3377.54720
3386.32829
3389.25507
3392.18527
3395.08966
3398.04167
3400.97191
3403.89642
3439.03474
3441.96213
3444.88698
3447.81615
3453.67096
3456.60200
3459.52863
3462.45664
3494.66188
3497.58915
3500.52002
3506.37448
3509.30157
3512.23124
3515.16221
3544.44777
3547.36586
3550.29336
3553.22154
3562.00690
3564.93397
3567.85991
3602.98613
3605.93215
3608.85548
3614.70905
3617.63870
3620.56309
3623.49332
3626.41904
3629.35208
3632.27705
3635.20564
3638.15227
3643.97226
3646.91378
3649.84389
3655.70313
3658.62764
3661.55450
3664.48147
3667.41198
3670.34187
3673.27354
3676.19661
3679.12225
3682.05336
