3387.12975
3388.34242
3389.58367
3390.77863
3392.00786
3393.22677
3394.43248
3396.88162
3398.12195
3399.32737
3401.77543
3402.99494
3404.21000
3405.44563
3438.41500
3439.63652
3440.85792
3442.07837
3443.29954
3444.52044
3445.74307
3446.96610
3448.18482
3449.40648
3451.84950
3453.06997
3454.29097
3455.51285
3456.73384
3457.95577
3459.17594
3460.39771
3461.61978
3462.84061
3468.94718
3470.16908
3471.39008
3472.61150
3473.83264
3475.05584
3476.27655
3478.71867
3479.93957
3481.15981
3482.38226
3483.60295
3484.82438
3486.04603
3487.26802
3488.48766
3489.70868
3492.15119
3493.37282
3494.59383
3495.81564
3497.03737
3498.25942
3499.47844
3500.70144
3501.92128
3505.58670
3506.80843
3508.02904
3509.25150
3510.47185
3511.69391
3512.91410
3514.13554
3515.35736
3544.66842
3545.89241
3547.11381
3548.33859
3549.54608
3550.77450
3551.99717
3553.22681
3554.43212
3558.11000
3559.32144
3560.54171
3561.77140
3562.98451
3564.20805
3565.43615
3566.65018
3567.86679
3571.52969
3572.77692
3573.98400
3575.20944
3576.43385
3577.64322
3578.86169
3580.08238
3581.30346
3583.75251
3584.97253
3586.18235
3587.42144
3588.64485
3589.85394
3591.05674
3592.31772
3593.51775
3594.73778
3654.58329
3655.80788
3657.02792
3658.24765
3659.46906
3660.70216
3661.91287
3663.13480
3664.35569
3665.57687
3666.79959
3669.24147
3670.46365
3671.68372
3672.90537
3674.12464
3675.35109
3676.56907
3677.78957
3679.01276
3680.23311
3681.45436
