3326.12009
3327.35265
3328.59655
3329.83925
3331.07360
3332.28733
3333.54993
3334.80112
3336.02736
3337.26837
3340.98811
3342.22452
3343.46456
3344.70469
3345.93937
3347.18146
3349.66084
3350.89610
3352.13901
3354.61173
3355.86833
3357.09535
3358.33470
3359.56621
3360.81572
3362.05028
3363.29133
3364.52130
3365.76646
3369.48395
3370.73237
3371.96572
3373.19603
3374.44082
3375.68048
3376.91839
3379.38603
3468.61135
3469.84738
3471.09224
3472.32833
3473.58223
3474.81430
3476.03813
3479.76549
3481.00174
3482.25786
3483.47357
3484.72777
3485.96359
3487.19394
3488.43672
3489.67449
3545.42916
3546.67137
3547.91476
3549.15482
3550.39093
3551.63080
3552.87040
3554.11559
3560.31954
3561.55069
3562.79468
3564.01946
3565.26360
3566.49884
3567.73554
3654.47095
3655.72141
3656.96505
3658.19346
3659.43310
3660.67695
3661.91226
3663.14963
3664.38928
3665.63130
3666.86792
3669.34870
3670.58619
3671.82101
3673.06717
3674.30545
3676.78192
3678.02225
3679.26122
3680.50063
3681.73624
