3600.55639
3601.97039
3603.41608
3604.85771
3606.26255
3607.72442
3609.13562
3612.02866
3613.43239
3614.89110
3616.32576
3617.76535
3619.16679
3620.63695
3622.07334
3623.50532
3626.38330
3627.81498
3629.24530
3630.68451
3632.11921
3633.55188
3636.42146
3637.85808
3640.73141
3642.16455
3643.59735
3645.03153
3646.47117
3647.90462
3649.34295
3650.77351
3652.21861
3655.07679
3656.51763
3657.95750
3659.39437
3660.84183
3662.25760
3663.68569
3665.12503
3666.56014
3669.43397
3670.86787
3673.74616
3675.16639
3676.60613
3678.03910
3679.47241
3680.92194
