3354.57659
3355.17199
3356.93079
3359.28678
3359.87098
3362.22486
3363.40021
3364.57882
3365.16914
3365.75404
3366.92882
3370.45834
3371.63542
3374.57871
3375.17068
3376.34308
3376.92994
3377.52173
3379.28566
3386.92973
3387.51913
3388.10476
3389.28511
3393.39955
3396.92658
3397.51719
3399.28347
3399.87444
3400.45867
3401.04224
3401.63274
3402.22154
3402.80963
3439.27971
3439.86804
3440.45867
3442.22499
3442.80733
3444.57381
3445.16439
3446.34109
3446.92690
3447.51338
3448.10403
3448.69269
3449.28050
3449.86799
3452.22535
3452.80762
3453.98575
3454.57507
3455.16052
3456.33834
3456.92663
3457.51743
3458.10551
3458.69056
3459.27848
3459.86798
3460.45794
3461.04566
3461.63161
3462.22081
3462.80793
3463.39615
3468.69062
3469.27855
3469.86652
3470.45609
3471.04459
3472.81173
3473.39741
3473.98533
3474.57236
3475.75253
3476.33824
3478.69192
3479.27989
3479.86839
3480.45617
3481.04461
3481.63239
3482.22230
3482.81035
3483.39755
3483.98490
3484.57339
3485.16302
3485.74971
3486.33742
3486.92620
3487.51406
3488.10320
3488.69082
3489.27945
3489.86592
3545.15989
3545.74797
3546.92297
3547.51237
3548.10060
3548.68987
3549.27798
3549.86402
3550.45523
3551.04346
3551.63007
3552.21891
3552.80595
3553.39487
3553.98345
3554.57039
3555.15855
3558.10126
3559.27656
3560.45526
3561.04205
3561.62993
3562.21710
3562.80636
3563.39265
3563.98365
3564.57092
3565.15822
3565.74884
3566.33467
3566.92341
3567.51383
3568.09912
3571.04322
3571.62969
3572.21791
3572.80631
3573.39544
3573.98278
3574.57182
3575.15957
3575.74742
3576.33620
3576.92451
3577.51359
3578.10049
3578.68950
3579.27721
3580.45349
3581.04298
3583.39416
3583.98349
3584.57097
3585.15973
3585.74865
3586.92422
3587.51242
3588.10022
3588.68920
3589.27576
3589.86455
3590.45253
3591.04173
3591.62922
3592.80568
3593.39383
3593.98181
3594.56976
3595.15858
3601.62799
3602.21605
3602.80452
3603.98196
3604.56912
3605.15741
3605.74563
3607.51068
3608.09787
3608.68761
3609.27462
3612.21573
3612.80423
3615.15701
3615.74557
3616.33369
3616.92177
3617.50981
3618.09821
3618.68623
3619.27436
3619.86222
3620.45037
3621.03841
3621.62722
3622.21483
3622.80411
