3326.25367
3333.16875
3336.42145
3344.95958
3345.36047
3346.17834
3356.75068
3358.37545
3360.81395
3362.44209
3363.25260
3369.35689
3370.16885
3372.60498
3374.23395
3376.67428
3377.48791
3379.11168
3379.92907
3389.27797
3391.71800
3392.93884
3394.15607
3399.44295
3401.06993
3438.47760
3439.69681
3440.10601
3440.51125
3440.91751
3441.32368
3442.54405
3443.35604
3444.98323
3445.79459
3446.60697
3447.42369
3449.04797
3452.30101
3454.33566
3454.74212
3456.77359
3457.18318
3459.21388
3460.02795
3460.84088
3461.65415
3463.68737
3471.00513
3472.63437
3473.44621
3474.25931
3475.47755
3476.69622
3479.13758
3481.98447
3482.79716
3485.23838
3486.05318
3486.86143
3487.67135
3488.08357
3489.30421
3492.14903
3492.55652
3492.96469
3493.77563
3494.58871
3495.40462
3496.21471
3497.02807
3497.84080
3498.65241
3499.46937
3501.90910
3502.31489
3502.72316
3505.56816
3506.38028
3507.19362
3508.00592
3508.81958
3509.63263
3510.04025
3510.44613
3511.25723
3512.07346
3512.48062
3512.88491
3513.29228
3514.51435
3514.91849
3515.32658
3515.73336
3545.82255
3546.63228
3547.04298
3547.44648
3548.25975
3548.66867
3549.07135
3550.29518
3550.70402
3551.10727
3551.51286
3551.92052
3552.32652
3552.73484
3553.14140
3553.54849
3554.36107
3555.17329
3558.42597
3559.23954
3560.86469
3562.08598
3562.89849
3563.71112
3564.11882
3564.52906
3564.93934
3565.33895
3566.96544
3567.77532
3571.84199
3572.25149
3573.06473
3573.47518
3573.87788
3574.28314
3575.09926
3575.50397
3576.31618
3577.13043
3577.94297
3578.75649
3580.38321
3581.19776
3584.44995
3584.85512
3585.26371
3586.08176
3586.48115
3587.29727
3588.10736
3588.51759
3588.92195
3590.54896
3591.36141
3593.79802
3594.61551
3601.52625
3603.96737
3604.77922
3605.59412
3606.00099
3607.62614
3608.44118
3609.25257
3612.10432
3612.50358
3615.75731
3618.60573
3619.41811
3619.82699
3621.04399
3621.85658
3622.26512
3622.67066
3623.48257
3625.92241
3627.54795
3632.83539
3633.23961
3633.64921
3634.05303
3636.08816
3636.49411
3636.89901
3642.19073
3642.59094
3644.21620
3647.06229
3648.28315
3648.69120
3649.10747
3650.32075
3651.13055
3651.94896
3654.39092
3655.60821
3656.82838
3658.86038
3660.06997
3660.48425
3666.98653
3670.64988
3674.71567
3676.34207
3679.19243
3679.59655
3680.00174
3680.40968
3682.03160
