3326.55509
3328.94515
3331.33523
3333.72681
3336.11778
3340.90249
3343.28902
3345.68004
3350.46192
3352.85191
3355.24318
3357.63424
3360.02445
3362.41557
3364.80565
3369.58600
3371.97763
3374.36842
3376.75838
3379.14947
3386.32124
3388.71200
3391.10255
3393.49303
3398.27453
3403.05504
3405.44483
3438.91360
3441.30434
3443.69374
3446.08407
3448.47329
3453.25503
3455.64498
3458.03500
3460.42558
3462.81684
3469.98731
3472.37995
3474.77089
3479.54903
3481.93581
3484.32938
3486.72074
3489.11099
3546.48463
3548.87466
3551.26513
3553.65578
3558.44140
3560.82848
3563.21843
3565.60953
3567.99916
3572.78137
3575.17200
3577.56204
3579.95168
3584.73265
3587.12448
3589.51535
3591.90564
3594.29686
3601.47165
3603.85885
3606.24870
3608.64057
3613.42073
3615.81181
3618.20236
3620.59310
3622.98395
3625.37695
3627.76490
3630.15473
3632.54601
3634.93590
3637.32769
3642.10877
3644.49959
3646.88886
3649.28023
3651.67087
3656.45235
3658.84163
3661.23062
3663.62252
3666.01325
3670.79512
3673.18375
3675.57591
3677.96529
3680.35676
