3326.53732
3328.47658
3330.38631
3334.25459
3336.16894
3338.09830
3339.99806
3341.94997
3343.88761
3345.80721
3349.66399
3351.59108
3355.43646
3357.36238
3359.29236
3363.14548
3365.07806
3368.91195
3370.85008
3372.77779
3374.70739
3376.63599
3380.46400
3386.25720
3388.19310
3390.11788
3393.98084
3397.82495
3399.75176
3401.68050
3403.60640
3405.53195
3438.28706
3440.21276
3442.13940
3445.99256
3447.91854
3449.84784
3453.69920
3455.62556
3457.55489
3459.47989
3461.40559
3463.33288
3469.11285
3471.04249
3472.96602
3474.89411
3480.67318
3482.60062
3484.52675
3486.45312
3488.38054
3494.16116
3496.08819
3498.01429
3499.94226
3501.86761
3505.72108
3507.64892
3509.57531
3511.50141
3513.43021
3515.35581
3571.23029
3573.15674
3575.08425
3577.00959
3578.93442
3580.86331
3584.71702
3586.64066
3588.56475
3590.49718
3592.41775
3594.35087
3602.04248
3603.98359
3605.91219
3607.83992
3611.69007
3613.61876
3615.54425
3617.45868
3619.39745
3621.31267
3623.24990
3625.18498
3627.10453
3629.00612
3630.95693
3632.88641
3634.81183
3636.73716
3638.66594
3640.59862
3642.51670
3644.44380
3646.37067
3648.29712
3650.22471
3652.15053
3656.00426
3657.93086
3659.85749
3661.78584
3663.71101
3665.63848
3669.48686
3671.41823
3673.34490
3675.27168
3677.19768
3679.12538
3681.05123
