3684.02676
3684.85078
3685.68691
3686.51453
3687.34928
3688.17403
3689.01026
3689.83812
3690.67219
3691.49998
3692.33661
3693.16030
3693.99452
3694.82262
3695.65887
3698.14702
3698.98284
3699.80933
3700.64378
3701.47230
3702.30635
3703.13233
3703.96821
3704.79590
3705.63001
3706.45843
3707.29211
3708.11820
3708.95447
3709.78162
3712.27766
3713.10550
3713.93951
3714.76367
3715.60101
3716.42839
3717.26303
3718.09020
3718.92531
3719.75240
3720.58758
3721.41473
3722.24927
3723.07612
3726.40005
3727.23522
3728.06060
3728.89607
3729.72418
3730.55858
3731.38600
3732.22111
3733.04720
3733.88180
3734.71216
3735.54409
3736.37039
3737.20604
