3325.73970
3326.76665
3327.79442
3328.81642
3329.84719
3330.86844
3332.91798
3333.94503
3335.99585
3337.02061
3338.04616
3340.10254
3341.12411
3343.17344
3344.20212
3345.22449
3346.25068
3347.27548
3350.35154
3351.37622
3352.40160
3354.45909
3355.47750
3356.50338
3358.55437
3359.58034
3360.60599
3362.65612
3363.68239
3364.70644
3365.73283
3366.75764
3369.83398
3370.85959
3371.88464
3372.91093
3373.94000
3374.96057
3377.01514
3379.06281
3380.08839
3438.53690
3439.56226
3440.58782
3441.60982
3442.63845
3443.66520
3444.69049
3445.71490
3446.74006
3447.76538
3448.79120
3449.81731
3451.86804
3452.89360
3453.91879
3454.94323
3455.96897
3456.99526
3458.02213
3459.04610
3460.07034
3461.09596
3462.12148
3463.14708
3544.15602
3545.18085
3546.20703
3547.23280
3548.25625
3549.28245
3550.30820
3551.33303
3552.35808
3553.38331
3554.40860
3557.48858
3559.53670
3560.56184
3561.58795
3562.61224
3563.63789
3564.66360
3565.69040
3566.71398
3567.73929
3570.81554
3571.84054
3572.86577
3573.89207
3574.91883
3575.94272
3576.96713
3577.99416
3579.02010
3580.04533
3581.06975
3583.12127
3584.14645
3585.17192
3586.19735
3587.22229
3588.24826
3589.27298
3590.29876
3591.32386
3592.34922
3593.37514
3594.40103
3595.42564
3600.55373
3601.57894
3602.60551
3604.65345
3605.67944
3606.70537
3607.73315
3608.75572
3611.83148
3612.85813
3613.88759
3614.90748
3615.93380
3616.95854
3617.98523
3619.01005
3620.03563
3621.06230
3622.08696
3623.11157
3625.16042
3626.18863
3627.21392
3629.26171
3630.28982
3631.31639
3632.34265
3633.36603
3634.39207
3635.41646
3636.44248
3638.49468
3640.54654
3641.56929
3642.59460
3643.62022
3644.64548
3645.67126
3646.69665
3647.72140
3648.74848
3649.77256
3650.79794
3651.82326
