3326.11338
3326.52443
3328.98474
3331.03667
3335.95215
3336.36306
3337.59052
3338.00218
3340.05098
3340.46195
3342.51258
3342.92174
3343.33462
3343.74388
3344.14920
3344.96957
3345.38077
3345.79060
3346.20035
3349.89280
3350.71114
3351.12348
3354.39959
3355.21753
3355.62869
3356.44663
3360.13926
3360.54677
3361.36668
3361.77683
3362.18791
3362.60044
3364.23674
3364.64874
3365.05883
3365.46750
3365.87683
3369.15595
3369.56570
3370.38621
3370.79609
3371.61535
3372.02534
3372.84326
3374.07701
3374.48546
3375.30258
3376.53531
3376.94444
3377.35646
3378.99742
3387.19236
3388.42083
3390.88070
3391.70096
3393.33891
3394.16488
3399.48875
3401.13010
3404.41200
3404.81713
3438.84158
3439.25220
3440.07019
3440.48253
3441.30140
3441.71043
3442.53001
3442.94188
3443.75970
3444.16975
3444.98993
3445.40116
3446.22050
3446.63013
3447.44975
3447.86039
3448.68119
3449.08862
3451.96061
3452.77900
3453.18939
3454.00773
3454.41967
3455.23832
3455.64868
3456.46722
3456.87822
3457.69741
3458.10743
3458.92657
3459.33796
3460.15780
3461.38647
3461.79779
3462.61817
3463.02596
3463.43863
3469.17497
3469.58567
3470.40461
3470.81613
3472.86418
3473.27533
3474.09570
3474.50380
3475.32443
3475.73449
3476.55567
3479.42232
3479.83453
3480.65364
3481.06391
3481.88230
3482.29400
3483.11153
3483.52288
3484.75310
3485.57133
3485.98216
3486.80096
3487.21211
3488.03165
3488.44174
3489.26123
3489.67132
3492.13021
3493.35819
3493.77057
3494.59156
3495.00091
3495.81808
3496.23172
3497.04917
3497.46132
3498.28015
3498.68984
3499.51089
3499.91896
3500.73971
3501.14930
3501.96916
3502.37838
3506.06794
3507.29904
3507.70950
3508.52848
3508.93875
3509.75555
3510.16757
3512.21496
3512.62739
3513.85565
3514.67357
3515.08632
3515.90648
3545.42041
3546.65097
3547.87986
3549.10878
3550.33920
3550.75048
3551.56732
3551.97904
3552.79836
3553.20878
3554.02763
3554.43906
3557.71715
3558.12797
3559.35791
3560.58729
3561.81560
3564.27730
3565.50462
3565.91733
3566.73522
3567.14678
3567.96344
3572.06340
3573.29435
3574.52737
3576.16668
3576.98193
3578.21329
3579.44313
3580.67184
3581.08164
3585.59086
3587.23260
3588.46265
3590.10303
3590.92227
3593.37925
3594.60901
3595.02008
3602.39709
3604.85777
3606.08674
3607.31702
3607.72961
3608.54602
3608.95973
3612.64624
3613.46352
3616.33564
3617.56419
3617.97816
3618.79409
3620.02437
3621.25358
3621.66613
3622.48490
3626.17301
3626.58423
3627.40303
3627.81360
3630.27344
3632.73266
3633.96185
3636.42111
3641.34030
3641.75178
3642.56876
3642.98139
3644.21009
3645.44010
3647.89907
3649.12846
3650.35816
3651.58753
3651.99994
3655.68931
3656.50597
3656.91858
3659.37785
3660.60703
3661.83670
3663.06613
3664.29541
3665.52516
3666.75512
3667.16703
3670.44325
3670.85589
3671.67341
3673.31471
3674.54453
3675.77389
3677.00332
3678.23301
3679.46281
3680.69303
3681.92221
