3326.94229
3328.29508
3329.63645
3330.98444
3333.66916
3336.38459
3337.74494
3340.40773
3341.75376
3343.14279
3344.48872
3345.81492
3347.16519
3349.87292
3352.54756
3355.24323
3356.57249
3360.65499
3361.96527
3363.35608
3364.68751
3370.06613
3371.44484
3372.79752
3375.47097
3376.86170
3378.18083
3379.52410
3380.86879
3655.91924
3657.27332
3658.60619
3659.97348
3661.31620
3662.66994
3664.00658
3665.38006
3666.72121
3669.39338
3670.75860
3673.45353
3674.80295
3676.14895
3677.49654
3680.18717
3681.54652
