3354.75194
3355.54598
3357.10921
3357.89913
3359.46007
3360.24606
3361.81643
3362.60794
3363.38887
3364.17739
3364.95630
3365.74547
3366.53265
3368.88188
3369.66820
3370.45585
3371.23608
3372.02539
3372.81372
3374.37951
3375.16676
3376.73603
3377.52380
3379.09495
3439.55660
3440.34006
3441.91241
3442.70588
3443.48365
3444.26913
3445.05798
3445.84659
3446.63183
3447.40769
3448.19589
3448.99013
3449.77758
3452.11212
3452.91431
3453.69223
3454.47869
3455.26023
3456.04839
3456.81992
3457.61999
3458.39780
3459.19228
3459.97226
3460.76752
3461.54495
3462.32871
3463.11216
3468.60315
3469.38845
3470.18057
3470.96433
3472.55856
3473.32523
3474.10997
3474.89060
3475.68381
3476.45656
3478.82624
3479.60076
3480.38158
3481.95750
3482.73338
3483.54085
3484.31718
3485.10154
3485.87792
3486.67219
3487.45064
3489.03713
3489.80770
3544.77564
3545.56498
3546.34579
3547.13233
3547.92079
3548.71023
3549.49098
3550.27652
3551.05917
3551.84897
3552.62993
3553.41679
3554.20050
3554.98422
3557.34336
3558.12150
3559.69638
3560.48464
3561.26926
3562.05454
3562.83685
3563.62200
3564.40744
3565.19197
3565.97800
3566.76634
3567.55293
3625.65613
3626.44388
3627.23329
3628.01719
3630.37224
3631.15373
3632.72299
3633.50925
3634.30143
3636.65374
3640.56950
3641.35407
3643.72488
3644.49247
3645.28631
3646.07481
3646.85424
3647.64227
3648.42251
3649.21634
3649.99126
3650.77793
3651.57793
3652.35865
