3360.19397
3364.30955
3372.54207
3376.65787
3380.77499
3389.00551
3393.12096
3397.23665
3401.35387
3405.47088
3438.39780
3442.51337
3446.62978
3454.86115
3458.97782
3463.09422
3471.32571
3475.44201
3479.55756
3483.67444
3487.79031
3496.02455
3500.13687
3508.36889
3512.48568
3545.41409
3549.52946
3553.64547
3557.76636
3561.87719
3565.99421
3574.22520
3578.34108
3586.57232
3590.68853
3594.80466
3603.03839
3607.15372
3615.38485
3619.50117
3623.61672
3627.73380
3631.85068
3635.96544
3644.19694
3648.31296
3652.42921
3656.54550
3660.66254
3664.77717
3668.89558
3673.00872
3677.12506
3681.24103
