3355.70043
3357.27527
3360.42763
3362.00485
3363.58234
3365.15833
3366.73432
3371.46385
3373.04048
3374.61747
3377.77132
3379.34720
3380.92211
3439.25449
3440.83114
3442.40840
3443.98439
3445.56003
3447.13816
3448.71422
3451.86772
3453.44320
3455.01996
3456.59729
3458.17245
3459.75040
3461.32633
3462.90251
3544.88175
3546.46021
3548.03467
3549.61153
3551.18833
3552.76541
3554.34057
3557.49442
3560.64703
3562.22355
3563.80017
3565.37726
3566.95342
3571.68273
3573.25927
3574.83718
3576.41269
3577.98883
3579.56293
3581.14170
3584.29415
3585.87134
3587.44758
3589.02503
3590.60074
3592.17732
3593.75412
3595.33064
3601.63654
3603.21321
3604.79060
3606.36608
3607.94299
3611.09487
3612.67241
3614.24931
3615.82514
3617.40147
3618.97978
3620.55453
3622.13172
3626.86080
3630.01504
3631.58999
3633.16701
3634.74361
3636.32079
3641.04995
3642.62727
3644.20313
3645.77894
3647.35638
3648.93368
3650.50848
3652.08604
