3357.92202
3362.33982
3366.75593
3371.17616
3375.59430
3380.01382
3388.85223
3393.26915
3397.68808
3402.10478
3441.87034
3446.28926
3455.12606
3459.54427
3472.79958
3481.63580
3486.05413
3494.88883
3499.30769
3508.14600
3512.56406
3547.91163
3552.32996
3561.16588
3565.58507
3574.42140
3578.83954
3583.25778
3587.67696
3592.09490
3600.92966
3605.35107
3618.60594
3623.02437
3627.44363
3631.85991
3636.27819
3640.69833
3645.11552
3649.53344
3658.36949
3662.78874
3667.20801
3671.62594
3676.04402
3680.46266
