3325.59721
3326.67813
3327.74966
3328.81287
3330.94532
3332.02057
3333.09263
3334.15977
3335.21896
3336.29156
3337.36726
3340.57587
3342.70960
3343.77410
3344.83626
3345.91432
3346.97623
3350.18665
3352.31429
3354.43176
3355.52672
3356.59300
3357.66593
3359.79252
3360.87040
3361.93767
3363.00289
3364.07625
3365.13753
3366.20724
3369.40923
3370.47736
3371.54640
3372.61153
3373.68400
3374.75060
3376.88228
3379.01829
3380.08690
3386.50595
3387.57469
3388.64128
3389.70338
3390.77229
3391.83193
3392.90977
3393.97298
3397.18338
3398.25053
3399.32306
3400.38544
3401.45694
3402.52367
3403.59790
3404.65671
3405.72800
3438.83457
3439.89899
3440.98155
3442.03268
3443.10122
3444.17520
3445.25188
3446.32009
3447.38417
3448.44643
3449.51180
3452.71783
3453.78113
3454.85051
3455.93198
3456.98945
3458.06378
3459.12770
3460.18978
3461.26660
3462.32164
3463.39248
3468.72158
3469.80822
3470.86800
3471.94377
3473.00901
3474.08470
3475.15031
3476.21141
3479.42640
3480.48853
3481.56461
3482.62900
3483.69628
3484.76666
3485.83324
3486.89953
3487.97034
3489.03746
3492.24188
3493.30984
3494.37603
3495.44566
3496.51167
3497.58109
3498.65269
3499.71580
3500.78940
3501.85453
3506.12832
3507.18420
3508.25437
3509.33413
3510.39679
3511.47068
3512.53462
3513.59913
3514.67804
3515.74055
3544.57586
3545.65245
3546.71700
3547.78223
3548.85239
3549.91821
3550.99107
3552.05928
3553.12668
3554.18535
3557.39256
3558.45673
3559.52318
3560.59179
3561.66018
3562.72638
3563.79651
3564.86721
3565.94186
3567.00279
3568.07251
3571.27365
3572.34554
3573.41195
3574.47830
3575.54586
3576.61710
3577.68264
3578.75238
3579.81992
3580.88498
3584.08489
3585.16991
3586.22245
3587.29121
3588.35832
3589.42771
3590.49595
3591.56409
3592.63068
3593.70054
3594.76993
3602.27142
3603.32181
3604.40583
3605.47376
3606.53556
3607.61127
3608.67349
3611.85590
3612.94668
3614.00889
3615.07701
3616.14727
3617.21494
3618.27900
3619.35049
3620.41813
3621.48464
3622.55108
3623.61241
3625.75326
3626.81962
3627.88731
3630.02094
3631.08578
3632.15051
3633.21681
3634.28871
3635.35325
3636.42001
3638.55844
3640.72368
3641.76813
3642.84348
3643.91023
3644.98141
3646.04665
3647.11154
3648.18205
3649.24717
3650.31994
3651.38659
3652.45402
3654.58848
3655.66040
3656.72535
3658.85618
3659.92004
3660.99328
3662.05714
3663.13614
3664.20270
3665.26681
3666.33119
3669.53119
3670.60615
3671.68298
3672.74163
3673.80733
3674.87916
3675.94893
3677.01604
3678.08423
3679.15290
3680.22025
3681.28921
