3365.53554
3375.43624
3439.78367
3441.43303
3443.08330
3444.73296
3446.38377
3448.03208
3449.68317
3452.98279
3454.63357
3456.28332
3457.93438
3459.58225
3461.23272
3462.88230
3469.48196
3471.13320
3472.78264
3474.43316
3476.08254
3479.38183
3481.03193
3482.68298
3484.33176
3485.98122
3487.63082
3489.28113
3492.58188
3494.23105
3495.88023
3497.53091
3499.18121
3500.83002
3502.48053
3505.78015
3507.42923
3509.08069
3510.72825
3512.37836
3514.02805
3515.67790
3545.37948
3547.02563
3548.67564
3550.32674
3551.97697
3553.62595
3555.27618
3560.22349
3561.87437
3563.52780
3565.17558
3566.82766
3626.22577
3627.87573
3629.52447
3631.17485
3632.82452
3634.47704
3636.12787
3641.07405
3642.72521
3644.37581
3646.02410
3647.67419
3649.32335
3650.97491
3652.62390
3655.92389
3659.22408
3662.52354
3665.82549
3667.47498
3669.12719
3670.77312
3672.42313
3674.07379
3675.72421
3677.37506
3679.02322
3680.67203
