3354.32811
3355.61030
3356.89292
3358.17598
3359.45849
3360.74163
3362.02364
3363.30597
3364.58764
3365.87135
3369.71807
3370.99953
3372.28326
3373.56612
3374.84875
3377.41337
3379.97759
3381.26104
3386.39104
3387.67308
3388.95534
3390.23620
3391.51957
3392.80262
3394.08601
3397.93342
3399.21558
3400.49967
3401.78042
3403.06288
3404.34384
3405.62783
3438.97300
3440.25556
3441.53756
3442.82108
3444.10269
3445.38507
3446.66800
3447.94936
3449.23265
3451.79845
3453.07986
3454.36188
3455.64494
3456.92759
3458.20986
3459.49207
3460.77494
3462.05761
3463.33961
3469.75226
3471.03588
3472.31663
3473.60017
3474.88274
3476.16530
3478.72955
3480.01179
3481.29463
3482.57672
3483.85958
3485.14233
3486.42495
3487.70765
3488.98895
3492.83701
3494.11924
3495.40201
3496.68503
3497.96517
3499.24987
3500.53241
3501.81390
3505.66187
3506.94544
3508.22722
3509.50953
3510.79179
3512.07473
3513.35742
3514.63978
3545.41943
3546.70137
3547.98412
3549.26642
3550.55022
3551.83194
3553.11471
3554.39675
3558.24394
3559.52740
3560.80854
3562.09130
3563.37390
3564.65673
3565.93852
3567.22179
3571.06947
3572.35182
3573.63348
3574.91669
3576.19897
3577.48118
3578.76321
3580.04586
3581.32954
3583.89432
3585.17659
3586.45852
3587.74190
3589.02314
3590.30572
3591.58857
3592.87166
3594.15409
3595.43606
3600.56631
3601.84913
3603.13133
3604.41287
3605.69606
3606.97854
3608.26157
3612.10870
3613.39117
3614.67419
3615.95620
3617.23774
3618.52044
3619.80347
3621.08666
3622.36878
3623.65185
3626.21605
3627.49868
3628.78076
3630.06340
3631.34434
3632.62825
3633.91083
3635.19254
3636.47580
3637.75767
3640.32325
3641.60465
3642.88839
3644.17031
3645.45335
3646.73604
3648.01904
3649.30097
3650.58325
3651.86529
3654.42886
3655.71376
3656.99447
3658.27603
3659.55942
3662.12556
3663.40746
3664.69259
3665.97353
3667.25478
3669.82102
3671.10221
3672.38614
3673.66698
3674.95208
3676.23374
3677.51616
3678.79834
3680.08208
3681.36405
