3355.22036
3359.83546
3362.13080
3363.28018
3366.73439
3370.19363
3371.33731
3374.79676
3379.40070
3386.31539
3388.61585
3389.78187
3397.84113
3400.12655
3492.25560
3493.40585
3494.58128
3495.71103
3498.01357
3499.17999
3500.31858
3501.46734
3502.62712
3506.07487
3508.37763
3509.52741
3510.68530
3511.84030
3512.98244
3515.30634
3571.71086
3572.86271
3574.01995
3575.16894
3576.32041
3577.47499
3579.76553
3580.92037
3585.52953
3586.69702
3588.98386
3590.13569
3593.59235
3594.74379
3654.62187
3655.77590
3656.92619
3658.09109
3660.38281
3661.53096
3664.98586
3666.14154
3670.74753
3674.20279
3675.36637
3677.65217
3679.96604
3681.10970
