3386.67507
3387.46699
3388.26307
3389.05483
3390.64194
3391.43843
3393.03063
3393.82335
3397.00860
3397.79180
3399.38878
3400.18087
3400.97535
3401.77182
3402.56100
3403.35727
3404.15353
3404.94442
3438.30828
3439.10299
3439.89771
3440.69150
3441.48383
3442.28042
3443.07454
3443.86973
3444.66351
3445.45783
3446.25360
3447.04634
3447.84107
3448.63572
3449.43020
3451.81216
3452.60727
3453.40071
3454.19635
3454.99124
3455.78634
3456.57865
3457.37269
3458.16771
3458.96197
3459.75747
3460.55344
3461.34632
3462.14059
3462.93315
3463.72869
3468.49656
3469.28901
3470.08338
3470.87858
3472.46688
3473.26178
3474.05509
3474.85064
3475.64427
3476.43964
3478.81980
3479.61574
3480.40928
3481.20635
3482.00285
3482.79797
3483.58803
3484.38449
3485.17338
3485.97327
3486.76454
3487.55897
3488.35190
3489.15297
3544.75737
3545.55049
3546.34445
3547.13834
3547.93354
3548.72825
3549.52464
3550.31762
3551.11123
3551.90534
3552.70129
3553.49386
3554.28820
3555.08272
3557.46567
3558.26024
3559.85100
3560.64435
3561.43857
3562.23304
3563.02567
3563.82236
3564.61620
3565.40967
3566.20434
3566.99902
3567.79267
3571.76503
3572.55983
3573.35371
3574.14920
3574.94367
3575.73652
3576.53287
3577.32535
3578.11992
3578.91411
3579.70967
3580.50375
3581.30018
3583.68033
3585.27033
3586.06381
3586.86028
3587.65276
3588.44674
3589.23605
3590.03664
3590.82959
3591.62522
3592.41225
3593.21342
3594.00876
3594.80118
3654.38243
3655.17748
3655.97020
3656.76467
3659.14872
3659.94328
3661.53236
3662.32551
3663.12038
3663.91438
3665.50332
3666.29810
3667.09250
3669.47593
3670.26802
3671.06442
3671.85841
3672.65142
3673.44677
3674.24187
3675.03699
3675.83133
3676.62375
3677.41947
3678.21482
3679.00873
3679.80257
3680.59594
3681.39091
