3684.08705
3684.88891
3685.68452
3686.49118
3687.28889
3688.89648
3689.69530
3690.49774
3691.29308
3692.89390
3693.70133
3694.50414
3695.30156
3698.51311
3699.31340
3700.11249
3700.91348
3702.51764
3703.31687
3704.11809
3704.92560
3705.71950
3706.52133
3707.32546
3708.12714
3708.92839
3709.73269
3712.13226
3712.93602
3713.73578
3714.52842
3715.34109
3716.14245
3716.94281
3717.74277
3718.54337
3719.34696
3720.95005
3721.74969
3722.55051
3723.35346
3726.55863
3727.36045
3728.16132
3728.96386
3729.76235
3730.56572
3731.36643
3732.16580
3732.96883
3733.76893
3734.57176
3735.37099
3736.17494
3736.97819
3739.38069
3740.17563
3740.98149
3741.78461
3742.58385
3743.38551
3744.18374
3744.98878
3745.78957
3746.59233
3747.39320
3748.19334
3748.99460
3749.79612
3752.19947
3753.00145
3753.80270
3754.60293
3755.40649
3756.20912
3757.00317
3757.81063
3758.60948
3759.41331
3760.21467
3761.01699
3761.81742
3762.61796
