3354.53124
3355.83060
3357.13270
3364.93404
3366.22252
3370.13540
3371.43122
3372.73273
3374.03642
3375.33382
3376.63780
3390.93902
3393.54180
3397.44133
3400.04020
3401.33834
3402.64536
3405.23934
3441.63609
3442.93987
3444.23590
3446.84361
3448.14922
3449.44879
3452.04919
3453.35050
3454.64787
3455.94289
3458.54705
3461.14223
3462.44172
3475.46036
3481.95467
3484.54752
3485.84586
3487.15613
3489.75257
3544.36793
3545.67562
3548.25225
3550.85663
3552.15577
3553.46418
3561.25867
3563.85861
3572.96619
3574.26198
3579.46632
3580.84089
3583.37120
3585.93030
3587.28411
3593.78135
3595.06706
3605.46204
3606.77857
3611.96839
3617.17135
3618.47702
3621.07686
3622.37100
3623.67326
3626.35458
3630.17127
3631.46554
3634.07468
3636.67610
3640.56726
3641.88328
3647.08103
3649.67604
3650.97575
3652.27561
3656.17505
3660.07446
3662.67682
3666.57768
3670.46881
3676.98355
3678.28012
3680.87960
