3570.90485
3572.17699
3573.44373
3574.71759
3575.98487
3577.25510
3578.52530
3579.79739
3581.06975
3583.61833
3584.88068
3586.15137
3587.42010
3588.69032
3589.96094
3591.23179
3592.50054
3593.77310
3595.04312
3601.39762
3602.66849
3603.92963
3605.20507
3606.46988
3607.74564
3609.02789
3611.56911
3612.82710
3614.09603
3615.37193
3616.63940
3617.90969
3619.18073
3620.45213
3621.72327
3622.99409
3625.53290
3626.80397
3628.08343
3629.35061
3630.61720
3633.15638
3634.42534
3635.69754
3636.96971
3638.23463
3640.77845
3642.05102
3643.32299
3644.59217
3645.86231
3647.12907
3648.40177
3649.67275
3650.94170
3652.21474
