3325.69513
3326.18581
3328.15928
3328.65152
3330.62192
3331.11606
3333.08529
3333.57904
3334.06989
3334.56371
3336.04190
3336.53472
3337.02834
3338.01444
3339.98348
3340.47780
3342.94083
3343.43435
3343.92443
3344.91121
3345.40285
3345.89548
3346.39031
3349.83968
3350.33381
3350.82403
3352.30068
3352.79638
3354.76433
3355.25665
3355.75065
3356.73890
3357.23159
3358.21551
3359.69239
3360.18741
3360.67705
3362.15731
3362.65004
3363.14261
3364.62024
3365.11409
3365.60562
3366.59045
3369.05932
3369.54543
3370.53288
3371.51832
3372.01167
3372.99709
3374.47590
3375.45994
3376.44484
3376.93814
3377.43059
3378.90907
3379.89443
3386.29848
3386.79293
3388.27293
3389.25502
3391.71970
3393.19742
3394.18414
3397.13982
3397.63433
3399.11176
3400.09639
3401.08487
3401.57640
3402.56014
3403.04998
3405.02503
3405.51772
3439.02302
3439.51554
3440.00661
3440.50016
3440.99219
3441.48510
3441.97787
3442.46983
3442.96683
3443.45752
3443.94998
3444.44119
3445.42890
3445.92159
3446.41358
3446.90555
3447.40040
3447.89289
3448.38367
3449.36875
3452.32514
3452.81827
3453.80441
3454.29758
3454.79042
3455.28316
3455.77414
3456.26873
3456.76159
3457.25425
3457.74662
3458.23916
3458.73118
3459.22356
3459.71568
3460.21104
3460.70370
3461.19334
3462.17907
3462.67055
3463.16630
3468.58793
3469.07884
3469.57268
3470.55588
3471.05015
3472.52681
3473.51594
3474.00514
3474.49832
3474.99290
3475.48545
3475.97748
3476.47157
3478.93403
3479.42180
3479.91995
3480.41201
3480.90388
3481.89144
3482.37784
3483.36533
3483.85981
3484.84837
3485.33704
3485.82990
3486.81693
3487.31264
3487.80428
3488.79181
3489.27602
3489.77583
3492.23460
3493.21970
3493.71633
3494.20845
3494.69892
3495.68499
3496.17942
3496.66958
3497.16602
3497.65668
3498.14859
3498.64488
3499.13308
3499.63145
3500.12003
3500.61514
3501.59886
3502.09250
3506.03302
3506.52628
3507.01832
3508.00108
3508.50074
3508.98916
3509.48121
3509.97785
3510.46673
3511.94466
3512.43999
3512.93416
3513.42286
3514.90623
3515.88874
3544.95816
3545.45215
3545.94544
3546.93129
3547.42377
3547.91747
3548.40880
3548.89917
3549.88575
3550.37746
3550.87193
3551.36470
3551.85533
3552.34825
3552.84405
3553.33590
3553.82844
3554.32113
3558.26333
3559.74067
3560.23280
3561.21994
3561.71048
3562.20323
3562.69759
3563.18923
3563.68268
3564.17483
3565.16213
3565.65084
3566.63792
3567.12986
3571.56339
3572.55040
3573.04359
3573.53730
3574.02957
3574.52130
3575.01468
3575.50768
3576.49374
3576.98706
3577.97079
3578.46232
3578.95830
3579.44819
3580.92768
3581.42121
3584.86850
3585.36143
3585.85476
3586.84052
3587.82549
3588.31848
3589.30717
3589.79666
3590.78252
3591.27200
3592.75330
3593.73865
3594.22843
3594.72255
3595.21651
3602.11459
3602.60774
3604.08514
3605.07257
3605.56413
3606.05491
3606.54858
3607.53544
3608.02931
3609.01418
3612.46231
3614.92546
3615.41806
3615.90961
3616.40394
3617.39329
3618.37602
3618.86726
3619.35817
3619.85468
3620.34573
3620.83602
3621.82355
3622.31664
3622.81229
3623.30213
3627.73796
3629.70747
3630.20106
3630.69027
3633.15717
3633.64894
3634.63345
3636.11086
3636.60346
3641.53232
3642.02678
3643.01146
3643.50264
3644.48855
3644.98351
3645.96597
3646.46038
3647.44597
3647.93849
3648.43228
3648.92389
3649.41994
3649.91015
3650.40244
3650.89613
3651.38780
3651.87950
3652.37510
3654.83790
3655.82137
3657.29991
3658.77773
3659.27079
3659.76476
3660.25639
3661.73159
3662.72084
3663.21417
3665.67695
3666.17156
3667.15335
3670.11066
3670.60574
3671.09632
3671.58964
3674.05477
3674.54470
3676.02333
3677.00846
3677.50453
3678.48947
3678.98126
3679.47506
3679.96723
3680.45876
3680.95073
3681.44180
