3684.44105
3685.47312
3685.99045
3686.50808
3687.02244
3687.53786
3690.11901
3690.63667
3691.15370
3693.21775
3693.73307
3694.24988
3695.28268
3695.79914
3698.89592
3700.44470
3700.96065
3701.47580
3702.51095
3703.54116
3704.05871
3704.57307
3705.09190
3707.15663
3707.67131
3708.19017
3708.70386
3709.21996
3709.73813
3712.31895
3712.83487
3713.34967
3713.86668
3714.38336
3714.89873
3715.41493
3715.93116
3716.44785
3716.96514
3717.48031
3717.99593
3718.51266
3719.02936
3719.54449
3721.61127
3722.64226
3723.15857
3726.25517
3727.28707
3727.80383
3728.32187
3729.86943
3730.38654
3730.90324
3731.41805
3731.93311
3732.45073
3732.96787
3733.99802
3734.51573
3735.03286
3735.54706
3736.06472
3736.58010
3737.09675
3739.16204
3739.67819
3740.19590
3740.71037
3741.22695
3741.74360
3742.25988
3742.77479
3743.80755
3744.32477
3744.84114
3745.35656
3745.87303
3746.38911
3746.90581
3747.42097
3747.93821
3748.45372
3748.97048
3749.48755
3750.00240
3752.06679
3752.58488
3753.10034
3753.61728
3754.13376
3754.64858
3755.68184
3756.19848
3756.71575
3757.74624
3758.26308
3758.77983
3759.29484
3760.32742
3760.84421
3761.35956
3761.87655
3762.39246
3762.90911
3818.15140
3819.18513
3819.70211
3820.21866
3820.73572
3822.28306
3822.80047
3823.31555
3823.83255
3824.34891
3824.86526
3825.38241
3825.89808
3826.92967
3827.44662
3830.02614
3830.54389
3832.09318
3832.60833
3833.12507
3833.64093
3834.15793
3834.67265
3835.18996
3836.22263
3836.73974
3837.25468
3837.77199
3838.28743
3839.32131
3840.35222
3840.86896
