3326.59737
3328.26887
3330.49122
3331.04724
3333.28236
3333.84524
3336.05763
3337.17259
3339.95719
3340.51550
3341.06845
3343.29434
3343.84883
3344.95280
3345.51977
3346.07760
3349.97449
3350.52806
3351.08592
3352.19804
3352.75527
3354.42926
3355.53781
3358.31586
3359.44040
3359.98915
3360.55311
3362.21290
3363.88852
3364.99597
3371.67328
3372.80568
3378.35046
3378.90015
3386.15057
3386.70450
3388.36082
3394.50020
3397.83543
3398.39442
3399.50504
3400.05154
3401.17647
3402.28399
3402.84161
3403.39571
3405.07991
3438.46237
3439.01739
3439.56226
3440.13392
3440.68134
3441.24556
3441.79684
3442.34911
3442.91140
3443.47319
3444.59440
3445.13330
3445.69691
3446.24342
3446.80487
3447.35766
3447.92041
3448.47893
3449.03502
3449.59956
3452.37723
3452.93279
3453.48003
3454.03511
3454.59948
3455.15749
3455.70753
3456.26358
3456.82141
3457.38490
3457.94183
3458.48690
3459.05754
3459.60382
3460.15968
3460.71813
3461.26685
3461.82710
3462.39544
3462.94538
3463.50374
3468.50591
3469.06661
3469.62188
3470.18321
3470.73554
3471.29043
3471.85329
3472.40456
3472.96003
3473.51320
3474.07474
3475.18903
3475.74283
3476.30199
3479.07353
3479.63522
3480.20012
3480.75168
3481.31080
3481.86887
3482.98227
3483.53607
3484.65538
3485.20828
3485.77066
3486.32068
3486.87883
3487.43848
3487.98999
3488.55131
3489.10489
3489.67189
3492.43799
3492.99546
3494.11303
3494.66750
3495.22674
3495.77881
3496.35145
3496.88957
3497.45875
3498.00214
3498.56585
3499.12870
3499.66782
3500.22571
3500.78731
3501.35721
3501.90625
3502.45734
3505.23515
3505.80241
3506.36706
3506.91658
3507.47315
3508.02393
3508.57386
3509.13556
3509.69825
3510.25369
3510.80446
3511.36778
3511.90914
3512.48461
3513.03145
3513.58898
3514.14761
3514.70212
3515.25830
3515.80973
3544.19697
3544.75295
3548.65186
3549.76220
3550.32069
3550.87435
3551.43748
3553.10930
3559.22562
3560.35034
3561.44442
3562.56392
3563.12184
3563.67838
3564.23541
3564.78694
3565.34928
3565.90889
3567.57632
3571.47178
3572.02361
3572.57796
3573.13531
3573.69305
3574.25370
3574.81397
3575.36379
3575.92277
3576.47500
3577.04182
3577.58755
3578.14491
3578.70985
3579.25569
3579.81874
3580.93163
3585.37905
3585.92786
3586.48965
3587.05146
3587.60535
3588.16080
3588.71961
3589.28341
3589.83034
3590.38582
3590.94504
3591.50484
3592.06313
3592.61731
3593.16961
3593.72117
3594.28332
3594.84205
3595.40710
3601.52052
3602.07809
3602.62901
3603.74192
3604.30206
3604.85969
3605.41379
3605.96984
3606.52322
3607.07910
3607.63553
3608.19387
3608.75267
3609.31508
3612.64520
3613.19970
3613.76649
3614.31564
3614.86821
3615.42863
3615.98635
3616.53966
3617.09238
3618.21665
3618.76810
3619.32035
3619.88022
3620.43449
3620.99286
3621.55074
3622.10309
3622.66462
3623.22359
3626.57840
3627.12465
3627.66716
3629.34698
3630.44082
3631.01592
3631.57601
3633.80033
3634.92453
3635.47028
3636.01453
3636.57596
3637.13120
3641.58921
3642.14634
3642.71295
3643.82181
3644.36982
3644.92564
3646.03757
3646.58704
3647.13997
3648.26297
3648.81658
3649.39005
3650.48899
3651.04188
3651.59482
3654.38339
3655.50178
3656.05166
3656.62094
3657.16731
3659.40834
3659.95627
3660.50967
3661.05142
3661.62957
3662.73440
3663.30157
3663.84395
3664.39450
3665.52699
3666.08370
3666.62914
3667.19160
3669.42548
3670.52501
3671.08618
3671.63596
3673.31073
3674.41550
3674.97235
3676.09143
3676.64702
3677.22200
3677.75908
3679.44527
3679.98091
3680.54304
3681.09245
3681.66245
