3438.74725
3439.30578
3439.86475
3440.42398
3440.98269
3442.10172
3442.66208
3443.22084
3443.78177
3444.34030
3444.89928
3445.45879
3446.01841
3446.57812
3447.13770
3447.69701
3448.25627
3448.81569
3449.37429
3452.17167
3452.73135
3453.29096
3453.85026
3454.41094
3454.97027
3455.52902
3456.08800
3456.64795
3457.20710
3457.76670
3458.32699
3458.88615
3459.44509
3460.00392
3460.56385
3461.12288
3461.68276
3462.24331
3462.80165
3463.36175
3492.45159
3493.01124
3493.56952
3494.12752
3494.68641
3495.24742
3496.36607
3497.48267
3498.04896
3498.60651
3499.16430
3499.72352
3500.28456
3500.84051
3501.96264
3502.52288
3505.87696
3506.43674
3506.99637
3507.55965
3508.11624
3508.67736
3509.23539
3509.79382
3510.35104
3510.91575
3511.47337
3512.03152
3512.59246
3513.15095
3513.71091
3514.27178
3514.83080
3515.39181
