3356.54874
3359.15771
3361.76852
3364.36827
3369.58494
3372.19562
3374.79935
3377.40783
3380.01992
3439.97931
3442.58673
3445.19453
3447.80130
3453.01511
3455.62218
3458.23097
3460.84168
3463.44744
3468.66018
3471.26913
3473.87543
3476.48282
3479.09020
3481.69660
3484.30175
3486.90976
3489.51701
3492.12543
3494.73543
3497.33658
3499.94409
3502.55217
3507.76409
3510.37271
3512.98297
3515.58764
3544.26477
3546.87450
3549.47738
3552.08902
3554.69774
3557.30361
3559.91088
3562.51390
3565.12231
3567.73011
3572.94553
3575.55350
3578.16144
3580.76859
3585.98342
3588.56912
3591.18060
3593.78596
3601.62482
3604.21268
3606.83785
3609.44374
3612.05300
3614.66027
3617.26648
3619.87461
3622.48060
