3356.74295
3359.25135
3361.76667
3364.26679
3366.77577
3371.80888
3374.32640
3376.84069
3379.33468
3439.64067
3442.15212
3444.66051
3447.17779
3449.68865
3452.19917
3454.71852
3457.22169
3459.73818
3462.24072
3545.14912
3547.65950
3550.16357
3552.68799
3560.22026
3562.73496
3565.24472
3567.75952
3600.41705
3602.93137
3605.43819
3607.94980
3612.97637
3615.49370
3618.00152
3620.51529
3623.02685
3625.53739
3628.05234
3630.55578
3633.07343
3635.58187
3640.61188
3643.11805
3645.63623
3648.14366
3650.65881
