3328.34889
3330.94135
3333.03143
3334.07424
3336.14766
3337.19120
3341.34873
3341.86849
3342.90469
3343.42824
3343.94692
3344.98838
3345.51850
3346.03221
3354.34433
3354.86423
3355.89686
3356.43253
3357.46698
3359.02554
3359.54901
3360.06636
3362.14259
3362.67149
3363.19368
3364.22400
3365.77491
3368.90755
3369.43297
3370.46607
3371.50350
3372.02324
3374.62166
3376.69894
3378.78378
3387.09463
3387.61624
3388.15138
3388.66058
3399.59623
3401.13428
3402.17552
3404.25470
3405.31688
3439.61542
3443.25166
3443.76896
3444.80198
3445.33027
3445.84892
3446.38359
3446.89975
3447.40603
3448.45583
3449.49595
3452.08000
3453.11376
3454.17411
3455.20593
3455.73224
3456.24740
3456.76836
3457.80503
3458.34742
3458.86468
3459.38270
3459.89096
3460.40838
3460.92408
3461.45227
3461.96913
3463.01120
3468.72243
3469.26306
3471.33790
3472.36527
3472.90646
3473.40729
3473.92717
3474.44810
3475.48630
3476.52709
3479.12462
3480.17480
3480.68795
3481.72264
3482.24810
3482.76940
3483.29244
3483.80097
3486.40039
3487.45975
3487.97084
3488.50303
3489.02289
3489.52812
3492.13081
3493.16477
3493.67832
3494.19614
3495.74433
3497.31853
3498.35504
3498.89068
3501.50456
3501.98996
3502.51939
3505.12107
3505.63757
3506.15616
3507.73918
3509.29379
3509.82210
3510.32932
3510.82056
3511.37275
3511.89832
3514.48950
3515.01603
3515.51295
3545.15519
3545.67414
3546.19905
3547.23783
3548.27416
3548.79403
3549.31402
3549.83170
3550.35485
3550.88037
3551.38760
3551.91046
3552.44155
3552.94583
3553.47263
3554.00446
3554.50597
3555.03276
3558.15975
3559.18216
3559.71727
3560.23585
3561.79139
3562.31026
3562.83588
3563.86969
3564.39051
3564.90502
3565.42679
3566.46968
3566.98105
3567.52681
3571.66652
3572.20466
3573.22697
3575.30881
3576.87070
3577.40031
3577.90609
3578.44764
3580.51942
3581.02130
3583.65207
3584.15675
3586.74798
3587.26998
3587.79706
3588.31580
3588.84139
3589.86363
3590.38477
3590.89921
3591.43128
3591.94983
3593.49730
3594.54294
3595.06745
3601.31396
3601.84451
3602.85609
3603.91582
3604.43270
3605.99487
3606.50488
3607.02494
3607.54772
3608.06646
3608.58887
3614.82139
3616.37809
3616.90088
3617.94434
3618.46891
3618.99172
3619.50522
3620.03466
3620.55906
3621.06786
3621.57544
3622.11114
3623.14972
3623.65819
3625.73109
3626.26190
3626.78698
3627.82820
3629.36169
3629.90659
3630.94381
3632.50922
3633.01840
3633.53636
3634.05817
3635.62012
3636.13051
3636.65093
3637.17121
3641.34355
3641.86249
3642.37897
3642.88781
3643.93877
3644.44836
3644.97859
3645.49968
3646.02407
3646.52802
3647.05371
3647.57204
3648.11065
3648.60849
3649.67083
3651.19443
3651.74703
3652.24079
3654.33413
3655.90630
3656.41175
3656.92945
3658.48095
3659.01125
3659.53610
3660.04804
3660.56941
3661.61583
3662.15284
3662.65558
3663.18667
3663.70075
3665.78417
3666.82526
3667.33486
3670.45103
3670.97237
3671.48588
3673.57608
3674.08518
3674.61433
3675.13259
3675.65670
3676.69566
3677.20168
3677.73532
3678.25444
3679.29736
3679.80565
3680.33105
3680.84145
3681.37654
3681.89032
