3683.89075
3684.49710
3685.10669
3685.71654
3686.32685
3686.93552
3687.54566
3688.15935
3689.38482
3689.98344
3690.59316
3691.20317
3692.42120
3693.03080
3693.64074
3694.25105
3694.86131
3695.47091
3698.51991
3699.12840
3699.73830
3700.34737
3700.95851
3701.56845
3702.17462
3702.78605
3704.00596
3704.61473
3705.22406
3706.44797
3707.05461
3707.66432
3708.27384
3708.88291
3709.49338
3712.54260
3713.14947
3713.76060
3714.36993
3714.97915
3715.59275
3716.19895
3716.80815
3717.41888
3718.03043
3718.63737
3719.24747
3719.85668
3720.46878
3721.07932
3721.68663
3722.29773
3722.90589
3723.51769
3726.56335
3727.17208
3727.78154
3728.39301
3729.00492
3729.61468
3730.22236
3730.83334
3731.44158
3732.05003
3732.66037
3733.26949
3733.87880
3734.49077
3735.09710
3735.70824
3736.31752
3736.92688
