3330.48574
3331.38278
3333.17668
3334.07336
3334.97265
3335.86740
3336.76322
3337.66849
3340.35372
3341.24935
3342.14793
3343.04232
3343.93850
3344.83606
3345.73374
3346.63139
3350.21717
3351.11411
3352.01314
3352.90521
3354.70087
3355.59850
3356.49373
3357.39276
3358.29109
3359.18653
3360.08373
3361.87589
3362.77530
3364.56698
3365.46455
3366.36959
3369.05531
3369.94672
3370.84476
3371.74169
3372.63963
3373.54325
3374.43303
3375.32938
3376.22732
3377.12533
3378.91694
3379.81257
3380.70732
3386.98978
3387.88640
3388.78669
3389.68012
3390.57733
3391.47384
3392.37461
3393.26802
3394.16442
3623.31771
3626.90346
3627.80071
3630.48960
3633.18278
3634.07880
3634.97419
3636.77136
3641.25543
3642.15145
3643.04766
3643.94644
3644.84143
3645.73801
3646.63544
3647.53221
3648.42928
3649.32500
3650.22261
3651.11998
3652.01642
3654.70734
3655.60481
3656.50331
3658.29834
3659.19207
3660.08871
3660.98713
3661.88163
3662.77951
3663.67568
3664.56914
3665.47004
3666.36600
3667.26382
3669.05622
3669.96115
3670.84974
3671.75057
3672.64809
3673.54260
3674.43632
3675.33521
3676.23132
3677.13024
3678.02616
3678.92308
3679.82166
3680.71661
3681.61451
