3354.49704
3355.09493
3355.69359
3356.88923
3357.48347
3359.27290
3359.86752
3360.46609
3362.25416
3363.44813
3364.04456
3364.64165
3365.83495
3369.41677
3371.80412
3372.99774
3374.19052
3374.78773
3375.38363
3376.57870
3377.17365
3377.77390
3378.36792
3378.96540
3379.56210
3380.16295
3386.72309
3387.91871
3388.51591
3389.70925
3390.30388
3390.90117
3391.49806
3393.28893
3393.88452
3394.48495
3397.46622
3399.25550
3399.85339
3400.44942
3401.04657
3401.64478
3402.24139
3402.83796
3403.43410
3404.03021
3405.22468
