3326.29677
3328.67683
3331.05517
3333.43463
3335.81338
3338.19258
3340.57176
3342.95152
3345.32997
3347.70584
3350.08855
3352.46744
3354.84887
3357.22653
3359.60350
3361.98318
3364.36221
3366.75315
3369.12085
3371.49966
3373.87849
3376.27837
3378.66397
3381.02644
3388.15378
3390.53269
3392.93701
3397.66959
3400.04789
3402.42445
3404.80622
3440.49175
3442.87116
3445.25167
3447.62956
3452.38989
3454.76625
3457.14620
3459.52561
3461.90562
3469.04459
3471.42273
3473.79810
3476.17846
3480.93733
3483.31551
3485.69516
3488.07359
3492.83193
3495.21060
3497.57751
3499.96981
3502.35186
3507.10681
3509.48643
3511.86527
3514.24494
3545.17069
3547.55020
3549.93041
3552.30867
3554.68745
3559.44538
3561.82479
3564.20413
3566.58275
3571.34307
3573.71997
3576.09880
3578.47883
3580.85624
3583.24118
3585.61582
3587.99460
3590.37308
3592.76768
3595.13012
3602.26875
3604.64845
3607.02774
3611.79056
3614.14421
3616.54292
3618.92159
3621.30479
3623.67992
3626.06120
3628.43873
3630.81631
3633.19617
3635.57435
3637.95735
3642.71202
3645.09175
3647.47116
3649.85024
3652.22971
3659.37005
3661.74557
3666.50056
3676.02105
3678.40102
3680.77627
