3571.51897
3572.69442
3573.87170
3575.04821
3576.22464
3577.40117
3578.57682
3579.75345
3580.92961
3583.28182
3584.45946
3585.63536
3586.81187
3587.98845
3589.16513
3590.34126
3591.51806
3592.69397
3593.87079
3595.04700
3600.93020
3602.10556
3603.28100
3604.45812
3605.63475
3606.81491
3607.98784
3609.16391
3612.69342
3613.86974
3615.04632
3616.22244
3617.39793
3618.57548
3619.75203
3620.92846
3622.10464
3623.28152
3625.63381
3626.80994
3627.98580
3629.16352
3630.34143
3631.51740
3632.69298
3633.86991
3635.04351
3636.22217
3637.40066
3638.57399
3640.92585
3642.10462
3643.28173
3644.45781
3645.63606
3646.80917
3647.98621
3649.16269
3650.33824
3651.51554
3652.69176
