3328.28025
3330.76859
3333.25577
3333.75569
3335.74393
3336.24009
3337.23623
3340.22310
3340.71686
3341.21608
3343.70511
3345.19709
3345.69274
3346.19123
3350.17120
3350.67103
3352.65873
3354.64854
3355.14859
3357.13907
3358.13558
3358.63259
3359.63158
3360.12601
3360.62061
3362.11184
3362.61005
3363.10769
3366.59627
3369.58058
3372.06497
3373.05960
3374.55416
3376.54358
3377.53413
3379.02868
3379.52745
3386.49459
3387.49166
3388.98137
3390.47852
3390.96838
3391.46858
3392.96085
3393.46072
3394.45500
3397.43963
3398.42651
3399.42296
3399.92045
3400.91903
3402.91006
3403.90965
3469.09147
3469.57766
3470.07565
3470.57488
3471.07060
3472.56771
3473.55979
3474.05481
3474.55439
3475.05360
3475.54885
3476.54396
3479.03376
3479.53110
3480.02788
3480.52738
3481.02351
3481.52001
3482.01543
3482.51451
3483.01341
3483.51523
3484.00843
3484.50921
3485.00068
3485.49872
3485.99977
3486.49471
3486.99319
3487.48879
3487.98775
3488.48892
3488.98435
3489.48088
3492.46540
3492.96287
3493.46151
3493.96034
3494.95594
3495.45154
3496.44848
3497.44280
3498.43836
3498.93763
3499.43295
3499.92999
3500.42707
3500.92472
3501.42197
3501.91937
3505.89964
3506.39937
3506.89263
3507.39317
3508.38977
3508.88829
3509.38245
3509.87882
3510.37890
3510.87535
3511.37470
3511.87028
3512.87036
3513.36476
3513.86285
3514.35960
3544.70960
3545.20709
3545.70865
3546.19245
3546.70300
3547.19982
3547.68613
3548.19842
3548.68481
3549.18544
3549.68219
3550.17964
3550.67605
3551.16977
3551.66812
3552.16338
3552.66859
3553.16809
3553.66279
3554.15907
3554.66331
3555.14708
3558.14304
3559.63467
3560.13636
3560.63267
3561.12163
3561.62471
3562.11828
3562.61831
3563.61155
3564.10594
3564.60719
3565.11163
3565.59895
3566.10702
3567.09280
3567.59452
3571.07961
3571.57521
3572.07339
3573.06588
3573.56375
3574.06062
3574.55943
3575.05894
3575.55305
3576.05106
3576.54945
3577.04835
3578.04281
3579.03634
3579.53282
3580.52834
3581.02603
3584.50904
3585.00609
3585.50335
3586.99542
3587.49276
3587.99341
3588.48673
3589.48154
3589.98089
3590.47764
3590.97849
3591.47248
3591.96997
3593.46238
3593.96306
3594.45712
3594.95466
3595.45465
3601.42119
3601.92830
3602.42052
3602.91984
3603.91010
3604.41088
3604.91058
3605.41005
3605.90063
3606.39695
3607.39341
3607.88951
3608.39160
3608.89107
3609.39145
3612.86435
3613.86619
3614.36448
3614.85957
3615.85512
3616.34822
3616.85049
3617.34339
3617.84042
3618.34082
3618.83973
3619.33412
3619.83416
3620.33462
3620.83008
3621.32803
3621.82647
3622.32221
3622.81897
3625.80965
3626.30777
3627.30028
3630.77517
3632.77381
3633.76894
3634.26047
3634.75566
3636.25689
3637.24656
3641.23239
3641.72427
3644.20588
3645.21492
3645.70319
3646.20994
3647.20220
3647.69719
3648.18868
3648.69268
3649.19539
3651.17866
3652.17597
3652.67939
3655.65686
3656.15471
3656.65167
3657.14831
3659.13691
3660.13328
3660.63163
3662.12526
3662.62318
3663.61681
3665.10992
3665.60654
3670.08440
3670.58144
3671.57744
3673.56775
3675.05993
3676.05595
3676.55474
3677.04892
3677.54820
3678.04333
3678.54421
3679.04142
3679.54174
3680.03749
3680.53211
3681.52748
3682.02667
