3325.54103
3326.04542
3326.55402
3328.06719
3328.57894
3330.60425
3331.10303
3333.13298
3334.13459
3336.14995
3337.15895
3338.17154
3340.18943
3340.69701
3342.71708
3343.22697
3343.73618
3345.24782
3345.75288
3346.25388
3350.80765
3352.32502
3352.82318
3386.15812
3386.66194
3387.17328
3388.17991
3388.68231
3390.70870
3391.72046
3393.22273
3393.73298
3397.27262
3397.76996
3398.28373
3399.29444
3399.79528
3402.31886
3402.82635
3403.33595
3404.34372
3404.85245
3405.35143
3438.69033
3439.19714
3439.70214
3440.20509
3440.71643
3441.21907
3441.72277
3442.22840
3442.73343
3443.23818
3443.74177
3444.24663
3444.75478
3445.25897
3445.76220
3446.26827
3446.77429
3447.28442
3447.78349
3448.28840
3448.79637
3449.29627
3449.80423
3452.33148
3452.83762
3453.33916
3453.84568
3454.35448
3454.85351
3455.36587
3455.87072
3456.37041
3456.87616
3457.38366
3457.89144
3458.39544
3458.89452
3459.40157
3459.90571
3460.41195
3460.92032
3461.42426
3461.92387
3462.43078
3462.93924
3463.44650
3468.49107
3468.99853
3469.50499
3470.00884
3470.51775
3472.02112
3472.54427
3473.03830
3473.55047
3474.04841
3474.55649
3475.05545
3475.56116
3476.06686
3476.58029
3479.09984
3479.60475
3480.10562
3480.61574
3481.12310
3481.63711
3482.12716
3482.63727
3483.14975
3483.64733
3484.15047
3484.65947
3485.15841
3485.67171
3486.17200
3486.67508
3487.18202
3487.69449
3488.19516
3488.69844
3489.19739
3492.23677
3492.74058
3493.24513
3493.75203
3494.25268
3495.26740
3495.76730
3496.27483
3496.78587
3497.28333
3497.79170
3498.30141
3498.80071
3499.30546
3499.80996
3500.31586
3500.82755
3501.32508
3501.82870
3502.33482
3505.36411
3505.87185
3506.37314
3506.88796
3507.38775
3508.39765
3508.90932
3509.40792
3509.91235
3510.41783
3511.42786
3511.92973
3512.44315
3512.94756
3513.95740
3514.45996
3514.96696
3515.47320
3544.26023
3544.76614
3545.27085
3545.77555
3546.28403
3546.79005
3547.29374
3547.79765
3548.29896
3548.81050
3549.31032
3549.81974
3550.31926
3550.82535
3551.33155
3551.83952
3552.34715
3552.84955
3553.35238
3553.86010
3554.36878
3554.86769
3557.39789
3557.90025
3558.40163
3559.41245
3560.42321
3560.92473
3561.43264
3561.94416
3562.44259
3562.94957
3563.45533
3563.96446
3564.46948
3564.96790
3565.47440
3565.98009
3566.48960
3566.99557
3567.49387
3568.00111
3571.03430
3571.53935
3572.04117
3573.04957
3573.55747
3574.06302
3574.57364
3575.07070
3575.57692
3576.08323
3576.59055
3577.09738
3577.59725
3578.10092
3578.61040
3579.11933
3579.61675
3580.12201
3580.62995
3581.13751
3583.65641
3584.16652
3585.17352
3585.68584
3586.18761
3586.68829
3587.20001
3587.69912
3588.20439
3588.71400
3589.22226
3589.71982
3590.22586
3590.73150
3591.23989
3591.73805
3592.24554
3593.26059
3593.76144
3594.26671
3594.77291
3595.28051
3601.33714
3601.84016
3602.34655
3602.85227
3603.86463
3604.36697
3604.88327
3605.37987
3605.88481
3606.38908
3607.40195
3607.90260
3608.41443
3611.94573
3612.44935
3612.95411
3613.46062
3614.47092
3614.97789
3615.48240
3615.98872
3616.48947
3617.00365
3618.00497
3618.50880
3619.01434
3619.52375
3620.02601
3620.53462
3621.03686
3621.54721
3622.04843
3622.55428
3623.05662
3623.56162
3625.58405
3626.08726
3626.59351
3627.09493
3627.61043
3629.11612
3630.13198
3631.14203
3632.65562
3633.16063
3633.66999
3634.17040
3634.67244
3635.69733
3636.19975
3636.69389
3637.19984
3641.23895
3641.74766
3642.24634
3642.75770
3644.27306
3644.77663
3645.28051
3646.79514
3647.30017
3648.31915
3648.81779
3649.32220
3649.82796
3650.33154
3650.83697
3651.34314
3654.37931
3655.89844
3656.90019
3658.92830
3659.42430
3659.93130
3660.94130
3661.44869
3661.95856
3662.96210
3663.46522
3663.97892
3664.98401
3665.48980
3665.99716
3666.49979
3667.00286
3670.03175
3671.04698
3671.54759
3673.57151
3674.07350
3674.57591
3675.08683
3676.09285
3676.59800
3677.10586
3677.60761
3678.11535
3678.62504
3679.63477
3680.13506
3680.64340
3681.15368
3681.65731
