3326.78383
3327.62935
3331.08452
3331.97849
3333.68126
3334.55059
3335.38779
3342.27580
3344.88164
3350.05044
3350.91836
3352.62512
3492.15241
3493.00138
3493.87204
3496.45898
3497.32150
3498.17679
3499.88086
3500.75036
3502.48015
3505.05731
3505.92406
3506.77110
3507.63579
3509.37297
3510.23144
3511.08858
3511.91244
3512.82307
3514.52888
3571.38105
3572.23673
3573.09974
3573.96022
3574.82026
3575.68081
3576.53974
3577.40307
3578.26274
3579.11659
3579.98439
3580.84644
3584.29564
3585.15166
3586.88924
3587.73142
3588.59168
3589.46637
3590.32307
3591.17752
3592.05187
3592.90467
3593.77605
3594.62633
3595.47742
