3326.19636
3326.89871
3327.59350
3328.32657
3329.03097
3330.44244
3331.15811
3332.57704
3333.28803
3334.00255
3334.70845
3335.40983
3336.12047
3336.83737
3340.38063
3341.10187
3341.80988
3342.51676
3343.22266
3343.93049
3345.35497
3346.05905
3350.31260
3351.01047
3352.44340
3625.64256
3627.73458
3629.15864
3629.85450
3630.59476
3631.28762
3632.00374
3632.70262
3633.42529
3634.12406
3634.83883
3635.58677
3636.25112
3636.96358
3640.49821
3641.22943
3641.92630
3642.64160
3644.06320
3644.77156
3645.46817
3646.17855
3646.89827
3647.60492
3648.31360
3649.02329
3649.73931
3650.44389
3651.15702
3651.86354
3652.58409
3655.41430
3656.12171
3656.84059
3658.25143
3658.95895
3661.09206
3662.50237
3665.35785
3666.05306
3666.75658
3670.30257
3671.02344
3671.72051
3673.14012
3673.86217
3674.56207
3675.27569
3675.98586
3676.71067
3677.41986
3679.53766
3680.24523
3680.95378
3681.66312
