3326.04553
3327.07638
3328.11939
3329.15618
3331.26731
3333.32306
3334.37901
3336.44384
3337.48097
3340.61879
3341.68442
3342.69995
3343.72395
3344.76688
3345.81672
3346.85294
3349.97569
3351.01185
3352.04935
3492.54210
3493.58548
3494.62938
3495.66560
3496.70873
3497.75589
3498.78833
3499.82813
3500.87127
3501.91144
3505.03221
3506.07279
3507.12250
3508.15357
3509.19334
3510.23458
3511.27821
3512.31763
3513.35549
3514.39710
3515.43540
3572.66786
3573.71858
3574.75568
3575.78540
3576.83972
3577.87292
3578.92559
3579.96191
3581.00423
3584.10929
3586.20166
3587.25147
3588.28849
3589.32819
3590.35760
3594.53225
3600.77562
3601.81599
3602.85578
3603.89718
3604.93697
3605.97876
3607.01893
3608.05942
3609.10131
3611.18514
3612.22319
3613.26386
3614.30416
3615.34487
3616.38433
3617.42638
3618.46545
3619.50596
3620.54525
3621.58813
3622.62877
3623.67375
