3625.46038
3626.26348
3627.06721
3627.86889
3629.47880
3630.27731
3631.08133
3632.68827
3633.49126
3634.29875
3635.10289
3635.89685
3636.70222
3638.30941
3640.71334
3641.52048
3642.32155
3643.92815
3644.73205
3645.53555
3646.34327
3647.14132
3647.94346
3648.74549
3649.55508
3650.35325
3651.15623
3651.95998
3655.17928
3655.98010
3656.77779
3658.38311
3659.18692
3659.98802
3661.59442
3662.40127
3663.20357
3664.00754
3665.61032
3666.41432
3667.22002
3669.63012
3670.42966
3671.23744
3672.83552
3673.63598
3674.44015
3675.24988
3676.05131
3676.85363
3677.65766
3678.45975
3679.26181
3680.06684
3680.86746
3681.67120
