3388.70448
3391.43598
3394.18210
3396.89888
3399.68108
3402.45284
3405.18026
3468.68262
3471.41340
3474.20974
3479.73440
3482.45431
3485.18920
3487.98760
3493.49552
3496.26574
3499.05201
3501.75512
3507.27537
3510.05343
3512.80715
3515.56504
3545.92628
3548.65737
3551.38887
3554.16075
3559.69464
3562.44535
3565.24321
3567.96984
3570.77258
3573.52471
3576.25759
3579.00622
3584.52602
3587.26471
3590.02757
3592.83816
3656.24131
3659.00452
3661.76533
3664.49141
3667.26837
3670.02252
3672.76220
3675.59265
3678.29086
3681.11507
