3544.69109
3545.94913
3547.21406
3548.47623
3549.73715
3550.99951
3552.26141
3553.52585
3554.78776
3557.31110
3559.83644
3561.09907
3562.36007
3563.62391
3564.88485
3566.14903
3567.41080
3601.49727
3602.76753
3604.01705
3605.29045
3606.54452
3607.80351
3609.06991
3612.85489
3615.37677
3616.64350
3617.90548
3619.16858
3620.43252
3621.69275
3622.95581
3625.47952
3626.74232
3628.00541
3629.26870
3630.52973
3631.78562
3633.05634
3634.31750
3635.57935
3636.84339
3640.62745
3641.89179
3643.14814
3644.41580
3645.67835
3646.94042
3648.20382
3649.46738
3650.73116
3651.98915
