3326.38030
3328.57666
3330.77597
3332.97337
3335.17863
3337.37421
3341.76725
3343.96922
3346.16534
3350.56388
3352.76027
3354.96294
3357.15774
3359.35712
3361.55669
3363.75157
3365.95271
3370.35034
3372.54624
3374.74541
3376.94425
3379.14389
3387.93781
3390.13230
3392.33266
3394.53369
3398.93381
3401.12853
3403.32812
3405.52771
3438.50836
3440.70184
3442.89951
3445.09856
3447.29777
3449.49695
3453.89317
3456.09173
3458.29051
3460.48797
3462.68627
3469.28122
3471.48096
3473.68188
3475.87826
3480.27468
3482.47146
3484.67009
3486.86762
3489.06896
3493.46610
3495.66372
3497.86428
3500.06115
3502.25764
3506.65578
3508.85396
3511.05259
3513.25215
3515.45153
3546.22988
3548.42933
3550.62703
3552.82478
3555.02348
3559.42139
3561.61885
3563.81741
3566.01416
3568.21431
3572.61260
3574.81009
3577.00877
3579.20742
3581.40730
3583.60817
3585.80256
3588.00218
3590.19995
3592.40012
3594.59696
3601.19255
3603.39401
3605.58697
3607.78942
3612.18689
3614.37908
3616.58259
3618.78000
3620.98104
3623.18142
3627.57443
3629.77231
3631.96966
3634.16985
3636.36874
3638.56550
3640.76357
3642.96362
3645.16241
3647.36148
3649.56070
3651.75810
3656.15473
3658.35249
3660.55197
3662.75088
3664.94621
3667.14701
3669.35044
3671.54582
3673.74586
3675.94224
3678.14265
3680.34002
