3354.35523
3357.91827
3361.48005
3365.04075
3372.16296
3375.72239
3379.28661
3439.82631
3443.39006
3446.94700
3454.07105
3457.63295
3461.19382
3471.87876
3475.43871
3479.00077
3482.56164
3486.12444
3489.68324
3493.24707
3496.80600
3500.36919
3507.49105
3511.05023
3514.61426
3546.66474
3550.22817
3553.78708
3557.35537
3560.90935
3564.47157
3568.03055
3571.59542
3575.15519
3578.71774
3585.84111
3589.39889
3592.96416
3603.64504
3607.20778
3614.33172
3617.89044
3621.45403
3632.13622
3635.69784
3642.82262
3646.38068
3649.94403
