3325.78075
3326.44445
3328.44992
3329.11662
3330.45842
3331.13491
3333.11916
3333.80268
3334.46465
3335.80394
3336.47179
3337.13718
3340.48864
3341.15234
3341.81645
3342.48401
3343.15880
3343.81938
3345.16129
3345.83739
3346.49667
3349.83663
3350.50325
3351.18392
3352.51653
3354.51080
3355.18403
3356.51552
3357.18345
3357.86814
3358.52706
3359.19548
3359.86144
3360.52608
3361.86710
3362.52785
3363.20080
3364.54432
3365.21166
3365.87651
3369.22086
3371.89270
3373.89791
3374.56669
3375.23380
3376.57371
3379.25775
3379.92256
3381.25649
3386.59365
3387.27399
3387.93335
3388.60951
3389.27536
3391.27940
3393.27507
3393.95236
3397.29288
3397.95868
3399.30126
3401.30387
3402.63703
3403.30252
3403.97487
3405.30444
3438.73349
3439.39890
3440.06482
3440.73591
3441.40764
3442.07527
3442.73514
3443.41061
3444.74544
3445.40730
3446.07937
3446.74572
3447.41614
3448.08403
3448.75133
3449.41992
3452.09384
3452.76060
3453.43468
3454.09794
3454.76655
3455.43702
3456.10883
3456.76435
3457.45382
3458.77566
3459.44987
3460.12020
3460.77485
3461.45413
3463.45929
3468.80813
3469.47375
3470.14423
3470.81174
3471.48292
3472.15015
3472.82014
3473.48502
3474.15295
3474.82210
3475.49317
3476.15921
3478.83249
3479.49976
3480.16922
3480.83559
3481.50428
3482.17561
3482.84280
3483.51290
3484.17803
3484.84652
3485.51711
3486.18089
3486.85517
3487.52071
3488.18737
3488.85311
3489.52572
3492.19914
3492.86194
3493.53711
3494.20589
3495.54168
3496.20803
3496.87413
3497.54917
3498.21680
3498.88473
3499.55121
3500.22229
3500.88357
3501.55362
3502.22185
3505.56672
3506.23656
3506.90385
3507.57219
3508.24293
3508.91066
3509.57529
3510.24613
3510.91321
3511.57999
3512.25102
3512.91876
3513.58644
3514.25597
3514.92393
3515.59131
3571.06276
3571.72357
3572.39606
3573.07365
3573.73473
3574.40249
3575.08033
3575.74696
3576.41385
3577.09270
3577.74831
3578.41799
3579.08259
3580.42277
3581.09152
3584.44563
3585.77120
3586.44159
3587.10712
3587.78615
3588.44478
3589.11411
3589.78371
3590.44725
3591.11115
3591.78707
3592.45382
3593.12014
3593.78942
3594.45835
3595.12670
3601.81134
3602.48136
3603.81619
3604.48760
3605.15056
3605.82056
3606.48918
3607.15426
3607.82697
3608.49594
3609.16261
3614.51892
3615.17709
3615.85119
3616.51632
3617.18603
3617.85232
3618.52248
3619.19810
3619.85472
3620.52115
3621.19409
3621.86048
3622.52774
3623.20207
3626.53735
3627.21146
3627.88104
3629.21619
3629.88306
3630.55576
3631.22265
3632.55496
3633.22416
3633.89199
3634.56223
3635.90151
3636.56584
3637.23732
3641.24502
3641.90770
3642.58421
3643.91904
3644.58293
3645.25453
3645.92293
3646.59401
3647.26356
3647.92929
3648.59590
3649.26449
3649.93661
3650.60295
3651.26988
3651.94242
3652.60850
3655.94858
3656.61387
3657.29532
3658.62788
3659.27942
3659.95672
3660.62779
3661.96160
3662.63227
3663.30320
3663.97395
3665.97495
3666.64595
3667.31219
3669.32515
3669.99275
3670.65140
3671.32296
3671.98268
3673.32191
3673.99087
3674.66569
3675.32586
3675.99575
3676.66516
3677.34561
3678.00381
3678.66868
3679.34214
3680.00854
3680.67576
3681.34933
3682.01529
