3354.60692
3355.66292
3356.73552
3357.80013
3359.93516
3362.07137
3363.14060
3364.20766
3369.54039
3371.68281
3372.74621
3373.81604
3377.01965
3379.15440
3381.28910
3386.62986
3387.69453
3388.75903
3390.89572
3391.95881
3393.03257
3394.09892
3397.30985
3398.37333
3399.43574
3401.57766
3402.63662
3438.94494
3440.00733
3442.14107
3443.20898
3444.28058
3445.35133
3446.41542
3447.48218
3448.55059
3449.61552
3451.75157
3452.81793
3453.88664
3454.95444
3456.02398
3457.09563
3458.15455
3459.22936
3460.29799
3461.36321
3462.42754
3463.49709
3468.83313
3469.90186
3470.97244
3473.10312
3474.17201
3475.23985
3476.30727
3478.43921
3479.51148
3480.57663
3481.64438
3482.71206
3483.78225
3484.84938
3485.91436
3486.98199
3488.05096
3489.11796
3545.70449
3546.77114
3547.83969
3548.90547
3549.97576
3551.04219
3552.10906
3553.17661
3554.24566
3555.31222
3559.58245
3560.65271
3561.71838
3563.85400
3564.92277
3565.98811
3567.05666
3568.12112
3571.32702
3572.39467
3573.46258
3574.52868
3575.59702
3576.66422
3577.73273
3578.79947
3579.86875
3580.93479
3583.07102
3584.13761
3585.20652
3587.34075
3588.40842
3589.47724
3590.54457
3592.67954
3593.74774
3594.81707
3602.29037
3604.42579
3605.49287
3606.55908
3607.62585
3608.69294
3611.89808
3612.96666
3615.09993
3616.16616
3617.23370
3618.30135
3619.36838
3620.43793
3621.50205
3622.57052
3623.63993
3625.77581
3626.84342
3627.90748
3630.04464
3631.11290
3633.24755
3634.31618
3636.44968
3638.58570
3641.79453
3642.86008
3643.92394
3644.99257
3646.05909
3647.13096
3648.19599
3649.26443
3650.32996
3651.40040
3652.46506
3654.60022
3655.66922
3656.73656
3658.87094
3659.94225
3661.00661
3662.07561
3663.14120
3666.34587
3667.41131
3670.61347
3671.68034
3672.74806
3673.81717
3674.88572
3675.95163
3677.02017
3678.08825
3679.15532
3680.22073
3681.28916
