3325.94248
3326.80085
3328.53707
3329.39750
3331.13966
3333.72816
3334.60010
3335.46615
3336.33277
3337.19305
3338.05496
3340.65846
3341.52446
3343.27093
3344.12064
3344.97670
3345.85350
3346.71781
3350.18056
3351.05810
3351.91991
3352.78562
3354.51087
3355.38084
3357.11349
3357.97779
3359.70576
3360.57239
3361.43781
3362.30511
3363.16919
3364.03286
3364.90128
3365.76570
3366.63258
3369.23219
3370.09860
3370.96139
3371.82836
3372.69158
3373.56388
3374.42492
3375.29474
3377.02520
3378.75429
3379.62276
