3327.43995
3329.86574
3332.29462
3334.72917
3337.15308
3342.00907
3344.43985
3346.86723
3351.72686
3356.58864
3358.99692
3361.42672
3363.85142
3371.16591
3373.58691
3376.01361
3378.45413
3380.88005
3388.14932
3390.57795
3393.00997
3397.86074
3400.29531
3402.72169
3405.14764
3439.14749
3441.57472
3444.00313
3446.43134
3448.85905
3453.71647
3456.14474
3458.57157
3461.00109
3463.42888
3470.71495
3473.14444
3475.57137
3480.43419
3482.85511
3485.28727
3487.71444
3545.99529
3548.42260
3550.85260
3553.28003
3558.13634
3560.56468
3562.99108
3565.42075
3567.84976
3572.70671
3575.13532
3577.56365
3579.99323
3584.84718
3587.27733
3589.70651
3592.13345
3594.56290
3601.85073
3604.27604
3606.71755
3609.13251
3611.56084
3613.99141
3616.41839
3618.84756
3621.27444
3623.68534
3626.13338
3630.98953
3633.41917
3635.84418
3638.27658
3640.69416
3643.13410
3645.56220
3647.98614
3650.41727
3655.27108
3657.70006
3660.12924
3662.55751
3664.98451
3669.84276
3672.27658
3674.70127
3677.12760
3679.55470
3681.97796
