3386.36311
3386.94089
3387.51692
3388.09340
3389.24585
3390.39991
3390.97633
3391.55201
3393.28201
3393.86006
3394.43437
3397.32014
3397.89283
3399.62583
3400.19938
3401.35225
3402.50636
3403.08275
3404.23627
3404.81076
3405.38899
3438.25038
3438.82444
3439.40172
3439.98157
3440.55564
3441.13236
3441.70853
3442.28495
3442.86100
3443.43769
3444.59010
3445.16791
3445.74322
3446.32048
3446.89663
3447.47347
3448.04961
3448.62702
3449.20328
3449.77873
3452.08533
3452.66248
3453.23855
3453.81568
3454.39276
3454.96784
3455.54639
3456.12061
3456.69723
3457.27591
3457.85235
3458.42665
3459.00619
3459.57954
3460.15622
3460.73542
3461.31191
3461.88641
3462.46297
3463.03915
3463.61333
