3325.75265
3326.76304
3327.78118
3328.78851
3329.79904
3330.81103
3331.82096
3332.83656
3333.84646
3334.86156
3335.87041
3336.88158
3340.92996
3341.94001
3342.95263
3343.96433
3344.97572
3345.98847
3347.00330
3350.03475
3351.04808
3352.05877
3625.24714
3626.25747
3627.26731
3629.28923
3630.30348
3631.31463
3632.32491
3633.33762
3634.35039
3635.35791
3636.37334
3637.38510
3641.43224
3642.44332
3643.45573
3644.46758
3645.47888
3646.49149
3647.50290
3648.51479
3649.52589
3650.53776
3651.54941
3652.56263
3654.58138
3655.59652
3656.60766
3658.63141
3659.64287
3660.65745
3661.66840
3662.67954
3663.69152
3664.69696
3665.72315
3666.72695
3669.76362
3670.77386
3671.78560
3672.79709
3673.80870
3674.82124
3675.83231
3676.84489
3677.85711
3678.86922
3679.88166
3680.89190
3681.90303
