3684.50671
3686.01985
3687.52943
3690.55334
3695.08457
3698.11092
3699.62177
3701.12822
3704.15356
3705.66426
3707.17556
3708.68778
3711.70810
3713.22279
3714.72692
3717.75251
3719.26709
3720.77710
3722.28880
3728.33284
3729.84623
3731.35512
3732.87036
3734.37756
3735.89220
3738.91490
3740.42396
3741.93624
3743.44684
3744.95754
3746.47006
3747.98002
3749.49366
3752.51651
3754.02361
3755.53901
3757.04838
3758.56056
3760.07161
3761.58335
3763.09399
3820.52271
3822.03707
3823.54511
3825.05977
3826.56560
3832.61031
3834.12454
3837.14800
3838.66082
3840.17128
