3684.89498
3685.46341
3686.03226
3686.60219
3687.17061
3687.73916
3690.58440
3691.15264
3692.29178
3693.99891
3694.56739
3695.13619
3695.70598
3698.55007
3699.68870
3700.25708
3700.82629
3701.39577
3702.53312
3703.10298
3703.67146
3704.23985
3704.80989
3705.37867
3706.51607
3707.08573
3707.65042
3708.22297
3708.79265
3709.36076
3709.92964
3711.63688
3712.20661
3712.77485
3713.34324
3713.91303
3714.48198
3715.04992
3715.61971
3716.18859
3716.75817
3717.89636
3718.46471
3719.03367
3719.60321
3720.74084
3721.31005
3721.87895
3722.44739
3723.01716
3725.29157
3726.43057
3727.56827
3728.13738
3728.70695
3729.27160
3729.84362
3730.41359
3730.98251
3731.55113
3732.12071
3732.68949
3733.25797
3734.39662
3734.96323
3735.53390
3736.10362
3736.67197
