3325.74341
3326.80308
3327.85693
3328.91271
3331.02304
3332.05961
3333.13742
3334.19420
3335.25154
3336.29854
3337.36032
3340.52975
3341.58327
3342.63345
3343.69601
3344.72265
3345.80859
3346.86142
3347.91786
3350.03100
3351.08056
3352.13947
3355.29292
3356.34572
3357.41463
3358.47557
3359.53040
3360.61141
3361.62167
3362.69230
3363.74799
3364.82339
3365.87060
3369.01945
3370.07192
3371.15524
3372.20851
3373.22983
3374.31477
3375.36347
3376.42062
3377.47131
3379.59029
3380.65593
3544.36305
3548.47016
3554.83149
3561.14882
3563.29278
3566.39584
3625.60328
3626.67178
3629.80911
3630.89103
3631.92184
3632.99312
3634.03416
3635.10675
3636.14773
3637.21739
3641.38498
3643.54020
3644.60355
3645.64296
3646.70455
3647.77649
3648.82184
3649.86210
3651.98046
3655.16724
3656.21221
3657.27595
3658.33427
3659.38533
3660.43493
3661.48204
3662.54220
3663.60734
3664.65307
3665.71515
3666.76680
3669.94733
3670.99129
3673.09662
3674.15539
3675.21368
3676.27072
3677.32340
3678.37860
3679.44110
3680.49333
3681.54896
