3326.00326
3326.77809
3327.55682
3328.32115
3329.08873
3330.62758
3331.40337
3332.93814
3333.71102
3334.48084
3335.24583
3336.02349
3336.78900
3337.57740
3340.64414
3341.41054
3342.16957
3342.94508
3343.72424
3344.48046
3345.25994
3346.03592
3346.80498
3349.88199
3350.65783
3352.20240
3352.97475
3354.50313
3355.28176
3356.03730
3356.81698
3357.59104
3358.35687
3359.13241
3359.89676
3360.66582
3361.43925
3362.20335
3362.97746
3364.52065
3365.28901
3366.82332
3369.14312
3369.93683
3370.67964
3371.44268
3372.22015
3372.98569
3373.76447
3374.53141
3375.30171
3376.84359
3377.61512
3378.37823
3379.14636
3379.92338
3380.68742
3387.62455
3389.17166
3390.71177
3391.45275
3392.25040
3393.01883
3393.79254
3397.64262
3398.41047
3399.18265
3399.94909
3401.48317
3402.27365
3403.05213
3405.37085
3438.46163
3439.23430
3440.74960
3441.55156
3442.31676
3443.09973
3443.87891
3444.63702
3445.41282
3446.16712
3446.93672
3447.72273
3448.47244
3449.24825
3452.32688
3453.12591
3453.88059
3454.62540
3455.40271
3456.19292
3456.95916
3457.71659
3458.49367
3459.24267
3460.03046
3460.80867
3461.56750
3462.35076
3463.11534
3469.27866
3470.04924
3470.82002
3471.58968
3472.36057
3473.13107
3473.89894
3474.66655
3475.43846
3476.20711
3479.29271
3480.06309
3480.83054
3481.60533
3482.37238
3483.14134
3483.91329
3484.68283
3485.45555
3486.22698
3486.99099
3487.76773
3488.52909
3489.31110
3492.39176
3493.14071
3493.93036
3495.46729
3496.22694
3497.01153
3498.54861
3499.31205
3500.08503
3501.63657
3502.40565
3505.48188
3506.25530
3507.02078
3507.79220
3508.55103
3509.33853
3510.87785
3511.65287
3512.41585
3513.18120
3513.95929
3514.72993
3515.49656
3571.72974
3572.48851
3573.26935
3574.03747
3574.81011
3575.57109
3576.34781
3577.11055
3577.89273
3578.64820
3579.42799
3580.19827
3580.97640
3584.06353
3584.81027
3585.59426
3586.35652
3587.13227
3587.89922
3588.67786
3589.43794
3590.21578
3590.97992
3591.75740
3592.52401
3593.29718
3594.05465
3594.83770
3601.76340
3602.53900
3603.29646
3604.08357
3604.84561
3605.62119
3606.39919
3607.15797
3607.93166
3608.69966
3611.76615
3612.55100
3613.32578
3614.08403
3614.86227
3615.62948
3616.40297
3617.16879
3617.94488
3618.71326
3619.48441
3620.25667
3621.01703
3621.79614
3622.56569
3623.34482
3626.43337
3627.19125
3627.95538
3629.50805
3630.27035
3631.03509
3632.57636
3633.34263
3634.13097
3634.88658
3635.66303
3636.43971
3637.20334
3641.04900
3641.81803
3642.59419
3644.12937
3644.89456
3645.67864
3646.44503
3647.21738
3647.98925
3648.74925
3649.52785
3650.29015
3651.06544
3651.83397
3652.60370
3654.94195
3655.68707
3656.44624
3657.23445
3658.75162
3660.30054
3661.07482
3661.86815
3662.62811
3663.40226
3665.69996
3667.25661
3669.55550
3670.32115
3671.12019
3671.87886
3673.41421
3674.19783
3675.70858
3676.49656
3678.04285
3679.56772
3680.33967
3681.89300
