3326.45163
3327.72270
3329.01077
3331.56455
3334.12961
3335.41241
3337.96832
3340.52729
3341.80761
3343.08702
3344.37000
3345.64672
3346.92586
3350.76473
3352.04250
3354.61170
3355.88238
3357.16461
3358.44242
3359.72135
3361.00046
3362.28204
3363.56041
3364.84038
3366.11984
3371.23952
3373.79862
3375.07737
3376.35756
3377.63695
3378.91745
3380.20108
3386.59247
3387.87422
3389.15291
3390.43312
3391.71419
3392.99186
3394.27189
3398.11046
3399.39056
3401.95732
3404.50735
3405.79008
3439.05694
3440.33779
3442.89595
3444.17936
3445.45559
3446.73566
3448.01548
3449.29433
3451.85243
3453.13398
3454.41488
3455.69336
3456.97318
3458.25592
3459.53199
3460.81112
3462.09306
3463.37232
3468.48971
3469.76814
3471.04894
3472.33004
3473.60770
3474.88798
3476.16659
3480.00498
3481.28685
3482.56481
3483.84428
3485.12366
3486.40269
3487.68196
3488.96123
3545.26705
3546.54694
3547.82564
3549.10478
3550.38428
3551.66558
3552.94379
3554.22493
3558.06400
3559.34264
3560.62318
3561.90128
3563.18037
3564.46284
3565.73974
3567.02028
3570.86198
3572.13872
3573.41889
3574.69794
3575.97695
3577.25679
3578.53798
3579.81616
3581.09611
3583.65588
3584.93583
3586.21416
3587.49564
3588.77377
3590.05296
3591.33181
3592.61204
3593.89339
3595.17144
3601.57001
3602.84995
3604.12863
3605.40741
3606.68712
3607.96778
3609.24713
3611.80674
3613.09659
3614.36665
3615.64864
3616.92506
3618.20639
3619.48326
3620.76294
3622.04292
3623.32330
3625.88287
3627.16442
3629.72054
3630.99950
3633.55969
3634.84577
3636.12181
3637.40548
3638.68089
3641.23834
3642.51868
3643.79687
3645.08045
3646.35573
3647.63564
3648.91326
3650.19479
3651.47298
3656.59156
3659.15040
3660.43277
3661.71140
3662.99071
3664.27432
3665.55038
3666.83309
3669.38657
3670.67189
3671.94702
3673.23108
3674.50514
3675.78625
3677.06451
3678.34491
3679.62745
3680.90349
