3684.93933
3685.83707
3686.73024
3687.62586
3690.29787
3691.20183
3693.87166
3694.75916
3695.65610
3699.23175
3700.12243
3701.01891
3702.80621
3703.69794
3707.27398
3708.16171
3709.05245
3709.94132
3711.74326
3712.62234
3713.51421
3714.40806
3715.30060
3717.08251
3717.99088
3718.87265
3719.75987
3720.66378
3721.55284
3722.45344
3723.33770
3726.91056
3727.80339
3728.69623
3729.58683
3730.48917
3732.26733
3733.16446
3734.05296
3734.94782
3735.84487
3736.73799
3739.41182
3740.30239
3741.19990
3742.08936
3742.98319
3743.88017
3744.77464
3745.67243
3747.44538
3748.34359
3749.23264
3752.81054
3753.69802
3754.59968
3755.48607
3757.28693
3759.05973
3759.94513
3760.84839
3761.73710
3762.62440
