3334.45122
3336.52163
3337.04477
3338.08653
3343.27603
3343.78163
3345.85834
3346.37476
3352.60102
3356.75656
3357.77908
3358.29982
3360.89997
3361.41024
3361.93371
3362.45610
3365.04044
3369.70980
3370.23775
3371.27354
3371.78532
3372.30831
3372.82131
3375.41372
3376.45053
3376.97158
3377.49079
3379.04126
3379.56190
3386.81968
3390.45412
3390.97302
3399.26407
3400.82783
3438.68056
3441.79429
3442.30969
3442.83083
3443.35010
3447.49907
3448.01629
3452.16414
3452.68120
3453.20015
3455.28049
3455.80108
3456.31096
3456.82769
3457.34890
3457.86944
3460.46477
3460.97766
3461.50010
3462.01749
3462.53617
3494.68626
3495.20138
3495.72185
3499.36170
3499.86909
3500.38565
3508.69151
3509.20636
3509.72464
3512.31269
3513.35382
3513.87600
3514.39046
3546.02500
3546.54975
3547.06670
3547.58001
3551.72782
3552.24490
3552.76653
3560.54480
3561.06388
3562.09623
3566.25042
3566.76206
3571.43229
3572.98073
3574.55135
3575.58254
3580.24807
3580.77048
3584.91838
3585.43038
3589.58984
3590.09850
3590.62331
3593.73002
3595.28828
3604.62344
3608.25240
3608.77029
3609.28818
3618.61409
3619.12728
3621.73826
3622.26555
3623.29250
3626.91673
3627.43437
3630.02157
3632.63206
3633.14393
3637.29291
3642.47210
3645.59178
3651.81426
3652.32813
3655.44359
3657.00116
3674.62286
3675.14473
3675.66852
3680.32962
