3386.33879
3387.23437
3388.14075
3389.03367
3390.81903
3391.70537
3393.51587
3394.39437
3397.07646
3397.96835
3398.84881
3399.77018
3401.53450
3402.43837
3403.32564
3404.21131
3405.10462
3439.07889
3439.97634
3440.85638
3441.74375
3442.63773
3443.53692
3444.43443
3445.31943
3446.21240
3447.11301
3448.00987
3448.89675
3449.78385
3452.47086
3453.36298
3454.26545
3455.13841
3456.06059
3456.95252
3457.82646
3458.72230
3459.61359
3460.51850
3461.40385
3462.30631
3463.19384
3469.45181
3470.32344
3471.21927
3472.11553
3473.02953
3473.91152
3474.81655
3475.70064
3476.59682
3479.27441
3480.17693
3481.05667
3481.95263
3482.84963
3483.74319
3484.64197
3485.53339
3486.42873
3487.29323
3488.20771
3489.10020
3492.68125
3493.58242
3494.46560
3495.35499
3496.26680
3497.14724
3498.03693
3498.93269
3499.82728
3500.72209
3501.61407
3502.50038
3505.19269
3506.07110
3506.97329
3507.86538
3508.76183
3509.66353
3510.54905
3511.44934
3512.32896
3513.22516
3515.01902
3515.89452
3545.40918
3546.28513
3547.17818
3548.07560
3548.97376
3549.86619
3550.76197
3551.63584
3552.54803
3553.44174
3554.32770
3555.22508
3557.90588
3559.69926
3560.58894
3561.48192
3562.36734
3563.26274
3564.15976
3565.05401
3565.95074
3566.84228
3567.74094
3571.30757
3572.19947
3573.09894
3573.99060
3574.85243
3575.78975
3576.66243
3577.56054
3578.45811
3579.33777
3580.24565
3581.13528
3583.79424
3585.59929
3586.50981
3587.39067
3588.28234
3589.17873
3590.07553
3590.96989
3591.86708
3592.74955
3593.64168
3594.54302
3595.42903
3656.19634
3657.08104
3658.86706
3659.77811
3661.53906
3662.44879
3663.33158
3665.13343
3666.02237
3666.90803
3669.59505
3670.49814
3671.37579
3673.17204
3674.06998
3674.95634
3675.85174
3676.74592
3677.64070
3678.53211
3679.42654
3680.31869
3681.21733
3682.09492
