3388.32312
3391.44973
3397.69703
3400.81766
3403.94673
3438.30879
3441.43280
3444.55672
3447.68065
3453.92809
3457.05179
3460.17668
3463.29877
3469.54775
3472.67292
3475.79704
3478.92940
3482.04296
3485.16762
3488.29449
3494.54040
3497.66739
3500.78853
3507.04073
3510.16150
3513.28657
3544.52601
3547.64929
3550.77280
3553.89902
3560.14889
3563.26636
3566.39242
3600.75796
3603.88263
3607.00687
3613.25795
3616.37866
3619.50247
3622.62641
3625.75789
3628.86897
3632.00489
3635.12268
3638.24553
3641.37254
3644.49370
3647.61901
3650.74340
3656.99096
3660.11503
3663.23899
3666.36333
3669.48731
3672.60895
3675.73545
3678.85907
3681.98309
