3354.41171
3355.06702
3355.72387
3356.38170
3357.03522
3357.69244
3358.34797
3359.00466
3359.66136
3360.31807
3362.28532
3364.25474
3364.91055
3365.56652
3366.22221
3369.50446
3370.16073
3370.81697
3371.47313
3372.12915
3372.78515
3374.09772
3374.75383
3375.41059
3376.72264
3377.37840
3379.34796
3380.00353
3381.31746
3386.56492
3387.22099
3388.53408
3390.50462
3391.15893
3392.47196
3393.12712
3393.78573
3394.43955
3397.06398
3397.72335
3398.37784
3399.68878
3400.34443
3401.00205
3401.65875
3402.31367
3402.96967
3403.62834
3404.28031
3404.93985
3405.59215
