3326.33140
3328.04480
3328.90102
3329.75598
3330.61361
3331.46958
3333.18127
3334.03811
3334.89425
3335.75038
3336.60761
3337.46256
3340.02886
3340.88776
3341.74340
3342.59750
3343.45580
3344.31358
3345.16839
3346.02510
3346.87951
3350.30700
3351.16437
3352.01953
3352.87435
3354.58791
3355.44091
3357.15472
3358.01205
3359.72526
3360.57883
3361.43612
3362.29044
3363.14918
3364.00192
3364.86157
3365.71725
3366.57171
3369.13870
3370.85431
3371.70964
3372.56560
3374.27827
3375.13564
3376.84657
3377.70282
3379.41501
3386.26445
3387.12086
3387.97807
3388.83375
3389.68983
3390.54569
3391.40175
3392.25833
3393.11522
3393.97061
3397.39556
3398.24887
3399.11092
3400.82346
3401.67834
3402.52945
3403.39110
3438.48995
3439.34827
3440.20459
3441.06120
3441.91596
3442.77324
3443.62926
3444.48479
3445.34105
3446.19724
3447.05397
3447.90864
3448.76642
3449.62254
3452.19065
3453.04710
3453.90258
3454.75870
3455.61587
3456.47155
3457.32766
3458.18362
3459.04073
3459.89589
3460.75258
3461.60899
3462.46480
3463.32027
3469.31542
3470.17306
3471.02654
3471.88265
3472.73877
3473.59405
3474.45169
3475.30683
3476.16441
3478.73327
3479.58842
3480.44404
3481.30146
3482.15668
3483.01281
3483.86869
3484.72590
3485.58189
3486.43601
3487.29379
3488.15195
3489.00589
3489.86467
3492.43206
3493.28783
3494.14401
3494.99916
3495.85553
3496.71154
3497.56832
3498.42478
3499.28009
3500.13713
3500.99379
3501.84842
3502.70706
3505.27322
3506.13016
3506.98574
3507.84223
3508.69786
3509.55379
3510.41088
3511.26662
3512.12289
3512.97901
3513.83519
3514.69210
3515.54752
3544.65816
3545.51415
3546.37071
3547.22681
3548.08241
3548.93880
3549.79514
3550.65073
3551.50833
3552.36354
3553.21997
3554.07574
3554.93227
3557.50355
3558.35712
3559.21318
3560.07003
3560.92514
3561.78055
3562.63786
3563.49486
3564.35027
3565.20623
3566.06245
3566.91834
3567.77487
3571.19865
3572.05489
3572.91234
3573.76836
3574.62472
3575.48022
3576.33813
3577.19263
3578.04820
3578.90676
3579.76141
3580.61692
3581.47593
3584.03995
3584.89921
3585.75353
3586.61088
3587.46751
3588.32386
3589.17825
3590.03565
3590.89084
3591.74815
3592.60409
3593.46015
3594.31581
3595.17205
3601.16618
3602.02131
3602.87934
3603.73490
3604.58948
3605.44661
3606.30286
3607.15788
3608.01523
3608.87101
3612.29689
3613.15181
3614.01059
3614.86532
3615.71839
3616.57733
3617.43403
3618.28826
3619.14527
3620.00083
3620.85765
3621.71391
3622.56917
3623.42653
3625.99428
3626.85021
3627.70726
3629.41941
3630.27559
3631.13193
3631.98837
3632.84396
3633.70078
3634.55662
3635.41408
3636.26928
3637.12607
3640.54875
3641.40425
3642.26146
3643.12205
3643.97440
3644.83033
3645.68514
3646.54266
3647.39987
3648.25537
3649.11146
3649.96750
3650.82415
3651.68023
3652.53604
3654.24949
3655.10615
3655.95911
3656.81775
3658.53175
3659.38528
3660.24227
3661.09892
3661.95456
3662.80991
3669.65859
3670.51804
3671.37215
3673.08282
3673.93921
3674.79795
3675.65409
3676.51089
3677.36415
