3354.49437
3355.84369
3357.19763
3358.54666
3359.88625
3361.23581
3362.58119
3363.92950
3365.27550
3366.63394
3369.32186
3372.01816
3373.35688
3374.70803
3376.05731
3377.40649
3378.75428
3380.11351
3386.83982
3388.18619
3389.53248
3390.88286
3392.22165
3393.57232
3397.61857
3398.96433
3400.31080
3401.66575
3403.00624
3404.36076
3405.70388
3439.40375
3440.74081
3442.07981
3443.43411
3444.77901
3446.13036
3447.47338
3448.82536
3452.86726
3454.21697
3455.55864
3456.91473
3458.26177
3459.60438
3460.95104
3462.29750
3463.64551
3469.03766
3470.38434
3471.72221
3473.07810
3474.42505
3475.77115
3479.83157
3481.16331
3482.52412
3483.85944
3485.20272
3486.55921
3487.90172
3489.25677
3491.94655
3493.29445
3494.63893
3495.98504
3497.33576
3498.67813
3500.03754
3501.37862
3502.72612
3505.42060
3506.76656
3508.11469
3509.46441
3510.80522
3512.15727
3513.49944
3514.84745
3544.48691
3545.84513
3547.19309
3548.53838
3549.89131
3551.23369
3552.58525
3553.93046
3557.97283
3559.32439
3560.66812
3562.01651
3563.36342
3564.70791
3566.07171
3567.40467
3571.44441
3572.79539
3574.14158
3575.48773
3576.83476
3578.18144
3579.53336
3580.87971
3583.57768
3584.92226
3586.26652
3587.61560
3588.96353
3590.31155
3591.65978
3593.00375
3594.35601
3602.44657
3603.78932
3605.13665
3606.48355
3607.82793
3609.18112
3611.87523
3613.21827
3614.56841
3615.91325
3617.26028
3618.60726
3619.95772
3621.30567
3622.65188
3625.32520
3626.69505
3628.04919
3629.39069
3630.74126
3632.09188
3633.43380
3634.78142
3636.12635
3641.51616
3642.86400
3644.21257
3645.55983
3646.90562
3648.25524
3649.60751
3650.95117
3652.30075
3654.99498
3656.34275
3659.03301
3660.38740
3661.72811
3663.07766
3664.42750
3665.77336
3667.12326
3669.81640
3671.16470
3672.50780
3673.85794
3675.20083
3676.55300
3677.89903
3679.25094
3680.59604
3681.94372
