3326.03970
3328.17469
3329.22687
3333.52029
3334.58792
3340.98346
3342.07479
3343.14490
3344.21211
3345.27402
3346.35057
3350.62956
3351.70850
3352.76553
3545.21296
3547.35664
3548.43145
3549.48783
3550.55920
3551.63157
3552.69975
3553.77707
3558.05050
3560.17594
3561.25466
3562.32735
3563.38472
3564.46162
3565.52242
3566.59434
3567.66553
3570.87072
3571.94019
3573.01011
3574.08129
3575.15033
3576.21932
3577.28704
3578.35824
3579.42573
3580.49656
3583.69867
3584.76909
3585.84192
3586.90996
3587.98011
3589.04861
3590.11674
3591.18657
3592.25979
3593.32484
3594.39256
3595.46647
3601.87918
3602.94763
3604.01742
3605.08613
3606.15632
3607.22425
3608.29379
3609.36437
3611.49412
3612.56994
3613.64044
3614.71044
3615.77766
3616.84790
3617.91703
3618.98783
3620.05422
3621.12490
3622.19252
3623.26307
