3327.73045
3330.38816
3333.06647
3335.75936
3341.08393
3343.75305
3346.43397
3351.75817
3354.43707
3357.10828
3359.77696
3362.43807
3365.13242
3370.44829
3373.10628
3381.12959
3439.86102
3442.53314
3445.22041
3447.89433
3453.21026
3455.86857
3458.56453
3461.22969
3469.24564
3471.90284
3474.58708
3479.91032
3482.59310
3485.25172
3487.93196
3493.28538
3495.93842
3498.59021
3501.27949
3506.61660
3509.27761
3511.95328
3514.66334
3546.66839
3549.32942
3551.99323
3554.68364
3560.01009
3562.68912
3565.39085
3568.01758
3602.74820
3605.40468
3608.06974
3613.41134
3616.08962
3618.75063
3621.41894
3626.76785
3629.43992
3632.09872
3634.76542
3642.80101
3645.44526
3648.14261
3650.79833
