3571.05067
3572.07109
3573.09628
3574.12070
3575.13911
3576.15713
3577.17989
3578.20623
3579.22333
3580.24738
3581.25644
3583.30109
3584.33352
3585.34360
3586.36386
3587.39548
3588.41094
3589.44235
3590.45317
3591.47507
3592.49538
3593.51924
3594.53556
3600.65888
3601.69058
3603.72958
3604.73984
3605.77901
3606.79962
3607.82145
3608.84573
3611.90537
3612.92222
3614.95322
3615.98786
3617.00930
3618.03706
3619.05700
3620.06990
3621.09287
3622.11268
3623.13937
3625.17369
3626.20035
3627.22801
3629.25572
3630.28068
3632.32746
3633.34793
3634.35589
3635.39739
3637.42986
3638.44016
3640.49092
3641.51036
3642.53397
3643.55956
3644.57294
3645.60414
3646.62447
3647.64710
3648.65672
3649.69509
3650.70235
3651.72502
