3354.94065
3357.69970
3359.07869
3360.45540
3361.84886
3363.22824
3364.59755
3365.98445
3370.11785
3371.50628
3372.88193
3374.25686
3375.63078
3377.02951
3379.78614
3386.68721
3388.05152
3389.42828
3390.81344
3392.19803
3393.57301
3397.71378
3399.09124
3400.47037
3401.84624
3403.22763
3439.10761
3440.49686
3441.86294
3443.26172
3444.62251
3446.00669
3447.38760
3448.76773
3452.90914
3454.29020
3455.66482
3457.04247
3458.43074
3459.80163
3461.18484
3462.56809
3469.46452
3470.84065
3472.22489
3473.59973
3474.98355
3476.35710
3479.11733
3480.49844
3481.88412
3483.26565
3484.64897
3486.02128
3487.39878
3488.78847
3545.35328
3546.73449
3548.12358
3549.49319
3550.87609
3552.25516
3553.63596
3555.01464
3557.77817
3560.52868
3561.91643
3563.29493
3564.67294
3566.04716
3567.42932
3600.54213
3601.92064
3603.30133
3604.68726
3606.06757
3607.44372
3608.82057
3611.58140
3612.96103
3614.34123
3615.73574
3617.10153
3618.49093
3619.87130
3621.25201
3622.63413
3626.77392
3629.52872
3630.91087
3632.28273
3633.66190
3635.03520
3636.43105
3640.55634
3641.94499
3643.31423
3644.70489
3646.09040
3647.46873
3648.84474
3650.22894
3651.60828
3654.35629
3655.74790
3657.12179
3658.50972
3659.87789
3661.25389
3662.64790
3664.02618
3665.38840
3666.78460
3669.53787
3670.92143
3673.68051
3675.05821
3676.44608
3677.81749
3679.20128
3680.58223
3681.95435
