3387.15354
3388.91317
3390.67469
3392.43276
3394.19268
3397.71244
3399.47217
3401.23165
3402.99114
3404.74643
3492.73108
3494.49146
3496.25122
3498.01063
3499.77127
3501.53011
3505.04969
3506.80870
3508.56935
3510.32852
3512.08739
3513.84675
3515.60609
3545.52024
3547.28176
3549.03937
3550.79889
3552.55950
3554.31961
3557.83840
3559.59739
3561.35657
3563.11635
3564.87647
3566.63664
3571.91499
3573.67499
3575.43415
3577.19347
3578.95428
3580.71271
3584.23325
3585.99089
3587.75137
3589.51085
3591.27060
3593.03007
3594.79001
3654.61657
3656.37588
3658.13571
3659.89572
3661.65467
3663.41477
3665.17487
3666.93445
3670.45380
3673.97321
3675.73187
3677.49155
3679.25136
3681.01128
