3684.44050
3685.10776
3685.77616
3686.44352
3687.11145
3687.77972
3689.11375
3689.78282
3690.44951
3691.11707
3692.45222
3693.78824
3694.45482
3695.12318
3695.79098
3698.46247
3699.13003
3699.79630
3700.46450
3701.13111
3702.46749
3703.13480
3703.80394
3704.47108
3705.13983
3705.80579
3706.47299
3707.14153
3708.47759
3709.14613
3709.81297
3712.48157
3713.15139
3713.81924
3715.15561
3715.81879
3716.48675
3717.15593
3717.82317
3718.49089
3719.15896
3719.82573
3721.16239
3721.83006
3722.49846
3723.16569
3726.50414
3727.16938
3727.83575
3728.50393
