3356.09748
3361.50029
3364.20045
3366.90179
3369.60319
3372.30378
3375.00444
3377.70664
3388.51102
3391.21364
3393.91368
3399.31584
3402.01603
3404.71793
3439.83261
3442.53403
3445.23531
3447.93605
3453.33858
3456.03945
3458.74068
3461.44185
3469.54502
3472.24660
3474.94732
3480.34980
3483.05091
3485.75213
3488.45328
3493.85610
3496.55660
3499.25730
3501.95883
3507.36087
3510.06206
3512.76343
3515.46424
3545.17644
3547.87803
3550.57835
3553.27912
3561.38272
3564.08385
3566.78486
3572.18717
3574.88823
3577.58967
3580.29059
3582.99103
3585.69272
3588.39387
3591.09467
3593.79601
3601.89913
3604.60047
3607.30137
3612.70341
3615.40469
3618.10571
3620.80707
3623.50828
3626.20928
3631.61284
3634.31476
3637.01327
3642.41541
3645.11617
3647.81748
3650.51875
3655.92061
3658.62144
3661.32363
3664.02505
3666.72518
3669.42803
3674.82824
3677.52955
3680.23029
