3354.79751
3355.46098
3356.79012
3357.45171
3358.11708
3359.44750
3360.10990
3360.77298
3361.44020
3362.10431
3362.76500
3363.43067
3364.09591
3364.75996
3365.41936
3366.74588
3369.40698
3371.40242
3372.06577
3372.72925
3374.05529
3374.72082
3375.38472
3376.71482
3377.37767
3379.36732
3380.03124
3386.67411
3387.33754
3388.00037
3388.66423
3389.32775
3390.65699
3391.31706
3391.98483
3393.31114
3393.98026
3397.29759
3397.96265
3399.29317
3399.95590
3401.28217
3401.94316
3402.61189
3403.27111
3403.93617
3405.26737
