3545.45659
3546.30836
3547.15804
3548.00992
3548.86213
3549.71377
3550.56148
3551.41353
3552.26465
3553.11616
3553.96837
3554.81828
3557.37089
3558.22319
3560.77584
3561.62652
3562.47666
3563.32676
3564.17731
3565.02917
3565.88028
3566.73075
3567.58294
3570.98736
3571.83784
3572.68823
3573.53891
3574.39057
3575.24037
3576.09334
3576.94408
3577.79439
3578.64549
3579.49789
3580.34714
3581.19913
3583.75175
3584.60210
3585.45303
3586.30428
3587.15615
3588.00643
3588.85665
3590.55907
3591.41040
3592.26096
3593.11313
3593.96274
3594.81411
3601.62205
3602.47276
3603.32368
3604.17551
3605.02619
3605.87966
3606.72800
3607.57854
3608.43038
3609.28116
3611.83491
3612.68662
3613.53393
3614.38383
3615.23593
3616.08940
3616.94352
3617.78887
3618.64204
3619.49296
3620.34296
3621.19363
3622.04497
3622.89668
