3354.77874
3372.90335
3379.70161
3438.57798
3440.86569
3443.13548
3445.40325
3447.67052
3449.93779
3452.21030
3454.46093
3456.73626
3459.01206
3461.26562
3463.53032
3470.32307
3472.58705
3474.85970
3479.38810
3481.65543
3483.92046
3486.19968
3488.44764
3493.01309
3495.24492
3497.51501
3499.78208
3502.04253
3506.57595
3508.84060
3511.10209
3513.37701
3515.63452
3545.08643
3547.35300
3549.62079
3551.87664
3554.15322
3560.98825
3563.20907
3565.49261
3567.74860
3642.51427
3644.78445
3647.04111
3649.29263
3651.57701
