3326.37865
3328.34720
3331.28593
3333.24469
3334.22485
3336.18499
3337.16094
3338.14653
3340.10557
3341.08422
3342.06281
3343.04609
3344.03178
3345.00504
3345.98305
3346.96235
3349.90525
3350.88473
3351.87282
3352.85298
3354.80400
3355.79706
3356.76438
3357.74505
3359.71527
3360.68365
3362.64643
3364.60214
3365.59341
3366.56845
3369.51152
3370.49104
3371.46745
3374.40950
3375.39171
3376.36899
3377.35319
3378.32632
3379.31265
3381.26600
3386.17463
3387.15177
3388.13114
3390.09049
3391.07711
3393.03462
3394.01429
3396.95313
3397.93308
3398.91069
3399.89784
3400.87393
3401.86157
3402.83400
3403.79357
3404.79882
3405.77529
3439.10016
3440.08249
3442.04204
3443.02360
3444.98276
3445.96345
3446.94389
3447.92161
3448.90442
3451.84137
3452.82449
3453.80493
3454.78406
3455.76309
3456.74572
3457.72417
3458.70295
3459.68537
3460.66155
3461.64290
3462.62674
3463.60003
3468.50982
3469.48380
3470.46089
3471.44639
3472.42457
3473.40408
3474.38548
3475.36434
3476.34316
3479.28642
3480.26758
3481.24506
3482.22821
3483.20562
3484.18637
3485.16464
3486.14608
3487.12358
3488.10581
3489.08583
3492.03504
3493.00710
3493.98975
3494.96644
3495.95402
3496.93573
3498.88539
3499.87008
3500.85412
3501.82795
3505.74670
3506.73207
3507.71026
3508.69323
3509.67292
3510.65539
3511.63692
3512.61041
3513.59144
3514.57915
3545.92135
3546.92366
3547.90248
3548.87666
3549.85701
3550.82963
3552.79840
3553.77091
3554.75716
3559.65848
3560.65052
3561.62410
3562.60800
3563.57979
3565.54096
3566.52048
3567.50956
3571.42526
3572.40635
3573.38611
3574.36091
3575.34416
3576.32091
3577.29645
3578.28283
3579.26122
3580.24162
3581.22245
3584.16658
3585.13882
3586.12265
3587.10360
3588.08241
3589.06154
3590.04236
3591.02496
3592.00414
3592.98252
3593.96311
3594.94264
3601.80521
3602.78632
3603.77043
3604.74668
3605.72791
3606.70712
3607.68825
3608.66527
3612.58522
3613.57151
3615.52609
3616.50558
3617.48924
3618.46773
3619.44758
3620.42959
3621.40696
3622.39097
3626.30115
3627.29038
3629.25104
3630.22849
3633.16870
3634.15123
3636.10881
3637.08929
3641.99204
3642.97374
3643.95198
3644.93198
3645.91441
3646.89573
3647.87373
3648.85397
3649.83200
3650.81294
3651.79365
3655.71562
3656.69684
3658.65170
3659.63265
3660.61319
3662.57517
3663.55495
3665.51434
3666.49542
3670.42202
3671.39708
3672.37471
3673.36028
3674.33825
3675.32055
3676.29461
3677.27549
3678.25493
3679.23557
3680.22154
3681.20226
