3493.23854
3494.65811
3496.12479
3497.58631
3499.04806
3500.50014
3501.96830
3506.33821
3507.84653
3509.30470
3510.74120
3512.23325
3513.68914
3515.14696
3544.42465
3545.89880
3547.33755
3548.81537
3550.25332
3551.81192
3553.22769
3554.68080
3557.62720
3560.57315
3561.99135
3563.51510
3564.92303
3566.38441
3567.84744
3626.42780
3627.88835
3629.33127
3630.83289
3632.29136
3633.70546
3635.19220
3636.68914
3641.10958
3642.50044
3643.99073
3645.48181
3646.90554
3648.35793
3649.84291
3651.31947
3654.24327
3655.71322
3657.17311
3658.62532
3660.11041
3661.54012
3663.00400
3664.48863
3665.94092
3667.40419
3668.88098
3670.33008
3671.80498
3673.28086
3674.74466
3676.20368
3677.65644
3679.12033
3680.57541
3682.07615
