3325.87795
3336.22901
3352.37705
3352.79163
3359.00348
3365.62797
3368.93915
3369.35476
3399.16858
3399.58528
3439.33593
3442.23356
3443.06376
3448.86071
3453.00233
3455.48559
3459.21160
3468.73479
3469.15025
3472.46266
3472.87806
3480.33218
3481.98577
3485.29936
3488.61214
3495.64966
3498.96428
3502.69284
3505.58702
3506.00210
3509.31300
3509.73006
3575.56806
3575.98254
3576.39708
3579.29500
3586.74994
3589.23339
3602.48398
3602.89914
3605.79681
3606.62638
3609.10963
3612.42067
3612.83779
3615.73370
3616.14937
3616.56397
3616.97830
3619.46168
3619.87641
3625.67124
3626.08622
3626.50200
3626.91684
3629.39754
3629.81332
3632.71114
3633.12648
3633.54071
3636.43782
3642.65007
3643.47863
3645.96211
3649.27489
3649.68910
3652.58649
3656.31353
3662.52420
3665.83698
3666.25142
3670.39416
3672.87770
3673.29098
3675.77619
3676.60404
3679.08790
3679.50130
3679.91666
