3326.23894
3327.10885
3327.92996
3328.77507
3329.62088
3330.46732
3331.31025
3332.15953
3333.00450
3333.85070
3334.69825
3335.54462
3336.38760
3337.23549
3338.08121
3340.61854
3341.46395
3342.31071
3343.15697
3344.00360
3344.84866
3345.69492
3346.54089
3349.92599
3350.77176
3351.61803
3352.46190
3355.00216
3355.84917
3356.69365
3357.54294
3358.38733
3359.23236
3360.07802
3360.92277
3361.77315
3362.61340
3363.46038
3364.30766
3365.15252
3366.84187
3369.38343
3370.22763
3371.07846
3371.92129
3372.76705
3373.61497
3374.45887
3375.30511
3377.00085
3379.53626
3381.22873
3654.91710
3669.28927
3674.36589
