3327.97967
3335.93818
3336.33705
3340.31199
3394.43968
3448.56558
3452.54561
3452.93940
3471.25096
3476.02457
3479.60752
3480.00714
3483.58139
3487.16826
3495.12745
3497.51461
3498.71169
3499.10830
3501.89760
3502.69036
3507.06699
3510.65004
3512.64521
3514.22911
3544.47701
3545.67006
3548.85538
3549.25198
3552.83419
3553.62998
3561.19168
3564.77286
3565.17086
3571.14197
3572.33813
3575.52207
3576.31672
3576.71401
3578.70586
3580.29614
3580.69130
3587.86197
3590.64583
3591.04173
3591.44118
3591.84144
3595.02222
3602.97976
3603.77567
3606.96120
3607.35597
3614.91706
3615.31506
3618.89932
3622.87744
3661.87836
3665.06562
3665.46015
3665.85899
3677.00206
3677.40103
3680.18710
3680.98254
3681.37962
