3625.89847
3626.36946
3626.84725
3627.32094
3627.80164
3630.17599
3630.65120
3631.12733
3632.55580
3633.03184
3633.51120
3633.98142
3634.93569
3636.36217
3636.83484
3637.31572
3640.64311
3641.11902
3641.59633
3642.07229
3642.54885
3643.02179
3643.50253
3643.97406
3644.45052
3644.92561
3645.40117
3645.87975
3647.30762
3647.78297
3648.25924
3648.73134
3649.20999
3649.68286
3650.16001
3650.63532
3651.11172
3651.58952
3652.06255
3652.53778
3654.91745
3655.39346
3655.86984
3656.34594
3656.82119
3658.72370
3659.20140
3659.67677
3660.15480
3660.62453
3661.10882
3661.57828
3662.05642
3662.52954
3663.01168
3663.48094
3663.95997
3664.43448
3665.86167
3666.33940
3666.81223
3667.29081
3670.14354
3670.62194
3671.09764
3671.57131
3673.47463
3673.95181
3674.42572
3674.90564
3675.85297
3676.32802
3676.80736
3677.27853
3677.75724
3678.23597
3678.70858
3679.18449
3679.65995
3680.13724
3680.61178
3681.08858
3681.56434
3682.04060
