3355.11429
3357.59244
3360.06752
3365.03690
3369.94659
3374.91866
3377.40439
3379.88372
3439.32253
3441.80344
3446.75763
3449.22505
3459.13662
3461.61181
3493.81378
3496.29255
3498.78370
3501.24994
3506.19881
3508.68074
3513.64217
3545.81933
3548.29308
3550.77911
3553.24359
3558.20011
3560.68693
3563.15224
3565.62428
3573.07442
3575.54808
3578.01503
3580.49154
3585.44800
3587.92224
3590.40054
3592.86916
3595.35482
3602.77956
3607.72936
3612.67652
3615.17716
3617.62750
3620.11312
3622.58901
3627.55241
3630.02645
3632.49547
3634.96948
3637.45266
3642.38691
3644.87378
3647.36479
3649.82582
