3600.97933
3601.85919
3602.73906
3604.49826
3605.37891
3606.25872
3607.13862
3608.01766
3608.89717
3612.41776
3613.29607
3614.17677
3615.05562
3615.93504
3616.81585
3617.69446
3618.57359
3619.45337
3620.33508
3621.21354
3622.09281
3622.97181
3625.61124
3626.49016
3627.37213
3629.13062
3630.01002
3630.89055
3632.64949
3633.52869
3634.40846
3635.29054
3636.16877
3637.04849
3640.56779
3641.44832
3642.32667
3643.20480
3644.08630
3644.96776
3645.84479
3646.72526
3647.60540
3648.48358
3649.36461
3650.24456
3651.12391
3652.00305
