3355.41778
3356.96229
3358.49824
3360.03623
3363.11253
3364.65360
3369.27393
3370.80802
3372.34447
3373.88663
3375.42025
3376.95944
3380.03933
3386.19215
3389.26622
3390.80488
3393.88445
3396.95997
3398.50408
3400.03819
3401.57734
3403.11051
3492.35111
3493.88917
3495.42751
3496.96537
3498.50824
3500.04743
3501.58541
3506.19800
3507.73880
3509.27278
3510.81403
3512.35560
3513.89988
3515.43199
3601.59015
3604.66819
3606.20541
3607.74668
3609.28349
3612.35930
3613.90258
3615.44329
3616.98343
3618.52056
3620.06317
3621.60226
3623.13421
