3325.82313
3326.45792
3328.36719
3328.99738
3330.90314
3333.43582
3334.07444
3335.34576
3335.98086
3336.61288
3337.24911
3340.42435
3342.32768
3342.96423
3344.86722
3345.50210
3346.13649
3349.94780
3350.57927
3352.48587
3654.62571
3655.25672
3655.89615
3656.52807
3657.16506
3658.43290
3659.06766
3659.70216
3660.33696
3660.97195
3661.60470
3662.24100
3662.87610
3663.51010
3664.77975
3666.04945
3666.68604
3667.31883
3669.85965
3670.49258
3671.12893
3671.76214
3673.03143
3673.66898
3674.30122
3674.93795
3676.20672
3676.84011
3677.47552
3678.10998
3678.74466
3679.38154
3680.01388
3680.65055
3681.28320
3681.92204
