3355.82335
3357.89866
3359.97736
3362.05120
3370.36102
3374.51725
3376.59067
3386.98901
3389.05152
3399.44055
3401.51324
3405.66495
3438.88272
3440.97456
3443.04629
3445.13242
3447.20045
3449.26624
3455.50867
3459.67558
3461.74244
3470.05020
3472.12319
3474.20220
3476.28380
3480.43745
3482.51427
3484.57972
3486.66433
3488.73623
3492.88871
3494.96966
3497.04612
3499.12072
3501.20061
3505.34931
3507.42917
3509.50266
3511.58357
3513.66401
3515.74386
3544.81393
3546.88821
3548.97168
3551.03920
3553.11633
3555.20112
3559.34991
3561.42522
3563.50183
3565.57902
3567.65753
3571.81542
3573.90023
3575.96793
3578.04251
3580.11802
3584.29126
3586.35292
3588.42458
3590.50585
3592.57664
3594.65193
3600.85900
3602.96500
3605.03452
3607.11413
3609.19565
3613.34327
3615.42069
3619.58316
3621.65213
3625.81227
3627.88292
3629.95439
3634.11140
3636.18201
3640.33815
3642.42051
3644.50847
3646.57176
3648.64644
3650.72713
3654.88512
3656.95771
3659.03703
3661.11444
3663.18267
3665.26530
3667.34421
3669.42681
3671.50633
3673.57244
3675.65341
3677.73086
3679.79975
3681.88147
