3325.50319
3326.62326
3328.29872
3331.08055
3333.31642
3333.87408
3334.43081
3335.54364
3337.21500
3340.00825
3343.35625
3343.90848
3345.02417
3345.58378
3346.14282
3350.04130
3351.16019
3352.83213
3358.41377
3362.30036
3363.99505
3365.09323
3369.56943
3379.60834
3386.29677
3386.85418
3387.97001
3388.52821
3389.08610
3390.20014
3390.75885
3392.98821
3393.54416
3399.12470
3399.68107
3400.24141
3402.46980
3403.02495
3404.14377
3405.25516
3438.71804
3439.27831
3439.84175
3440.39689
3440.95214
3442.06939
3442.62850
3443.18140
3443.73636
3444.30057
3444.85434
3445.41058
3445.97288
3446.53092
3447.64307
3448.19865
3448.76414
3449.32544
3452.10360
3452.66163
3453.21769
3453.77729
3454.33831
3455.44692
3456.01320
3456.57024
3457.12031
3458.23638
3458.79778
3459.35618
3460.47488
3461.03290
3461.59361
3462.14758
3462.70047
3463.25975
3468.83391
3469.38856
3469.95028
3470.50689
3472.73499
3473.29598
3474.96253
3475.52663
3479.43088
3479.98893
3481.09406
3481.66583
3485.00912
3485.56678
3487.23489
3492.25876
3492.81991
3493.38070
3493.93131
3494.49462
3495.05575
3495.61141
3496.16280
3496.72382
3497.28110
3497.83817
3498.39556
3498.95281
3499.51109
3500.06882
3500.62945
3501.18225
3501.74409
3502.29884
3505.09055
3505.64653
3506.20569
3506.76394
3507.32372
3507.87728
3508.43785
3508.99365
3509.54846
3510.11366
3510.66760
3511.23208
3511.77894
3512.33822
3512.89489
3513.45221
3514.01319
3514.57466
3515.13074
3515.68376
3545.25009
3545.80189
3546.35991
3546.92015
3547.47472
3548.03172
3548.59723
3549.15012
3549.70640
3550.26528
3550.82475
3551.38138
3551.93944
3552.49416
3553.04930
3553.60961
3554.16897
3554.72685
3557.51836
3558.07325
3559.18922
3559.74344
3560.30279
3560.86443
3561.41484
3561.97699
3562.53378
3563.08970
3563.65394
3564.20683
3564.76521
3565.32247
3565.87627
3566.43503
3566.99413
3567.55001
3601.57323
3602.12891
3602.68677
3603.80269
3604.36841
3604.91722
3605.48099
3606.03923
3606.59403
3607.15128
3607.71164
3608.26571
3608.82708
3609.38285
3611.62205
3612.16676
3612.72902
3613.84238
3614.40042
3614.95930
3615.52154
3616.07160
3616.63396
3617.19672
3617.75060
3618.30067
3618.86556
3619.41597
3619.97922
3620.53624
3621.09847
3621.65452
3622.21010
3622.76765
3623.32929
3626.11906
3627.79226
3629.46497
3630.00942
3631.13128
3632.80089
3633.35847
3633.92449
3634.47644
3636.16441
3636.72325
3637.26583
3641.16160
3642.28453
3642.85804
3643.95370
3644.51851
3645.07473
3645.62818
3646.18207
3646.74892
3647.86624
3648.43488
3648.99265
3650.09083
3650.65886
3651.21094
3651.76063
3652.32015
3654.56381
3655.10904
3655.66866
3656.22506
3656.78788
3658.46119
3659.01168
3660.13111
3661.80641
3662.35975
3662.91983
3663.47995
3664.03488
3665.15202
3665.70765
3666.26281
3666.82777
3667.37451
3670.17321
3670.72507
3671.29011
3671.84379
3672.95140
3674.07673
3674.63527
3675.18874
3675.75054
3676.30524
3676.87278
3677.42498
3678.53384
3679.09768
3679.65275
3680.20460
3680.76587
3681.33115
3681.88233
