3601.97452
3602.85981
3603.74947
3604.64111
3605.53051
3606.41844
3607.30610
3608.19651
3609.08137
3612.64025
3613.52855
3614.41129
3615.30858
3616.20111
3617.07968
3617.97641
3618.86308
3619.75090
3620.63957
3621.53284
3622.42015
3623.30947
3625.97253
3626.85980
3627.75113
3629.52549
3630.42027
3631.30573
3632.19043
3633.08481
3633.97193
3634.86374
3635.74576
3636.64182
3641.08188
3641.97246
3642.85764
3643.75084
3644.63794
3645.52592
3646.41974
3647.30526
3648.19180
3649.08735
3649.96779
3650.86272
3651.74696
3652.63826
3654.41659
3655.30494
3656.19297
3657.08415
3657.97155
3658.85650
3659.75080
3660.64734
3661.52950
3662.41406
3663.30856
3664.18914
3665.08160
3665.97272
3666.86415
3669.52460
3670.41771
3671.30699
3673.07198
3673.97658
3674.86267
3675.74781
3676.63768
3677.52928
3678.41542
3679.30556
3680.18911
3681.08030
3681.96916
