3354.38838
3354.91351
3355.94283
3356.46265
3356.97983
3357.50162
3358.01329
3358.53334
3359.05114
3359.56829
3360.08540
3360.60355
3362.15477
3362.67376
3363.19252
3364.74469
3365.78116
3366.81691
3368.88708
3369.40415
3370.44081
3370.95682
3371.47690
3371.99465
3373.03140
3374.58182
3375.10121
3376.65275
3377.17195
3377.69082
3379.24336
3381.31605
3386.49396
3387.00802
3387.52537
3388.04408
3389.07825
3389.59587
3390.63533
3391.14835
3391.66794
3393.74139
3394.25616
3397.35955
3397.87696
3398.39825
3399.43383
3400.46477
3400.98583
3401.50309
3402.54045
3403.05988
3403.57409
3404.09082
3405.12818
3468.80767
3469.32484
3469.84356
3470.35892
3470.87919
3471.39661
3471.91070
3472.43104
3472.94820
3473.46426
3473.98311
3474.50155
3475.01741
3475.53582
3476.05338
3476.57239
3479.16201
3479.68007
3480.19660
3480.71598
3481.23466
3481.74868
3482.26901
3482.78362
3483.30472
3483.81815
3484.85489
3485.37249
3485.89052
3486.41240
3486.92541
3487.44621
3487.96228
3488.48346
3488.99927
3489.51547
3492.10434
3492.62197
3493.13832
3493.65420
3494.17085
3494.68934
3495.20831
3495.72994
3496.24541
3496.76284
3497.28332
3497.79698
3498.31747
3498.83509
3499.35286
3499.87043
3500.38539
3500.90069
3501.42295
3501.93994
3502.45584
3505.56677
3506.08468
3506.59937
3507.11875
3507.63627
3508.15172
3508.67031
3509.19004
3509.70810
3510.22572
3510.74166
3511.26076
3511.77562
3512.29600
3512.81350
3513.33244
3513.84819
3514.36528
3514.88334
3515.40134
3544.39490
3544.91168
3545.42944
3545.94452
3546.46525
3546.98275
3547.50127
3548.01785
3548.53682
3549.05203
3549.57177
3550.08825
3550.60677
3551.12420
3551.64293
3552.15964
3553.19599
3553.71218
3554.23054
3554.74852
3557.33491
3557.85467
3558.37212
3559.40690
3560.44344
3560.95988
3561.47828
3561.99625
3562.51449
3563.03225
3563.54868
3564.06640
3564.58424
3565.10326
3565.61804
3566.13834
3566.65462
3567.17235
3567.69136
3570.79834
3571.31556
3571.83166
3572.34987
3572.86860
3573.38487
3573.90255
3574.41989
3574.93921
3575.45633
3575.97500
3576.49108
3577.00856
3577.52647
3578.04452
3578.56281
3579.08149
3580.11491
3580.63275
3581.15081
3583.73922
3584.25912
3584.77423
3585.29421
3585.81081
3586.84639
3587.36275
3587.88067
3588.39817
3588.91707
3589.95305
3590.46994
3590.98662
3591.50500
3592.02385
3593.05976
3593.57713
3594.09294
3594.61052
3595.12836
3601.34036
3601.85893
3602.37771
3602.89579
3603.92989
3604.44690
3604.96462
3605.48340
3606.00219
3606.51967
3607.03835
3607.55425
3608.07059
3608.58927
3609.10751
3611.69501
3612.21460
3612.73188
3613.24882
3613.76640
3614.80221
3615.31932
3615.83816
3616.35609
3616.87351
3617.39144
3617.90867
3618.42648
3618.94465
3619.46152
3619.97918
3620.49814
3621.01495
3621.53344
3622.04949
3622.56804
3623.08596
3623.60424
3625.67553
3626.19323
3626.71098
3627.74556
3629.29712
3629.81644
3630.33472
3630.85336
3632.40433
3632.92347
3633.44191
3633.95891
3634.99343
3635.51008
3636.02951
3636.54707
3637.06623
3641.20768
3641.72327
3642.24337
3642.76045
3643.79553
3644.31458
3644.83206
3645.34690
3645.86567
3646.38346
3646.90047
3647.41743
3647.93736
3648.45398
3648.97203
3650.00598
3650.52469
3651.04181
3651.56206
3652.07691
3652.59587
3654.15083
3655.69993
3656.22243
3656.73733
3657.25532
3658.80923
3659.32805
3659.84612
3660.36191
3661.39826
3661.91735
3662.43293
3662.94876
3663.46606
3663.98482
3665.02245
3665.54048
3666.05683
3666.57368
3667.09083
3670.19843
3670.71428
3671.23207
3671.75407
3673.30369
3673.82211
3674.34178
3674.85774
3675.89311
3676.40990
3676.92890
3677.44492
3677.96104
3678.48303
3679.00185
3679.51606
3680.03548
3680.55371
3681.07012
3681.58835
3682.10480
