3600.54577
3601.41635
3602.27353
3604.00195
3604.86492
3605.72808
3606.59030
3607.45528
3608.31630
3609.17758
3611.77682
3612.63330
3613.49984
3614.36342
3615.22115
3616.09062
3616.94805
3617.81326
3618.67391
3619.53727
3620.40153
3621.26650
3622.12930
3622.99071
3625.58404
3626.44524
3627.30643
3629.01579
3629.89408
3630.75595
3631.62259
3632.48663
3633.34524
3634.21680
3635.06857
3635.94044
3636.80071
3638.51535
3641.11941
3641.97540
3642.84604
3643.70413
3644.56909
3645.43142
3647.15854
3648.02191
3648.88353
3649.74897
3650.60990
3651.47222
3652.33655
3654.92475
3655.79114
3656.64892
3658.37811
3659.24174
3660.10350
3660.96895
3661.83270
3662.69556
3663.55744
3664.41993
3665.29772
3666.14932
3667.01213
3669.60195
3670.46406
3671.32904
3673.05509
3673.91438
3674.77921
3675.64326
3676.50294
3677.36555
3678.23047
3679.09490
3679.96445
3680.81747
3681.68328
