3387.52320
3389.24396
3390.96368
3394.40416
3397.84398
3399.56453
3401.28455
3403.00404
3404.72502
3470.08851
3471.80904
3473.52805
3475.24889
3478.68855
3480.40797
3482.12899
3483.84931
3485.56919
3487.28876
3489.01003
3492.44972
3494.17004
3495.88987
3497.60941
3499.32956
3501.04996
3502.76948
3506.20996
3507.92975
3509.64977
3511.37085
3513.09092
3514.81119
3545.77285
3547.49248
3549.21311
3550.93231
3552.65313
3554.37266
3557.81295
3559.53405
3561.25316
3562.97353
3564.69377
3566.41382
3568.13397
3569.85574
3571.57458
3573.29424
3575.01410
3576.73449
3578.45487
3580.17480
3583.61282
3585.33393
3587.05544
3588.77500
3590.49532
3592.21362
3593.93529
3600.81840
3602.53594
3604.25559
3605.97559
3607.69585
3609.41582
3612.85618
3614.57777
3616.29585
3618.01695
3619.73695
3621.45646
3623.17618
3654.13751
3655.85985
3659.29950
3661.01816
3662.73925
3664.45872
3666.17949
3669.62042
3671.33988
3673.05851
3674.77980
3676.49984
3678.22035
3679.94003
3681.66020
