3326.61266
3329.79090
3332.97343
3336.13131
3342.47978
3345.65242
3351.99944
3355.17560
3358.34871
3364.69601
3371.04365
3374.21731
3377.39074
3380.56619
3386.91569
3390.08481
3393.26158
3399.60533
3402.77853
3405.95231
3440.86482
3444.03656
3447.20852
3453.56182
3456.72913
3459.90633
3463.07702
3472.55440
3478.76534
3481.94532
3485.53190
3488.46937
3494.81531
3497.98836
3501.16170
3507.50905
3510.68155
3513.85641
3545.59565
3548.76800
3551.94115
3555.11518
3558.28750
3561.45761
3564.63531
3567.80782
3570.97706
3574.15688
3577.32930
3580.50249
3583.67900
3586.84983
3590.02169
3593.19637
3605.73892
3612.06857
3615.16434
3621.97370
3637.61935
3640.79611
3643.97583
3647.15469
3650.32631
3656.67219
3659.85017
3663.01616
3666.19925
3669.36501
3675.71623
3678.88593
3682.05717
