3355.37138
3358.49155
3360.04967
3363.17183
3364.73287
3366.29228
3374.09797
3378.78329
3386.59299
3388.15126
3392.83510
3399.08887
3441.23725
3442.81144
3444.36335
3452.16975
3453.73423
3461.53140
3463.09459
3469.34672
3470.89972
3472.46689
3474.02881
3480.27468
3488.08858
3489.71243
3492.76106
3494.32642
3495.88334
3497.44394
3498.99254
3500.57195
3502.08775
3545.85176
3550.52946
3552.09551
3553.67082
3555.21636
3558.33901
3561.46158
3564.58956
3577.07206
3578.65120
3580.19415
3584.88296
3586.45220
3606.74211
3608.36053
3616.10692
3617.67682
