3325.53228
3327.38440
3329.21372
3331.06173
3332.89162
3334.74027
3336.58500
3340.26181
3342.10532
3343.94822
3345.78545
3347.63087
3351.30958
3439.70652
3441.54889
3443.38850
3445.23170
3447.07792
3448.91526
3452.59423
3454.44016
3456.27823
3458.12135
3459.96253
3461.80781
3463.64701
3601.75688
3603.60495
3605.44138
3607.28645
3609.12749
3612.81153
3614.65407
3616.49444
3618.33986
3620.17928
3622.01653
3625.70475
3627.54319
3629.38775
3631.22433
3633.06842
3634.90885
3636.75192
3638.59841
3642.27649
3644.11514
3645.95729
3647.79845
3649.64284
3651.48832
3655.16824
3657.00656
3658.85159
3660.69845
3662.53297
3664.37334
3666.21506
3669.89336
3671.74170
3673.57977
3677.27194
3679.10622
3680.94752
