3684.24565
3684.81456
3685.37801
3685.94718
3686.51465
3687.08378
3687.65230
3688.78469
3690.49220
3691.06018
3691.62718
3693.90010
3694.47062
3695.03705
3695.60587
3698.44761
3699.01621
3699.58229
3700.15031
3700.71924
3701.28652
3702.42418
3703.56311
3704.12730
3704.69642
3705.26302
3706.96916
3707.53679
3708.10540
3708.67406
3709.24342
3709.80908
3712.08216
3712.64945
3713.21917
3713.78701
3714.35489
3715.49032
3716.05838
3716.62806
3717.19670
3717.76386
3718.33147
3718.89976
3719.46881
3720.60528
3721.17208
3721.74129
3722.30954
3722.87705
3723.44525
3726.28933
3726.85474
3727.42221
3727.99123
3728.55835
3729.13014
3729.69406
3730.26344
3730.83136
3731.39931
3731.96850
3732.53618
3733.10397
3733.67275
3734.24045
3734.80962
3735.37752
3735.94613
3736.51326
3737.08029
