3601.76251
3602.69092
3604.53223
3605.45626
3606.38016
3607.29456
3608.22379
3609.14546
3613.76590
3614.67790
3615.59701
3616.52044
3617.44452
3618.37271
3619.28254
3620.20609
3621.14104
3622.07262
3622.97688
3625.74416
3626.66424
3627.59110
3629.43662
3630.35837
3631.27324
3633.12472
3634.04822
3634.97136
3635.88897
3636.81681
3638.65895
3641.42903
3642.34611
3644.19545
3645.11870
3646.03706
3646.95964
3647.88237
3648.80592
3649.72604
3650.65235
3651.57264
3652.49290
3654.33929
3655.25978
3656.18491
3657.10480
3658.01973
3658.95262
3659.86684
3661.72351
3662.63583
3663.55952
3666.31819
3667.24356
3670.01855
3670.93875
3671.85740
3672.78472
3673.69671
3674.62431
3676.47504
3677.39523
3678.31712
3679.23670
3680.16433
3681.09010
3682.01257
