3326.07022
3327.16161
3328.26889
3329.36965
3330.46819
3331.57233
3332.66347
3333.76602
3334.87044
3335.96702
3337.06046
3338.16629
3340.36211
3341.46286
3342.55936
3343.65567
3344.75669
3345.85918
3346.96102
3350.25453
3352.45375
3354.65223
3355.75654
3356.84827
3357.95204
3359.04986
3360.14723
3362.34484
3363.44401
3364.54190
3365.64311
3366.73964
3368.94090
3370.03872
3371.13757
3372.23717
3373.33173
3374.43678
3375.53269
3376.63371
3377.73504
3378.83307
3379.93189
3386.52593
3387.62439
3388.72425
3390.92296
3392.02635
3393.12095
3394.22328
3397.51752
3398.61973
3399.71794
3400.81739
3401.91393
3403.01322
3404.11312
3405.21193
3438.18967
3439.28669
3440.38536
3441.48677
3442.58399
3443.68316
3444.78244
3445.88169
3446.98145
3448.08030
3449.17794
3452.47747
3453.57485
3454.67521
3455.77419
3456.87351
3457.97325
3459.07177
3460.17074
3461.26905
3462.36768
3463.47041
3468.96635
3470.06278
3471.16284
3472.26102
3473.36129
3474.46064
3475.55996
3476.65862
3478.85634
3479.95556
3481.05332
3482.15285
3483.25095
3484.35263
3485.44961
3486.54930
3487.65056
3488.75181
3489.84564
3492.04657
3493.14415
3494.24490
3495.34379
3496.44268
3497.54212
3498.64162
3499.74092
3500.84030
3501.93837
3505.23757
3506.33549
3507.43507
3508.53487
3509.63214
3510.73261
3511.83277
3512.93056
3514.03213
3515.12736
3544.80596
3545.90552
3547.01597
3548.10448
3549.20381
3550.29858
3551.40255
3552.50401
3553.59825
3554.69819
3557.99635
3560.19710
3561.29420
3562.38942
3563.48985
3564.59051
3565.69127
3566.78964
3567.88930
3571.18684
3572.28603
3573.38385
3574.48408
3575.58384
3576.68372
3577.78284
3578.87908
3579.97919
3581.08046
3584.37764
3585.47432
3586.57390
3587.67533
3588.77343
3589.87537
3590.97072
3592.07006
3593.17059
3594.26999
3595.36712
3600.86517
3601.96437
3604.16218
3605.26245
3606.36326
3607.45936
3608.55789
3611.85874
3612.95494
3614.05092
3615.15364
3616.25386
3617.35236
3618.45037
3619.54940
3620.64993
3621.74901
3622.84704
3626.14776
3627.24363
3629.44156
3630.53903
3631.64268
3632.74011
3633.84043
3634.94369
3636.04495
3637.13615
3638.23738
3640.42868
3641.53239
3642.62745
3643.73002
3644.84015
3645.93230
3647.02578
3648.12933
3649.22544
3650.32486
3651.42204
3652.52783
3654.72623
3655.81912
3656.92586
3658.02310
3659.12061
3660.21595
3661.32205
3662.41745
3663.51787
3664.61083
3665.71360
3666.81372
3669.00581
3670.10971
3671.21280
3672.31533
3673.41399
3674.51138
3675.61426
3676.70584
3677.80394
3678.90291
3680.00139
3681.10493
