3325.80437
3326.57691
3328.11998
3328.89269
3329.66453
3330.43759
3331.20797
3332.75244
3333.52446
3334.29703
3335.83966
3336.61292
3337.38582
3338.15628
3340.47236
3341.24392
3342.01461
3342.78634
3343.55909
3345.10368
3345.87421
3346.64716
3349.73478
3350.50719
3351.27914
3352.04951
3352.82388
3354.36616
3355.13937
3355.91040
3356.68208
3357.45552
3358.22638
3358.99827
3359.77107
3360.54312
3361.31489
3362.08670
3362.85880
3364.40294
3365.17542
3366.71823
3369.03344
3369.81000
3371.34983
3372.12208
3372.89379
3374.43768
3375.21011
3376.75344
3377.52641
3378.29872
3379.06934
3379.84062
3380.61358
3386.78955
3387.56142
3388.33182
3390.65061
3391.41991
3392.19394
3392.96571
3393.74004
3394.50889
3397.59574
3398.37161
3399.14369
3399.91241
3401.45816
3402.22879
3403.00138
3403.77187
3404.54265
3405.31324
