3712.30278
3713.11665
3713.93532
3715.57980
3716.39959
3717.19678
3718.02401
3718.82957
3719.64971
3720.45449
3721.27755
3722.10674
3722.92352
3725.35435
3726.18726
3727.00255
3727.81233
3728.63416
3730.25589
3731.07807
3731.89449
3732.71148
3733.53538
3734.35533
3735.16248
3735.98406
3736.79078
3739.24045
3740.06643
3740.87996
3741.69771
3742.51315
3743.32714
3744.14481
3744.96025
3745.78146
3746.59576
3747.41313
3748.22842
3749.04990
3749.87054
3752.31488
3753.13146
3753.94743
3754.76347
3755.57832
3756.38306
3757.21514
3758.02757
3758.84172
3759.66784
3760.47484
3761.30283
3762.10490
3762.92669
