3626.01347
3626.66174
3627.30469
3627.95219
3629.23924
3629.88575
3630.53292
3631.17583
3632.46833
3633.11155
3633.75741
3634.40166
3635.69319
3636.33851
3636.98462
3641.50003
3642.14390
3642.78854
3643.43578
3644.07965
3644.72553
3645.36811
3646.01581
3646.66079
3647.30568
3647.95299
3648.59691
3649.24149
3649.88706
3650.53194
3651.17793
3651.82252
3652.46749
3654.40330
3655.04863
3655.69465
3656.33875
3656.98444
3658.27637
3658.92011
3659.56501
3660.21062
3661.50206
3662.14598
3662.79178
3663.43583
3666.01695
3666.66237
3667.30747
3669.24179
3669.88834
3670.53366
3671.18053
3671.82530
3673.11312
3673.75966
3674.40597
3675.05050
3675.69566
3676.34030
3676.98574
3677.63205
3678.27540
3678.92052
3679.56671
3680.21114
3680.85680
3681.50371
3682.14564
