3331.00626
3342.88751
3346.84000
3350.81768
3354.76743
3362.66262
3366.62816
3370.59535
3374.51776
3378.48400
3386.37613
3398.26426
3402.25213
3481.36059
3485.30462
3489.28598
3493.21980
3497.17653
3501.12408
3509.03943
3512.99285
3544.64145
3548.63372
3552.55554
3560.48224
3564.42229
3572.34674
3576.31609
3580.26700
3588.18417
3592.12200
3603.98208
3607.94195
3615.84728
3619.82130
3627.74844
3631.67550
3635.63390
3643.56017
3647.50630
3651.47406
3655.40300
3659.38276
3663.33309
3667.27534
3671.23757
3675.20438
3679.16629
