3325.56573
3326.40248
3328.08021
3328.91901
3329.75545
3330.59549
3331.43455
3333.11227
3333.95014
3334.78627
3335.62519
3336.46516
3337.30458
3338.14241
3340.65822
3341.49684
3342.33651
3343.17479
3344.01327
3344.85282
3345.68897
3346.52776
3349.88270
3350.72138
3351.56306
3352.39777
3354.91350
3355.75247
3356.59092
3357.42956
3358.26835
3359.94616
3360.78456
3362.46262
3363.29958
3364.13926
3364.97740
3365.81662
3366.65334
3369.17240
3370.84708
3371.68557
3372.52380
3373.36216
3374.20133
3375.03941
3376.71824
3377.55641
3379.23380
3380.07269
3380.91199
3386.78220
3387.62236
3388.46049
3389.29598
3390.13546
3390.97506
3391.81053
3393.48840
3394.32789
3397.68412
3398.52027
3399.35975
3400.19726
3401.03814
3401.87525
3402.71390
3403.55591
3404.38981
3405.23110
3438.77370
3439.61228
3440.45021
3441.28982
3442.12784
3442.96662
3443.80491
3444.64422
3445.48062
3446.32014
3447.15935
3447.99822
3448.83675
3449.67466
3452.19037
3453.02863
3453.86922
3454.70543
3455.54598
3456.38337
3457.22289
3458.06108
3458.90055
3459.73998
3460.57817
3461.41586
3462.25385
3463.09169
3468.96270
3469.80307
3470.64007
3471.48244
3472.31739
3473.15508
3473.99414
3474.83297
3475.67215
3476.50984
3479.02567
3479.86417
3480.70326
3481.54123
3482.38034
3483.21842
3484.05716
3484.89630
3485.73466
3486.57307
3487.41149
3488.25016
3489.09148
3492.44393
3494.11962
3494.95732
3495.79696
3496.63583
3497.47444
3498.31120
3499.15383
3499.98681
3500.82622
3501.66817
3502.50621
3505.86240
3506.70017
3507.53703
3508.37689
3509.21640
3510.05344
3510.89277
3511.73094
3512.56906
3513.41035
3514.24668
3515.08563
3544.43245
3545.27307
3546.11214
3546.94999
3547.78973
3548.62695
3549.47095
3550.30567
3551.14540
3551.98327
3552.82094
3553.65945
3554.50028
3557.85146
3559.53044
3560.36986
3561.20814
3562.04615
3562.88376
3563.72328
3564.56129
3565.39877
3566.23932
3567.07692
3567.91547
3571.27288
3572.11114
3572.94843
3573.78662
3574.62460
3575.46314
3576.30241
3577.14052
3577.97970
3579.65908
3580.49579
3581.33435
3583.85238
3584.69220
3585.52826
3586.36540
3587.20451
3588.04262
3588.87996
3589.71863
3590.55845
3591.39630
3592.23596
3593.07463
3593.91257
3594.75211
3600.61955
3601.46008
3602.29875
3603.97627
3604.81489
3605.65432
3606.49244
3607.33118
3608.16794
3609.00659
3611.52453
3612.35977
3613.20050
3614.87922
3615.71656
3616.55608
3617.39431
3618.23267
3619.07176
3619.90917
3620.74823
3621.58648
3622.42450
3623.26275
3625.77968
3626.61871
3627.45660
3629.13597
3629.97198
3630.81034
3631.65064
3632.48743
3633.32680
3634.16530
3635.00411
3635.84237
3636.68129
3640.87415
3641.71294
3642.55136
3643.39034
3644.22807
3645.06695
3645.90532
3646.74435
3647.58230
3648.42086
3649.25970
3650.09841
3650.93728
3651.77611
3652.61406
3654.29039
3655.12926
3655.96762
3656.80716
3658.48188
3659.32259
3660.16192
3661.00165
3661.83856
3662.67787
3663.51599
3664.35616
3665.19257
3666.03075
3666.86935
3669.38583
3670.22535
3671.06239
3671.90167
3672.74074
3673.57940
3674.41651
3675.25816
3676.09386
3676.93381
3677.77155
3678.61161
3679.44966
3680.28750
3681.12734
3681.96469
