3325.97650
3326.50313
3327.55982
3328.10136
3328.61461
3330.73739
3333.89420
3336.01825
3336.53981
3337.07762
3337.59997
3338.13981
3340.24332
3340.76789
3341.30032
3342.35751
3342.88951
3343.41727
3343.93674
3345.00831
3345.53621
3346.07687
3346.59252
3350.27409
3350.82511
3352.42357
3352.92926
3355.04976
3355.56686
3356.64413
3357.17151
3357.69778
3358.21869
3359.28632
3360.85443
3361.39748
3361.92004
3362.44000
3363.50816
3364.01739
3364.54572
3365.07998
3365.61568
3366.70103
3369.32816
3370.38647
3370.90358
3371.98258
3373.01383
3374.07741
3374.62045
3375.14155
3377.76192
3378.31326
3378.83164
3379.37496
3379.89319
3386.26835
3386.75129
3388.34645
3388.88696
3390.99315
3391.50675
3393.11528
3393.62050
3394.15932
3397.85647
3398.39341
3399.46751
3399.98809
3401.05843
3401.54421
3402.61199
3438.57227
3439.11863
3439.62116
3440.15113
3440.68278
3441.73969
3442.27782
3442.80021
3443.31484
3443.85614
3444.39443
3444.90916
3445.45166
3445.96466
3446.49610
3447.03958
3447.56943
3448.08018
3448.61093
3449.13668
3449.67698
3452.31049
3452.86565
3453.36124
3453.90428
3454.44652
3455.48190
3456.00034
3456.53285
3457.05637
3457.60245
3458.12208
3458.65735
3459.18545
3459.71152
3460.23564
3460.77470
3461.31955
3461.82885
3462.35936
3462.88332
3463.43076
3468.71862
3469.21985
3469.76875
3470.28743
3471.34847
3471.86232
3472.40026
3472.94772
3473.44846
3474.00426
3474.51213
3475.02818
3475.57069
3476.11472
3476.62992
3478.72386
3479.76943
3480.31302
3480.88217
3481.41714
3481.90077
3482.45173
3482.96239
3484.02693
3484.54624
3485.08319
3485.60087
3486.15091
3486.70029
3488.26267
3488.79563
3489.32167
3492.49148
3493.53521
3494.07991
3494.59136
3495.12285
3495.65017
3496.21017
3496.72470
3497.23051
3497.76981
3498.29776
3498.83491
3499.35455
3499.88468
3500.40256
3500.94648
3501.99942
3502.55252
3505.16582
3505.71499
3506.25214
3506.77313
3507.28884
3507.80215
3508.33888
3509.39139
3509.93167
3510.46195
3511.52001
3512.03642
3512.57322
3513.63474
3514.67475
3515.20814
3515.74293
3544.83284
3545.34362
3545.87480
3546.42577
3546.92880
3547.46031
3547.99802
3548.51808
3549.05698
3549.57433
3550.09770
3550.63550
3551.15458
3551.69142
3552.23624
3552.76892
3553.29835
3553.79997
3554.32583
3554.86405
3557.49182
3558.03173
3559.62391
3560.14840
3560.67877
3561.20691
3561.73217
3562.27269
3562.78193
3563.83696
3564.38854
3564.93151
3565.46088
3565.97539
3566.48720
3567.54561
3570.73628
3571.79265
3572.32471
3572.83302
3573.39143
3573.89248
3574.41750
3574.95224
3575.45829
3576.00805
3576.54479
3577.05625
3577.61584
3578.11310
3578.64230
3579.18869
3580.24109
3580.77686
3584.47138
3585.01948
3585.51736
3586.02981
3586.58457
3587.12329
3587.63477
3588.16655
3588.69820
3589.76773
3590.30654
3590.79543
3591.34272
3591.85975
3592.92321
3593.44449
3593.96893
3594.48917
3595.03866
3601.38715
3601.90413
3602.43514
3602.98812
3604.01737
3604.55331
3605.07195
3605.61062
3606.14559
3606.66808
3607.21639
3607.72254
3608.78570
3609.30844
3612.49948
3613.00251
3613.53156
3615.11742
3615.65081
3616.17834
3616.70168
3617.24551
3617.75008
3618.29490
3618.81970
3619.34731
3619.88426
3620.40362
3620.92173
3621.46427
3621.98721
3622.51472
3623.05787
3623.59462
3625.68479
3626.24987
3626.73932
3627.28638
3627.82302
3629.38539
3629.93254
3630.44650
3630.98776
3632.54645
3633.09123
3633.63848
3634.16271
3634.67618
3635.72402
3636.26521
3636.78865
3637.31928
3641.01344
3641.54254
3642.08737
3642.62846
3643.68832
3644.18996
3644.72488
3645.25539
3645.78115
3646.83866
3647.36632
3647.88607
3648.42568
3648.95040
3649.48113
3650.02165
3650.52744
3651.07428
3651.60551
3652.12496
3652.67396
3654.75307
3655.82656
3656.35742
3656.87474
3658.99254
3659.52268
3660.06896
3660.57535
3661.65754
3662.16175
3662.69805
3663.23167
3663.75221
3664.81702
3665.86968
3666.40199
3666.92790
3670.09300
3671.15129
3672.75160
3673.28292
3673.78448
3674.33263
3674.87497
3675.90734
3676.43996
3676.95722
3677.52744
3678.03170
3678.54836
3679.10846
3679.61453
3680.13494
3680.67401
3681.19177
3681.72302
