3327.70829
3330.31822
3332.95900
3335.54944
3338.18281
3340.79888
3343.43845
3346.05569
3351.31690
3356.54486
3359.15176
3361.78877
3364.42694
3369.65642
3372.28859
3374.88781
3377.52954
3380.15459
3388.02089
3390.62936
3393.26802
3398.51674
3401.12888
3403.73496
3440.45733
3443.09400
3445.71717
3448.33853
3453.58476
3456.19916
3458.82093
3461.44447
3469.32741
3471.92787
3474.55297
3479.80228
3482.42656
3485.04867
3487.66968
3492.92008
3495.54553
3498.16160
3500.79261
3506.03275
3508.65822
3511.27898
3513.89734
3545.36563
3547.98938
3550.61383
3553.23750
3561.09138
3563.72402
3566.34923
3571.59136
3574.21155
3576.84411
3579.45308
3584.68973
3587.32716
3589.95649
3592.56310
3595.19771
3600.43576
3603.04442
3605.68857
3608.30102
3613.55587
3616.17632
3618.79529
3621.42504
3626.65431
3629.28384
3631.91289
3634.52819
3637.15694
3642.40566
3645.01997
3647.65325
3650.27455
3655.53046
3658.13251
3660.75354
3663.38269
3666.00976
3671.25504
3673.84485
3676.49275
3679.10806
3681.74001
