3354.98884
3355.69767
3356.40566
3357.11416
3357.81929
3358.52781
3359.23837
3359.94407
3360.65552
3361.36349
3362.07099
3362.77902
3363.48553
3364.19706
3364.90388
3365.61146
3366.32143
3369.15333
3371.27914
3371.98641
3372.69676
3374.11315
3374.82020
3376.94363
3377.65278
3378.36191
3379.06927
3379.77691
3438.56684
3439.27418
3439.98303
3440.69171
3441.40071
3442.10795
3442.81654
3443.52421
3444.23265
3444.94096
3445.64971
3446.35763
3447.06828
3447.77415
3448.48311
3449.19119
3449.89876
3452.02466
3452.73198
3453.44066
3454.14873
3454.85697
3455.56611
3456.27382
3456.98254
3457.69191
3458.39895
3459.10716
3459.81571
3460.52605
3461.23222
3461.94051
3462.64847
3463.35725
3544.81262
3545.52090
3546.22756
3546.93613
3547.64504
3548.35335
3549.06130
3549.76957
3550.47735
3551.18612
3551.89343
3552.60306
3553.30946
3554.01916
3554.72814
3557.56072
3558.26926
3559.68529
3560.39430
3561.10136
3561.80946
3562.51845
3563.23023
3563.93629
3564.64379
3565.35118
3566.05881
3566.76893
3567.47608
3571.72570
3572.43438
3573.14265
3573.85064
3574.55988
3575.26739
3575.97602
3576.68485
3577.39208
3578.10188
3578.81143
3579.51638
3580.22647
3580.93356
3583.05861
3583.76620
3585.18426
3585.89318
3586.59951
3587.30828
3588.01575
3588.72492
3590.14166
3590.84955
3591.55806
3593.68348
3594.39130
3595.10061
3601.47581
3602.18293
3602.88977
3604.30840
3605.01623
3605.72625
3606.43496
3607.14023
3607.84947
3608.55707
3609.26577
3612.09901
3612.80734
3613.51475
3614.93238
3615.63995
3616.34841
3617.05652
3617.76557
3618.47336
3619.18191
3619.88990
3620.59928
3621.30562
3622.01497
3622.72251
