3354.67908
3355.43567
3356.94458
3357.70497
3358.46100
3359.21129
3359.97934
3360.72229
3362.23566
3362.99216
3364.50583
3366.77296
3369.03787
3369.79887
3371.31577
3372.06172
3372.81956
3374.33847
3375.08597
3375.83319
3376.59888
3377.36361
3378.87018
3379.62373
3492.24142
3492.99696
3493.75328
3494.50881
3495.26837
3496.01993
3496.77265
3497.53025
3498.28700
3499.04499
3499.79931
3500.55583
3501.31288
3502.06661
3505.08306
3505.84562
3506.59855
3507.35129
3508.11495
3508.86345
3509.62726
3510.36870
3511.13559
3511.89103
3512.64684
3513.40530
3514.15431
3514.91557
3515.67073
3544.38934
3545.14665
3545.90073
3546.65959
3547.41658
3548.17097
3548.92386
3549.67818
3550.43828
3551.19309
3551.95280
3552.70214
3553.46149
3554.21646
3554.97343
3557.99623
3559.50806
3560.26440
3561.02496
3561.77648
3562.53021
3563.28136
3564.04283
3564.79660
3565.55515
3566.31271
3567.06634
3567.82091
3654.74483
3655.49962
3656.25033
3657.00953
3658.51707
3659.27254
3660.03228
3661.54265
3662.29450
3663.05610
3663.81238
3666.07863
3666.83498
3669.85581
3670.61527
3671.37309
3672.87801
3673.63982
3674.39585
3675.14921
3675.90240
3676.66530
3677.42094
3678.17109
3678.93197
3679.69158
3680.44262
3681.19246
3681.95650
