3356.82892
3360.50898
3364.19597
3371.56139
3375.24318
3378.92769
3386.29783
3393.64414
3397.33718
3401.02366
3404.70348
3441.52738
3445.21413
3448.89710
3452.58292
3456.26171
3459.94187
3463.63177
3470.99230
3474.67614
3482.04140
3485.72428
3489.40568
3493.09064
3496.77014
3500.45558
3507.81613
3511.50017
3515.18380
3548.32929
3552.00674
3559.36595
3563.05103
3566.73354
3574.10760
3577.78819
3581.47636
3585.15395
3588.83755
3592.51792
3603.56780
3607.25388
3614.61505
3618.29937
3621.98641
3629.34793
3633.02948
3636.71464
3640.39245
3644.07322
3647.75645
3651.44461
3655.12059
3658.81138
3662.49167
3666.16809
3669.85396
3673.53881
3677.21740
3680.90870
