3544.33336
3545.49637
3546.66024
3547.82310
3548.98541
3550.14808
3551.31107
3552.47436
3553.63776
3554.80079
3558.28881
3559.45224
3560.61494
3561.77762
3562.94007
3564.10344
3565.26635
3566.43008
3567.59223
3571.08118
3572.24429
3573.40728
3574.56976
3575.73192
3576.89519
3578.05880
3579.22097
3580.38462
3581.54939
3583.87243
3585.03616
3586.19934
3587.36188
3588.52447
3589.68790
3590.85078
3592.01417
3593.17667
3594.33912
3601.31633
3602.47982
3603.64386
3604.80635
3605.96918
3607.13095
3608.29414
3609.45835
3611.78327
3612.94596
3614.10936
3615.27169
3616.43464
3617.59814
3618.76102
3619.92367
3621.08656
3622.24899
3623.41237
