3325.76382
3326.23119
3328.11046
3329.04847
3330.45738
3330.92626
3333.27235
3333.74300
3334.21140
3336.08939
3336.55916
3337.02764
3337.96830
3340.78172
3341.25475
3342.66162
3343.13057
3344.06875
3345.00736
3345.47659
3345.94575
3346.41523
3350.17083
3350.64071
3351.10940
3352.51760
3352.98511
3388.19224
3388.65841
3390.53526
3391.00659
3391.47993
3392.88410
3393.35294
3394.28904
3397.10804
3397.57743
3399.45000
3400.86314
3403.20638
3404.14832
3405.08608
3468.92223
3469.39080
3469.85991
3470.32950
3470.79880
3471.26951
3472.67615
3473.14561
3473.61340
3474.08392
3474.55517
3475.49335
3475.96158
3476.43137
3478.77851
3479.24530
3479.71688
3480.18617
3480.65551
3481.12680
3481.59424
3482.06431
3482.53334
3483.00395
3483.47222
3483.94334
3484.40935
3484.88010
3485.35010
3485.81874
3486.28935
3486.75762
3487.22556
3487.69542
3488.16564
3488.63425
3489.10275
3489.57336
3492.38903
3492.85924
3493.32890
3493.79940
3494.26975
3495.20879
3495.67470
3496.14317
3496.61433
3497.08327
3497.55310
3498.02285
3498.48986
3498.96145
3499.43184
3499.89815
3500.37214
3500.83897
3501.30657
3501.77909
3502.71469
3505.06366
3505.53217
3506.00035
3506.47082
3506.94057
3507.40994
3507.87776
3508.34774
3508.81721
3509.28733
3509.75678
3510.22607
3510.69578
3511.16458
3511.63402
3512.10407
3512.57216
3513.04229
3513.98030
3514.44992
3514.91945
3515.38859
3515.85849
3544.48982
3544.95764
3545.42667
3545.89536
3546.36743
3546.83846
3547.30572
3547.77942
3548.24411
3548.71690
3549.18171
3549.65192
3550.12148
3550.59108
3551.06306
3551.53037
3551.99930
3552.47040
3552.93893
3553.40690
3553.88039
3554.34676
3554.81442
3558.10117
3559.50990
3560.44821
3560.91494
3561.38772
3561.85230
3562.32567
3562.79741
3563.26679
3563.73530
3564.20246
3564.66910
3565.14089
3565.61059
3566.08494
3566.55117
3567.48736
3567.95537
3570.77449
3571.24267
3571.71661
3572.18132
3572.64834
3573.11879
3573.59055
3574.05924
3574.53048
3574.99750
3575.46915
3575.93771
3576.40598
3576.87476
3577.34496
3577.81143
3578.28411
3578.75385
3579.22333
3580.16053
3580.63494
3581.09811
3583.44782
3583.91465
3584.38786
3584.85683
3585.32626
3585.79488
3586.26337
3586.73516
3587.20347
3587.67232
3588.14107
3588.61388
3589.55265
3590.01756
3590.48980
3590.95722
3591.42781
3591.89575
3592.36589
3593.30335
3593.77254
3594.24262
3594.71385
3595.18025
3601.28353
3601.75338
3602.22154
3602.69114
3604.09956
3604.56682
3605.03674
3605.50636
3605.97739
3606.44758
3607.38324
3607.85727
3608.32437
3608.79583
3609.26261
3612.07694
3612.55193
3613.01881
3613.49081
3614.42554
3614.89473
3615.36360
3615.83438
3616.30260
3616.77001
3617.24253
3617.71089
3618.18198
3618.65086
3619.11996
3619.59020
3620.05676
3620.52415
3620.99785
3621.46727
3621.93545
3622.40520
3622.87221
3623.34501
3625.68632
3626.15860
3626.63266
3627.09777
3627.56775
3629.44564
3629.91586
3630.38353
3630.85801
3632.72870
3633.19966
3633.66804
3634.13951
3634.61009
3636.01582
3636.48759
3636.95728
3641.17688
3641.65178
3642.12004
3642.58729
3643.05510
3643.52590
3643.99555
3644.46648
3644.93433
3645.40340
3645.87059
3647.28102
3647.75002
3648.22008
3649.15788
3649.62663
3650.09650
3650.56847
3651.03745
3651.50731
3651.97660
3652.44291
3654.79472
3655.73102
3656.19866
3656.66679
3657.13861
3658.54867
3659.01441
3659.95342
3660.42094
3661.83190
3662.30044
3662.77017
3663.23882
3663.70852
3665.11708
3665.58730
3666.05607
3666.52406
3666.99348
3669.81434
3670.28116
3670.75147
3671.21881
3671.69050
3673.56912
3674.03503
3674.50761
3674.97193
3675.91466
3676.38095
3676.85289
3677.32157
3677.78976
3678.25894
3678.73323
3679.19898
3679.66777
3680.13647
3680.60647
3681.07321
3681.54408
3682.01329
