3355.24132
3356.57372
3357.89995
3359.23268
3360.56277
3361.89242
3363.22031
3364.55134
3365.88022
3369.87047
3371.20056
3372.53066
3373.86295
3375.19009
3376.52238
3379.18023
3469.60901
3470.93700
3472.27027
3473.59768
3474.92639
3476.25797
3478.91873
3480.24669
3481.57443
3482.90623
3484.23520
3485.56885
3486.89440
3488.22977
3489.55563
3492.21389
3493.54748
3494.87197
3496.20320
3497.53324
3498.86641
3500.19442
3501.52710
3505.51656
3506.84853
3508.17271
3509.50130
3510.83333
3512.16634
3513.49110
3514.81734
3545.40653
3546.73742
3548.06628
3549.39808
3550.72395
3552.05707
3553.38709
3554.71919
3557.37603
3560.04129
3561.36700
3562.69665
3564.02691
3565.35584
3566.68715
3568.01400
3626.53157
3627.85981
3629.18257
3630.51535
3631.85493
3633.17714
3634.50496
3635.83681
3637.17085
3638.49803
3641.15835
3642.49144
3643.81902
3645.14344
3646.47770
3647.80186
3649.13925
3650.47401
3651.79687
