3325.69861
3326.52052
3328.16282
3328.99179
3329.80880
3330.63940
3331.45664
3333.10249
3334.74717
3336.39336
3337.21668
3338.03928
3340.51296
3341.33118
3342.97682
3343.80368
3345.44498
3346.26775
3347.91250
3350.38156
3351.20692
3352.02697
3352.85255
3354.49685
3355.31934
3356.96079
3357.79005
3358.61463
3359.43618
3360.25879
3361.90794
3362.72771
3363.55009
3364.37461
3365.19529
3366.84391
3369.30873
3370.13667
3370.95622
3371.77734
3372.60173
3374.24724
3375.07141
3376.71559
3377.53801
3378.36250
3379.18528
3380.00940
