3600.98530
3601.95439
3602.93231
3603.90653
3604.88463
3605.85524
3606.82387
3607.80557
3608.77878
3611.70459
3612.68787
3613.65506
3614.63100
3615.61258
3616.57892
3617.55459
3618.53123
3619.50503
3620.48054
3621.45449
3622.42985
3623.40555
3626.32953
3627.30639
3629.25415
3630.23083
3631.21329
3632.17630
3633.15496
3634.13888
3635.11863
3636.07998
3637.05602
3640.95526
3641.93200
3642.90699
3643.87977
3644.86363
3645.82693
3646.80422
3647.78677
3648.75463
3649.73983
3650.71186
3651.68300
3652.65552
3654.60702
3655.57882
3656.55682
3658.50518
3659.47996
3660.45372
3661.43238
3662.40445
3663.37885
3664.35696
3666.30392
3667.29055
3669.23031
3670.21187
3671.17953
3673.13037
3674.10780
3675.08379
3676.05326
3677.03566
3678.00146
3678.97998
3679.95459
3680.93237
3681.90484
