3325.62621
3326.19842
3328.48006
3329.05435
3330.76465
3331.33620
3333.04760
3333.61864
3334.18890
3334.76047
3335.33077
3335.90250
3336.47312
3337.04328
3337.61545
3338.18599
3340.46976
3342.75193
3343.32475
3343.89588
3345.03631
3345.60602
3346.18012
3350.17405
3350.74450
3352.45637
3354.74183
3355.31841
3355.88273
3356.45285
3357.02420
3358.16583
3359.30765
3359.87770
3360.44867
3362.16195
3362.73225
3363.30488
3363.87491
3364.44389
3365.01627
3365.58684
3366.72898
3369.01226
3369.58235
3370.15392
3371.29527
3371.86705
3373.00907
3374.15030
3374.72230
3375.29201
3376.43335
3377.00695
3377.57528
3379.28993
3379.85915
3386.71183
3388.42488
3388.99266
3389.56363
3390.13505
3390.70510
3391.27862
3392.98958
3393.56170
3394.13013
3396.98876
3397.55592
3399.26758
3399.84258
3400.41004
3400.98108
3401.55221
3402.12342
3403.26512
3404.40930
3404.97808
3405.55361
3492.31883
3492.88929
3493.46049
3494.03099
3494.60105
3495.17149
3495.74365
3496.31614
3496.88616
3497.45585
3498.02770
3498.59853
3499.16834
3499.74009
3500.31016
3500.88231
3501.45318
3502.02243
3502.59528
3505.44917
3506.01934
3506.59145
3507.16177
3507.73276
3508.30340
3508.87318
3509.44648
3510.01543
3510.58590
3511.15762
3511.72876
3512.30052
3512.86916
3513.44695
3514.01107
3514.58186
3515.15363
3515.72315
