3325.56378
3327.00530
3328.44477
3329.89034
3331.32225
3332.76273
3334.19956
3335.63983
3337.07832
3341.39735
3342.83578
3344.27582
3345.71474
3347.15471
3350.03240
3351.47187
3352.91046
3355.78891
3357.23006
3358.67145
3360.10775
3362.98614
3364.42504
3365.86456
3370.18263
3371.62196
3373.06119
3374.50053
3377.37919
3378.81853
3387.45397
3388.89250
3390.33551
3391.77285
3393.21142
3397.52954
3398.96732
3400.40692
3401.84846
3403.28642
3404.72827
3439.27274
3440.70716
3442.14818
3443.58692
3445.02584
3446.46617
3447.90479
3449.34428
3452.22084
3453.66163
3455.10194
3456.53932
3457.98015
3459.41928
3460.85714
3462.29720
3469.49459
3470.93331
3472.37220
3473.81149
3475.25135
3476.69296
3479.56903
3481.00798
3482.44757
3483.88727
3485.32476
3486.76565
3488.20426
3489.64494
3545.77689
3547.21582
3548.65567
3550.09493
3551.53381
3552.97280
3554.41261
3560.17014
3561.60898
3563.04719
3564.48777
3565.92688
3567.36640
3571.68292
3573.12452
3574.56285
3576.00162
3577.44109
3578.88072
3580.31878
3583.19366
3584.63816
3586.07685
3587.51625
3588.95607
3590.39480
3591.83376
3593.27379
3594.71278
3626.37739
3627.81699
3629.25372
3630.69508
3632.13294
3633.57363
3635.01069
3636.45266
3637.89001
3640.77023
3642.20960
3643.64876
3645.08783
3646.52731
3647.96686
3649.40559
3650.84583
3652.28467
3655.16350
3656.60274
3658.04057
3659.48218
3660.91764
3662.36039
3663.79897
3665.24227
3666.67735
3669.55463
3670.99598
3673.87417
3675.31456
3676.75308
3678.19223
3679.63095
3681.07135
