3355.10204
3358.47118
3361.81033
3365.21528
3371.80216
3375.16280
3378.54470
3388.59254
3391.95551
3398.64824
3401.99800
3405.30811
3438.88261
3442.21090
3445.54849
3448.90155
3452.21253
3455.60675
3458.98979
3462.30075
3469.07377
3472.33797
3475.69112
3479.13882
3482.48462
3485.74106
3489.04325
3492.41261
3495.86236
3499.11279
3502.47191
3505.88117
3509.17056
3512.55099
3515.82680
3546.06986
3549.35547
3552.77633
3559.49644
3562.78271
3566.15039
3572.86311
3576.28303
3579.58295
3586.23209
3589.58723
3592.95441
3602.99569
3606.30769
3613.10288
3616.42123
3619.79552
3623.14162
3626.48402
3629.81398
3633.16038
3636.51226
3643.15531
3646.55959
3649.91927
3656.65495
3659.97044
3663.24465
3666.68649
3670.00495
3673.37141
3676.72751
3680.07646
