3355.46809
3357.72580
3359.97802
3362.22901
3364.48008
3366.73738
3368.99759
3371.24212
3375.75363
3387.01517
3389.27084
3391.52971
3398.28134
3400.53325
3402.78860
3405.04544
3438.83882
3441.08937
3443.35027
3445.59979
3447.85319
3452.36756
3454.61272
3456.86812
3459.12193
3461.37247
3470.37716
3474.88487
3479.39422
3481.64301
3483.90530
3486.15257
3488.41473
3492.91826
3495.17623
3497.42348
3499.67745
3501.93411
3506.43753
3508.68997
3510.95317
3513.19627
3515.45492
3544.74976
3546.99722
3549.25147
3551.50263
3553.76008
3558.26294
3560.51803
3562.77286
3565.02162
3567.27650
3571.78357
3574.03637
3576.29027
3578.54354
3580.79528
3583.04664
3585.30369
3587.55430
3589.81209
3592.06363
3594.31539
3625.85904
3630.36815
3632.62235
3634.87643
3637.12746
3643.89095
3646.14068
3648.39641
3650.64527
3659.66286
3661.90904
3666.42042
3670.92586
3677.69053
3679.93961
