3354.75052
3355.53615
3357.10663
3357.89158
3359.46235
3360.24739
3361.81835
3362.60272
3363.38814
3364.17387
3364.95840
3365.74404
3366.52967
3368.88466
3369.67026
3370.45521
3371.23984
3372.02681
3372.81132
3373.59595
3374.38204
3375.16704
3376.73744
3377.52307
3378.30746
3379.09252
3379.87826
3386.16104
3386.94875
3388.51676
3389.30121
3390.87172
3391.65736
3392.44364
3393.22764
3394.01268
3397.15328
3397.93674
3399.50800
3400.29798
3401.08699
3403.43275
3404.21621
3405.00412
3438.77621
3439.55609
3440.34245
3441.12731
3441.91329
3442.69582
3443.48072
3444.26830
3445.05250
3445.83781
3446.62270
3447.40786
3448.19445
3448.97936
3449.76333
3452.12022
3452.90529
3453.69031
3454.47545
3455.26045
3456.04550
3456.83145
3457.61586
3458.40187
3459.18676
3459.97240
3460.75793
3461.54282
3462.32792
3463.11329
3468.61014
3469.39509
3470.18040
3470.96654
3472.53628
3473.32140
3474.10707
3474.89179
3475.67681
3476.46275
3478.82172
3479.60395
3480.38748
3481.17718
3481.96045
3482.74308
3483.52765
3484.31455
3485.09878
3485.88467
3486.67193
3487.45450
3488.24260
3489.02869
3489.81239
3544.77832
3545.56339
3546.34922
3547.13349
3547.91903
3548.70470
3549.49017
3550.27426
3551.06011
3551.84564
3552.63053
3553.41565
3554.20058
3554.98582
3557.33953
3558.12713
3559.69729
3560.48357
3561.26825
3562.05323
3562.83852
3563.62379
3564.40911
3565.19399
3565.97946
3566.76492
3567.55111
3625.65810
3626.44254
3627.22628
3628.01319
3629.58034
3630.36960
3631.15718
3632.72508
3633.51036
3635.07988
3635.86500
3636.65189
3640.57632
3641.36390
3642.14771
3642.93347
3643.71926
3644.50436
3645.28877
3646.07366
3646.85869
3647.64445
3648.43033
3649.21552
3650.00256
3650.78583
3651.57021
3652.35802
