3602.01822
3602.90891
3603.79460
3604.67986
3605.57231
3607.33896
3608.22276
3609.11166
3612.64834
3615.31909
3616.20981
3617.07355
3617.97930
3621.51896
3622.40661
3623.29775
3625.94843
3626.84978
3627.72161
3631.26706
3632.16376
3633.03455
3633.93322
3634.81290
3635.70621
3636.57531
3640.99924
3642.79221
3643.67300
3646.33238
3647.20912
3648.09710
3648.99464
3650.76307
3651.63788
3652.53061
3654.28456
3655.18506
3656.07132
3656.94002
3658.74046
3661.39355
3662.28523
3663.19231
3664.05588
3664.92740
3665.82832
3666.71210
3669.36487
3672.90753
3673.78920
3677.35247
3678.22242
3679.11603
3679.99293
3681.77915
