3325.88457
3328.04940
3333.24377
3333.67316
3334.10765
3335.83829
3337.13700
3340.59724
3342.76185
3343.19462
3344.06150
3344.92466
3345.35843
3346.22137
3350.11528
3350.54795
3354.44230
3355.74157
3357.47189
3357.90476
3358.33719
3359.63609
3360.06726
3360.50086
3361.36622
3361.79737
3362.23161
3363.09690
3363.52843
3363.96170
3364.82696
3365.69175
3369.15299
3369.58639
3370.45247
3370.88467
3371.31688
3372.61553
3373.04719
3374.34602
3374.77796
3375.21159
3376.50972
3376.94156
3378.24055
3379.10575
3379.97086
3386.46073
3388.19102
3390.35489
3391.65174
3392.95137
3393.38361
3397.27651
3399.44160
3400.30679
3401.17091
3402.90080
3403.33548
3404.20327
3439.67980
3440.11178
3440.54200
3441.41127
3442.27175
3445.73723
3446.16492
3446.60588
3447.03585
3447.46603
3447.90021
3449.63133
3452.23080
3453.09463
3453.52303
3454.82223
3455.25734
3455.68769
3456.55143
3457.41937
3458.71559
3460.87981
3461.31309
3461.74875
3462.61070
3468.66819
3469.53192
3469.96824
3470.39868
3470.83356
3472.56264
3473.42816
3473.85813
3474.29442
3475.59195
3476.02334
3479.05187
3479.48407
3479.91726
3480.78297
3481.64814
3482.08214
3482.51539
3482.94599
3483.37877
3483.81119
3484.67838
3485.10840
3485.54288
3486.41025
3487.27321
3488.57138
3489.00276
3544.38365
3544.81707
3545.24963
3546.11475
3546.54778
3546.98052
3547.84651
3548.28060
3548.71196
3549.14603
3550.01029
3550.44128
3551.74074
3552.17065
3553.47220
3553.90515
3554.33767
3557.79795
3558.23064
3559.53019
3561.25950
3561.69152
3562.12508
3562.98769
3563.85612
3564.72013
3565.15150
3565.58538
3566.45340
3566.88517
3567.31565
3567.75202
3570.77751
3571.21035
3572.07736
3572.51126
3572.94079
3574.23805
3574.67088
3575.10556
3575.53925
3575.97143
3576.40412
3576.83543
3577.70223
3578.13411
3578.56556
3580.29664
3580.73112
3584.19039
3585.49099
3587.21885
3587.65104
3588.95038
3589.81560
3590.68122
3591.11435
3591.54560
3591.97893
3593.27786
3593.70986
3594.57686
3595.00541
3595.43992
3601.92943
3602.36539
3602.79504
3604.09417
3604.52469
3605.82417
3606.69059
3607.55617
3607.99014
3608.42024
3608.85402
3612.31334
3613.17996
3613.60847
3614.91194
3615.34401
3615.77538
3617.07443
3617.50473
3617.93882
3618.80494
3619.23575
3619.66835
3620.53454
3620.96975
3621.40046
3621.83343
3622.69856
3623.13002
3626.59186
3627.02484
3630.05367
3630.48562
3633.94957
3636.11084
3636.54450
3637.40814
3641.30329
3641.73640
3643.03491
3643.46433
3643.89873
3644.76822
3645.19842
3645.62824
3646.06331
3646.93025
3647.36002
3648.65909
3649.09092
3650.39019
3650.82233
3651.25490
3652.55369
3656.01405
3656.44747
3656.87874
3658.17641
3659.90863
3660.34026
3662.07177
3662.50404
3663.80250
3665.53369
3665.96447
3666.39853
3667.26374
3669.85909
3671.15804
3671.58983
3672.88778
3673.32007
3673.75356
3674.61918
3675.05222
3676.78236
3677.21432
3677.64763
3678.51291
3678.94463
3679.37856
3680.24375
3680.67734
3681.10849
