3326.88017
3329.99976
3333.12410
3334.63402
3336.23136
3340.95566
3342.50184
3344.02135
3345.58077
3350.29820
3351.85940
3389.33031
3392.42269
3397.16073
3400.27402
3403.38358
3404.94148
3439.29442
3442.41775
3443.99834
3445.54437
3448.66668
3454.90980
3456.49010
3458.05089
3468.96239
3472.09780
3473.64916
3475.18524
3479.84860
3482.96547
3484.50622
3486.06358
3487.63039
3489.21193
3492.34497
3497.01568
3498.54929
3501.70765
3506.35588
3515.77295
3545.44577
3547.01389
3548.57909
3550.13757
3551.70492
3553.26151
3554.81769
3557.94024
3559.49978
3561.06097
3562.62259
3564.21288
3567.30291
3571.99030
3575.09837
3581.35318
3586.02830
