3354.83047
3356.92880
3358.33577
3359.02450
3359.71940
3361.82436
3363.23060
3368.82257
3369.52385
3370.22454
3371.62696
3376.51830
3379.32393
3380.01966
3386.31203
3387.01427
3388.41358
3393.31811
3397.50412
3398.20467
3399.60838
3400.30437
3401.00655
3403.10203
3405.20102
3438.78641
3439.48405
3440.18043
3440.88340
3442.27885
3442.98491
3443.68792
3444.37767
3445.08147
3445.78612
3446.47670
3447.88074
3449.27628
3454.87260
3456.26878
3457.67331
3459.07147
3460.46996
3461.86849
3462.56975
3463.27905
3492.65271
3494.04967
3495.45236
3496.15075
3497.54851
3498.24739
3498.95001
3499.64840
3500.34702
3501.04599
3501.74968
3502.44633
3505.94243
3506.64793
3507.34582
3508.04657
3509.44570
3510.84336
3511.54373
3512.94172
3513.64302
3514.34151
3515.74183
3571.71109
3572.41330
3573.11161
3573.81417
3574.50969
3575.21157
3575.91075
3576.60968
3577.31443
3578.00899
3578.70809
3579.40967
3580.10875
3581.50862
3583.61036
3584.30378
3585.00852
3585.70754
3587.80726
3588.50466
3589.20789
3589.90380
3590.60167
3591.30381
3592.00392
3592.70321
3593.40062
3594.09998
3594.79963
3601.79524
3602.50759
3603.89718
3604.59575
3605.29890
3605.99674
3606.69370
3607.39337
3608.09452
3608.79503
3609.49391
3612.29257
3614.39218
3615.09277
3615.78860
3616.48836
3617.19072
3617.89296
3618.59295
3619.29060
3619.98616
3621.38724
3622.08538
3622.78597
3623.48498
3625.57848
3626.28313
3626.98597
3627.68644
3630.49047
3631.18471
3632.57892
3633.28529
3633.97807
3634.68140
3636.77822
3641.67345
3643.07502
3645.17318
3645.87871
3646.58005
3647.27708
3647.97280
3648.68080
3650.77314
3651.47029
3652.17356
3655.67175
3656.37200
3657.06814
3658.46907
3659.17185
3659.86551
3660.56605
3661.96423
3665.46499
3666.16353
3666.86532
3669.65962
3670.36268
3671.06101
3671.75904
3673.86367
3675.25973
3675.96386
3676.65836
3677.36146
3678.06272
3678.75834
3679.45364
3680.15918
3680.85545
3681.56135
