3685.09304
3686.53039
3690.85479
3692.29333
3693.73751
3695.17634
3699.50025
3700.94180
3703.82475
3706.70745
3708.15179
3709.59223
3712.47341
3713.91459
3715.35660
3716.79751
3718.23672
3719.67838
3721.12107
3722.56085
3726.88284
3728.32765
3729.76730
3731.21205
3732.64979
3734.09206
3735.53237
3736.97280
3739.85635
3741.29687
3742.73843
3744.17740
3745.62092
3747.05958
3748.50036
3749.94813
3752.82451
3754.26528
3755.71340
3757.15061
3758.58931
3760.03459
3762.91674
3819.13024
3820.56281
3822.00454
3823.44647
3824.88882
3826.32859
3830.65379
3832.09378
3833.53568
3834.97523
3836.41762
3837.85812
3839.29865
3840.73882
