3325.71664
3326.32899
3326.94830
3327.55716
3328.17604
3328.78665
3330.63121
3333.08644
3333.70059
3335.54324
3336.15885
3337.99863
3340.45445
3341.06755
3342.29595
3342.91048
3344.13841
3345.36664
3345.98034
3346.59534
3350.28013
3350.89182
3351.50831
3352.11984
3352.72777
3438.69017
3439.30330
3439.91981
3440.53251
3441.14355
3441.76055
3442.37580
3442.98823
3443.60252
3444.21659
3444.83106
3445.44267
3446.05626
3446.67324
3447.28472
3447.89764
3448.51276
3449.12886
3449.74081
3452.19682
3452.81088
3453.42579
3454.03832
3454.65334
3455.26829
3455.87929
3456.49558
3457.10814
3457.72274
3458.33776
3458.95056
3459.56415
3460.17825
3460.79344
3461.40629
3462.01986
3462.63344
3463.24833
3625.94812
3626.56226
3627.79298
3630.25230
3632.70407
3633.31715
3633.92996
3634.54534
3635.77470
3636.38568
3641.29888
3641.91547
3642.52637
3643.14055
3643.75664
3644.36832
3644.98454
3645.59554
3646.21159
3646.82317
3647.43911
3648.05175
3648.68253
3649.27957
3649.89501
3650.50752
3651.12772
3652.35359
3654.18545
3654.80590
3655.41758
3656.03364
3656.64900
3657.26090
3658.48873
3659.10428
3659.71632
3660.33980
3660.94480
3661.56505
3662.17257
3662.79030
3663.40090
3664.01693
3665.24431
3665.85871
3666.47131
3667.08650
3670.15406
3670.76996
3671.38239
3672.00629
3673.22822
3673.83916
3674.45544
3675.06733
3675.68225
3676.29782
3676.90886
3677.52499
3678.13680
3678.75290
3679.36492
3679.97940
3680.59197
3681.20798
3681.82027
