3325.90878
3326.71766
3327.52762
3328.33828
3330.76962
3331.57918
3333.20011
3334.01000
3334.82078
3335.63120
3336.44152
3337.25142
3338.06145
3340.49464
3341.30294
3342.92597
3343.73613
3345.35447
3346.16741
3346.97571
3350.21714
3351.02471
3352.64618
3355.08021
3355.89071
3356.70049
3357.51218
3358.32121
3359.13328
3359.94230
3360.75162
3361.56069
3362.37190
3363.18299
3363.99452
3364.80376
3365.61460
3366.42680
3369.66591
3370.47653
3371.28762
3372.09702
3372.90775
3373.71818
3374.52828
3375.33858
3376.95938
3377.77300
3379.39030
3380.20303
