3357.31161
3358.51629
3359.72100
3360.92551
3362.12898
3363.33457
3364.53753
3365.74460
3366.94909
3369.35820
3370.56578
3371.76666
3372.97013
3374.17517
3375.38108
3376.58124
3377.78929
3378.99195
3380.20078
3386.21861
3387.42647
3388.62937
3391.04038
3393.44662
3397.06199
3398.26629
3399.47134
3401.87927
3403.08625
3404.28609
3405.49454
3492.22267
3493.42648
3494.63192
3495.83654
3497.04204
3498.24510
3499.44953
3500.65422
3501.85917
3505.47257
3506.67654
3507.88317
3509.08513
3510.29084
3511.49582
3512.69899
3513.90606
3515.10854
3601.83484
3604.24638
3605.45015
3606.65392
3607.85852
3609.06339
3612.67855
3613.88262
3615.08754
3616.29132
3617.49657
3618.70140
3619.90677
3621.11015
3622.31350
3623.51931
