3626.24955
3627.17733
3629.03140
3629.95761
3630.88451
3632.73812
3633.66530
3634.59284
3635.51894
3636.44659
3637.37257
3641.08006
3642.00701
3642.93437
3643.86069
3644.78777
3645.71573
3646.64205
3647.56880
3648.49533
3649.42294
3650.34976
3651.27609
3652.20314
3654.98404
3655.91065
3656.83727
3658.69109
3659.61807
3660.54470
3661.47166
3662.39848
3663.32545
3664.25317
3665.17879
3666.10607
3667.03282
3669.81474
3670.74045
3671.66818
3672.59521
3673.52130
3674.44775
3675.37681
3676.30193
3677.23005
3678.15546
3679.08222
3680.00930
3680.93611
3681.86291
