3327.99474
3342.46039
3345.55621
3354.82684
3356.88242
3357.94774
3359.98835
3360.48769
3363.07773
3364.63733
3369.26482
3371.32550
3372.35886
3374.42560
3375.45065
3376.49135
3377.51560
3379.07382
3438.39230
3439.43005
3440.44921
3441.47063
3443.55938
3444.55287
3445.09382
3445.61374
3446.63958
3448.69991
3452.82600
3453.85205
3454.88746
3455.92042
3456.97494
3458.99888
3460.05314
3469.31385
3470.37298
3472.40560
3476.56122
3479.65436
3480.68606
3482.74585
3486.86712
3487.89550
3488.93436
3493.05981
3494.10199
3495.11247
3496.15398
3497.17154
3498.21232
3499.26422
3500.27839
3501.30581
3505.42586
3507.48786
3508.52430
3509.54869
3511.62200
3547.20141
3548.76027
3553.89417
3554.38855
3560.12152
3562.15572
3563.18920
3564.22217
3566.29094
3567.30300
3572.99559
3576.62081
3587.94060
3589.49383
3593.60514
3594.13809
3604.44151
3606.53273
3613.71924
3617.84109
3618.91557
3623.02525
3625.58006
3642.09990
3645.72531
