3684.41547
3684.94183
3685.47004
3686.00019
3686.52330
3687.05303
3687.58252
3689.69095
3690.21829
3690.74896
3691.27343
3692.33198
3693.38972
3693.91429
3694.96744
3695.49729
3696.02370
3698.13555
3698.66745
3699.18985
3699.71707
3700.24766
3700.77336
3701.29711
3703.41091
3703.93924
3704.46643
3704.99475
3705.51850
3706.57663
3707.10611
3707.63063
3708.16142
3708.68839
3709.21484
3709.74520
3712.38097
3712.91033
3713.43914
3713.96370
3714.49190
3715.02189
3715.54720
3716.07577
3716.60484
3717.13071
3717.65886
3718.18860
3718.71368
3719.24137
3719.77136
3720.82363
3721.35481
3721.87969
3722.40749
3722.93745
3723.46303
3726.10664
3726.62859
3727.15654
3727.68608
3728.20870
3728.73676
3729.79487
3730.32085
3730.85255
3731.37767
3731.90365
3732.43510
3732.96104
3733.49327
3734.54407
3735.06999
3735.60116
3736.12710
3736.65275
3737.18406
