3354.34719
3357.64035
3360.88842
3364.13069
3370.65982
3373.93483
3377.15802
3380.43141
3386.94633
3390.22807
3393.45836
3399.96780
3403.24280
3439.10237
3442.35183
3445.61210
3448.87531
3452.13953
3455.38181
3458.64062
3461.89598
3471.67601
3474.93288
3481.44903
3484.70333
3487.94040
3494.49903
3497.72709
3500.97821
3507.51419
3510.76647
3514.04206
3546.61695
3549.88370
3553.12643
3559.62415
3562.90456
3566.16364
3602.00950
3605.27269
3608.53057
3615.04226
3618.31327
3621.56504
3628.08713
3631.32659
3634.58173
3637.86609
3641.13073
3644.38989
3647.64698
3650.87733
3657.41204
3660.64912
3663.92502
3667.18724
3670.44016
3673.70134
3676.96292
3680.22319
