3325.64069
3326.52168
3328.28310
3330.92744
3331.81083
3332.69098
3333.57045
3334.45142
3335.33103
3336.21323
3337.09364
3337.97600
3340.61683
3341.49880
3342.37782
3343.26002
3344.14185
3345.02224
3345.90350
3346.78429
3350.31032
3351.19113
3352.07053
3352.95015
3354.71315
3355.59406
3356.47504
3357.35688
3358.23808
3359.11759
3359.99938
3360.87867
3361.76006
3362.64129
3363.52172
3364.40368
3366.16831
3369.68794
3370.57393
3371.45053
3372.33425
3374.09455
3374.97614
3375.86018
3376.73637
3377.61852
3379.38248
