3326.57591
3327.75506
3328.92187
3331.25319
3333.59778
3334.76903
3335.93765
3337.10591
3340.61329
3341.78248
3342.95587
3344.12139
3345.29299
3346.46413
3349.97004
3351.13924
3352.30864
3354.64726
3355.81881
3356.98827
3358.15904
3359.32774
3360.49779
3361.67031
3362.83951
3364.01004
3365.18192
3366.33890
3369.85709
3371.02299
3372.19379
3373.36083
3374.53306
3375.70505
3376.87207
3379.21265
3386.22894
3387.40287
3388.57072
3389.74931
3390.90558
3392.08398
3393.24796
3394.41500
3397.91871
3399.08889
3400.26847
3401.44442
3402.60480
3403.76855
3404.94381
3438.85559
3440.03292
3441.20267
3442.37222
3443.54816
3444.70894
3445.87915
3447.05181
3448.21475
3449.38742
3452.89766
3454.06546
3455.23317
3456.40610
3457.57842
3458.75101
3459.91413
3461.08604
3462.25368
3463.41966
3469.27163
3470.44094
3471.61483
3472.78046
3473.95019
3475.11947
3476.29078
3478.62790
3479.80024
3480.96638
3482.13711
3483.30452
3484.47600
3485.64719
3486.81617
3487.98440
3489.15425
3492.66441
3493.83400
3495.00305
3496.17224
3497.34172
3498.51064
3499.68126
3500.85063
3502.02316
3505.52975
3506.69922
3507.86938
3509.03902
3510.20873
3511.38076
3512.54779
3513.71564
3514.88955
3544.11872
3545.29570
3546.46577
3547.63658
3548.80577
3549.97604
3551.14431
3552.31525
3553.48446
3554.65462
3558.16189
3559.33380
3560.50091
3561.67191
3562.84021
3564.01049
3565.17917
3566.34682
3567.52082
3571.04478
3572.20561
3573.36788
3574.53973
3575.70719
3576.87092
3578.04325
3579.21686
3580.38522
3585.06115
3586.23454
3587.40419
3588.57599
3589.74194
3590.91218
3592.08662
3593.25191
3594.42959
3601.43769
3602.61181
3603.78439
3604.94811
3606.11860
3607.30193
3608.46168
3614.32085
3615.47574
3616.64358
3617.81754
3618.98449
3620.14968
3621.32914
3622.49021
3623.66413
3626.00498
3627.17120
3629.51251
3630.67999
3631.84856
3633.01882
3634.18811
3635.35487
3636.52568
3641.20710
3642.37669
3643.54563
3644.71458
3645.88335
3647.05212
3648.22300
3649.39395
3650.56519
3651.73402
3655.23875
3656.41162
3658.75248
3659.92033
3661.09309
3662.26022
3663.42824
3664.59783
3665.76763
3666.93821
3669.27776
3670.44821
3671.61697
3672.78329
3673.95541
3675.12320
3676.29726
3677.46523
3678.64065
3679.80243
3680.97515
3682.14481
