3354.84566
3355.59410
3357.09128
3357.83891
3358.58732
3359.33589
3360.08356
3360.83209
3362.32822
3363.07681
3363.82511
3364.57276
3366.81770
3369.06192
3369.81167
3371.30704
3372.05568
3372.80364
3374.30013
3375.04858
3376.54475
3378.78899
3379.53813
3386.27315
3387.01962
3388.51746
3389.26422
3390.76145
3391.51204
3393.00530
3393.75356
3394.50239
3397.49474
3398.24379
3399.73862
3400.48737
3401.23817
3403.48010
3404.22837
3404.97735
3405.72541
3438.64577
3439.39479
3440.14234
3440.89117
3442.38769
3443.13588
3443.88361
3444.63197
3445.38038
3446.12810
3446.87726
3447.62479
3448.37343
3449.12138
3449.86968
3452.11485
3452.86201
3453.61064
3454.35955
3455.10708
3455.85529
3456.60326
3457.35197
3458.09980
3458.84891
3459.59677
3460.34405
3461.09201
3461.84098
3462.58941
3463.33760
3468.57507
3469.32346
3470.07140
3470.81961
3472.31561
3473.06437
3473.81225
3474.56206
3475.30857
3476.05726
3476.80669
3479.05005
3479.79858
3480.54651
3481.29465
3482.04290
3482.79024
3483.53924
3484.28717
3485.03617
3485.78465
3486.53295
3487.28062
3488.02895
3488.77676
3489.52570
3544.89289
3545.64057
3546.38954
3547.13750
3547.88620
3548.63363
3549.38195
3550.13026
3550.87849
3551.62678
3552.37542
3553.12324
3553.87153
3554.61929
3557.61226
3558.36354
3560.60634
3561.35356
3562.10144
3562.84988
3563.59781
3564.34670
3565.09466
3565.84289
3566.59075
3567.33894
3568.08731
3626.44532
3627.19238
3627.94674
3629.44369
3630.18925
3630.93703
3632.43320
3633.18233
3633.93088
3634.67892
3636.17495
3636.92316
3641.41377
3642.16206
3643.65573
3644.40568
3645.15325
3645.89986
3646.65053
3647.39827
3648.14638
3648.89503
3649.64267
3650.39063
3651.13948
3651.88854
3652.63654
