3354.31673
3355.41068
3356.50567
3357.60064
3359.79034
3360.88563
3361.97960
3363.07481
3364.17012
3365.26682
3366.35811
3369.64380
3371.83363
3372.92879
3374.02347
3375.11870
3377.30866
3379.49792
3380.59411
3387.16321
3388.25729
3389.35317
3390.44657
3391.54178
3393.73179
3397.01611
3398.10798
3400.29967
3401.39824
3402.49130
3403.58723
3469.27915
3470.37304
3471.46985
3472.56269
3473.65793
3474.75285
3475.84739
3479.13205
3480.22638
3481.32235
3482.41708
3483.51225
3484.60619
3485.70172
3486.79628
3487.89098
3488.98632
3492.27069
3493.36591
3494.45988
3495.55576
3496.65066
3497.74483
3498.84096
3499.93519
3501.03109
3502.12458
3505.40984
3506.50452
3507.59989
3508.69431
3509.78890
3510.88399
3511.97834
3513.07374
3514.16821
3515.26357
3544.82534
3545.91947
3547.01508
3548.10880
3549.20429
3550.29951
3551.39417
3552.48915
3553.58415
3554.67878
3557.96350
3560.15326
3561.24792
3562.34331
3563.43741
3564.53230
3565.62769
3566.72272
3567.81728
3571.10208
3572.19670
3573.29150
3574.38649
3575.48134
3576.57612
3577.67074
3578.76608
3579.86081
3580.95583
3583.14510
3584.24043
3585.33514
3586.43054
3587.52517
3588.62010
3589.71460
3590.80969
3591.90475
3592.99905
3594.09440
3595.18863
3600.66439
3601.75821
3602.85354
3603.94829
3605.04346
3606.13902
3607.23280
3608.32755
3609.42288
3611.61299
3612.70746
3613.80230
3614.89699
3615.99187
3617.08675
3618.18223
3619.27623
3620.37149
3621.46644
3622.56091
3623.65606
3625.84607
3626.94102
3628.03666
3629.13143
3630.22669
3631.32074
3632.41539
3633.51067
3634.60510
3635.70028
3636.79504
3641.17334
3642.26949
3644.45887
3645.55450
3646.64920
3647.74382
3648.83808
3649.93401
3651.02816
3652.12271
3654.31199
3655.40765
3656.50223
3658.69211
3659.78693
3661.97659
3663.07147
3665.26196
3666.35626
3667.45110
3669.64159
3670.73615
3671.83063
3672.92609
3674.02050
3675.11554
3676.21046
3677.30553
3678.40030
3679.49481
3680.58984
3681.68527
