3355.24928
3357.23374
3358.22340
3359.21489
3360.20653
3362.18986
3363.18182
3364.17174
3365.16517
3366.15790
3369.13109
3370.12241
3371.11580
3372.10606
3374.08896
3375.08061
3377.06751
3379.04667
3380.03837
3386.97908
3387.97053
3388.96300
3390.94556
3391.93916
3392.92903
3393.92160
3396.89545
3397.88598
3398.88027
3399.87369
3400.85999
3401.85805
3402.84601
3403.83886
3404.83235
3405.81931
3438.54182
3439.53398
3440.52544
3441.52052
3442.50842
3443.49998
3444.49190
3445.48311
3446.47473
3447.46675
3448.45782
3449.44982
3452.42408
3453.41575
3454.40766
3455.39840
3456.39113
3457.38302
3458.37384
3459.36615
3460.35799
3461.34844
3462.34080
3463.33411
3469.28093
3470.27264
3471.26462
3472.25591
3473.24774
3474.23988
3475.23059
3476.22287
3479.19630
3480.18803
3481.17797
3482.17149
3483.16406
3484.15473
3485.14910
3486.13844
3487.12745
3488.12408
3489.11520
3492.09059
3493.08076
3494.07092
3495.06017
3496.05276
3497.04323
3498.03930
3499.02993
3500.02058
3501.01391
3502.00440
3505.96946
3506.96276
3507.95401
3508.94434
3509.93909
3510.93237
3511.91990
3512.91210
3513.90347
3514.89794
3515.88821
3544.64315
3545.63360
3546.62499
3547.61719
3548.60815
3549.60100
3550.59182
3551.58314
3552.57769
3553.56625
3554.55794
3557.53216
3559.51642
3560.50751
3561.49926
3562.49108
3563.48215
3564.47456
3565.46563
3566.45703
3567.44866
3571.41508
3572.40641
3573.39754
3574.38947
3575.38220
3576.37277
3577.36517
3578.35558
3579.34840
3580.33999
3581.33104
3583.31385
3584.30606
3585.29713
3586.28887
3587.28067
3588.27190
3589.26398
3590.25528
3591.24696
3592.23904
3593.22990
3594.22167
3595.21323
3602.15453
3604.13796
3605.12935
3606.12157
3607.11290
3608.10363
3609.09581
3611.08130
3612.07087
3613.06198
3614.05448
3615.04500
3616.03694
3617.02860
3618.01917
3619.01155
3620.00353
3620.99497
3621.98661
3622.97799
3625.95374
3626.94487
3627.93647
3629.91925
3630.91105
3632.89369
3633.88550
3634.87682
3635.86676
3636.86000
3641.81791
3642.81025
3643.80115
3644.79137
3645.78595
3646.77373
3647.76781
3648.75890
3649.75011
3650.74264
3651.73395
3655.70136
3656.69208
3658.67505
3659.66654
3660.66106
3661.64986
3662.64177
3663.63231
3664.62598
3665.61739
3666.60780
3669.58248
3670.57494
3671.56644
3673.54912
3674.54032
3676.52379
3677.51626
3678.50561
3679.49692
3680.48997
3681.48249
