3326.57155
3330.71082
3340.25228
3343.15231
3345.23243
3492.82065
3497.37938
3499.04277
3501.94062
3505.24896
3510.22289
3601.44655
3604.33963
3608.48427
3608.90218
3613.46897
3616.78082
3622.17138
3626.73559
3630.04626
3630.46153
3633.36238
3633.77614
3634.19203
3642.06856
3642.48301
3642.89749
3645.79797
3646.21487
3646.62885
3649.94323
3650.36006
3650.77478
3659.06540
3659.89827
3662.38230
3662.79809
3663.21463
3663.63068
3666.52848
3666.94285
3667.35487
3670.67368
3671.08817
3671.50463
3674.82037
3675.23467
3675.64932
3676.06633
3676.47847
3678.96511
3679.37944
3679.79510
3680.62592
