3356.80527
3360.10171
3363.36842
3366.67111
3369.94936
3373.26661
3376.51841
3379.81478
3439.05862
3442.33033
3445.63739
3448.91981
3452.20860
3455.48023
3458.77011
3462.05467
3468.66724
3471.93583
3475.24631
3478.54159
3481.80140
3485.10129
3488.39730
3494.99997
3498.29991
3501.57214
3508.12474
3511.46665
3514.72014
3544.34367
3547.64554
3550.93714
3554.20380
3557.51776
3560.81959
3564.11213
3567.40859
3603.55025
3606.86464
3613.43966
3616.71012
3620.02393
3623.32418
3626.63126
3629.87742
3633.17990
3636.47527
3643.02565
3646.38681
3649.65845
3656.21211
3659.49714
3662.78405
3666.07340
3669.37918
3672.70529
3675.97692
3679.26443
