3355.96371
3359.19562
3362.42572
3365.65619
3368.88582
3372.11606
3375.34389
3388.26429
3391.49412
3397.95437
3401.18636
3404.41589
3439.94638
3443.17464
3446.40587
3449.63581
3452.86472
3456.09557
3459.32660
3462.55578
3469.01506
3472.24836
3475.47435
3478.70461
3481.93499
3485.16604
3488.39646
3494.85589
3498.08563
3501.31593
3507.77503
3511.00601
3514.23538
3546.53521
3549.76634
3552.99741
3559.45645
3562.68593
3565.91566
3572.37542
3575.60596
3585.29378
3588.52574
3591.75483
3594.98698
3601.44622
3604.67812
3607.90496
3614.36869
3617.59673
3620.82710
3627.28606
3630.51649
3633.74623
3636.97577
3643.43557
3646.66509
3649.89548
3656.35615
3659.58564
3662.81627
3666.04436
3669.27386
3675.73598
3678.96503
