3544.66474
3545.88228
3547.10371
3548.32240
3549.54279
3550.76273
3551.98120
3553.20106
3554.42168
3558.08009
3559.29879
3560.51946
3561.73797
3562.95849
3564.17627
3565.39650
3566.61444
3567.83648
3571.49459
3572.71367
3573.93370
3575.15432
3576.37311
3577.59273
3578.81212
3580.03220
3581.25135
3583.68895
3584.90889
3586.13019
3587.34920
3588.56929
3589.78834
3591.00778
3592.22645
3593.44745
3594.66686
3600.76419
3601.98693
3603.20547
3604.42481
3605.64269
3606.86313
3608.08211
3609.30160
3611.74225
3612.95890
3615.40033
3616.61984
3617.83832
3619.05844
3620.27779
3621.49694
3622.71717
