3325.84372
3326.63566
3328.21492
3329.00567
3329.79607
3330.58563
3331.37662
3332.95900
3333.74852
3334.53805
3335.33046
3336.11805
3336.90852
3340.06924
3340.86151
3341.65872
3342.44071
3343.23310
3344.02276
3344.81470
3345.60391
3346.39410
3350.34504
3351.13579
3351.92603
3352.71702
3355.08781
3355.87930
3356.66864
3357.46064
3358.25039
3359.03973
3359.83084
3360.62068
3361.41372
3362.20169
3362.99376
3364.57216
3365.36392
3366.15452
3369.31572
3370.10649
3370.89443
3371.68704
3372.47557
3374.05842
3374.84865
3375.63829
3376.42864
3377.21949
3378.80022
3379.59143
3386.70623
3387.49668
3388.28286
3389.07825
3390.65523
3391.44877
3392.23758
3393.02896
3393.81772
3396.96646
3397.76288
3398.55520
3399.34793
3400.14514
3401.73893
3402.50272
3403.30631
3404.09900
3404.86797
3438.86959
3439.65993
3440.45124
3441.24151
3442.03216
3442.82218
3443.61278
3444.40297
3445.19346
3445.98437
3446.77440
3447.56485
3448.35502
3449.14556
3452.30754
3453.09702
3453.88739
3454.67798
3455.46766
3456.25879
3457.04942
3457.83967
3458.63030
3459.42108
3460.21150
3461.00091
3461.79138
3462.58188
3463.37221
3468.90598
3469.69537
3470.48589
3471.27660
3472.06721
3472.85760
3473.64806
3474.43825
3475.22810
3476.01934
3479.17108
3479.96347
3481.55277
3483.91785
3484.71842
3485.49802
3486.30076
3487.07697
3488.67047
3489.44265
3492.60694
3493.40082
3494.20593
3494.98018
3496.57610
3498.93852
3499.72727
3500.51914
3501.29594
3502.10786
3506.04181
3506.83257
3507.63519
3508.42776
3509.21982
3510.78791
3511.59704
3512.36376
3513.16396
3513.97111
3514.75875
3515.54275
3544.78296
3545.57392
3546.36507
3547.15425
3547.94480
3548.73555
3549.52638
3550.31732
3551.10672
3551.89714
3552.68828
3553.47657
3554.26748
3555.05800
3557.42727
3558.21779
3559.80061
3560.59057
3561.38218
3562.17008
3562.96267
3563.75278
3564.54281
3565.33479
3566.12706
3566.91471
3567.70478
3570.86569
3571.65734
3572.44704
3573.23711
3574.02764
3574.81826
3575.60863
3576.39949
3577.18993
3577.98008
3578.77150
3579.55985
3580.35104
3581.14154
3583.51316
3584.30295
3585.09339
3585.88532
3586.67534
3587.46502
3588.25529
3589.04594
3589.83574
3590.62708
3591.41765
3592.20756
3592.99606
3593.78739
3594.57804
3595.36870
3601.69463
3602.48532
3603.27041
3604.06374
3604.85627
3605.64376
3606.43373
3607.22242
3608.01240
3608.80802
3611.97148
3612.75726
3613.54620
3614.33829
3615.12847
3615.91773
3616.70950
3617.49886
3618.29032
3619.08031
3619.87062
3620.65954
3621.45088
3622.24230
3623.03080
3625.40296
3626.19264
3626.98370
3627.77492
3629.35470
3630.14640
3630.93584
3631.72653
3632.51674
3633.30813
3634.09721
3634.88843
3635.67788
3636.46896
3637.26047
3638.05099
3641.21049
3642.00231
3642.79237
3643.58298
3644.37396
3645.16285
3645.95374
3646.74403
3647.53445
3648.32463
3649.11620
3649.90599
3650.69593
3651.48669
3652.27717
3654.64903
3655.43873
3656.22909
3657.01997
3658.60040
3659.39007
3660.18068
3660.97177
3661.76053
3662.55177
3663.34237
3664.92497
3665.71366
3666.50422
3667.29467
3669.66610
3670.45694
3671.24659
3672.82865
3673.61781
3674.40870
3675.19829
3675.98930
3676.77906
3677.56954
3678.35980
3679.15041
3679.94071
3680.73116
3681.52192
