3359.75226
3363.22270
3366.69260
3370.16355
3373.63560
3377.10465
3380.57824
3387.51500
3390.98672
3394.45593
3397.92555
3401.39668
3404.86679
3439.57111
3443.04076
3446.51120
3453.45169
3456.92213
3460.39231
3470.80306
3474.27359
3481.21591
3484.68427
3488.15510
3495.09667
3498.56597
3502.03676
3505.50822
3508.97635
3512.44723
3515.91667
3547.15034
3550.62082
3554.09175
3557.56123
3561.03197
3564.50217
3567.97342
3602.67628
3606.14687
3613.08694
3616.55756
3620.02770
3623.49797
3626.96906
3630.43900
3633.91025
3637.37997
3640.84825
3644.32014
3647.79001
3651.26179
3658.19997
3661.67205
3665.14302
3679.02409
