3328.22354
3328.61865
3330.56078
3333.69573
3336.82124
3340.74463
3341.12722
3342.30388
3343.86521
3345.82774
3346.21387
3350.91093
3354.81738
3356.77638
3358.34228
3359.90513
3361.85855
3363.42482
3364.98760
3368.90020
3370.46619
3370.85790
3372.02720
3374.37765
3377.50584
3379.06991
3379.46047
3388.07199
3393.14913
3400.19400
3402.14981
3405.28128
3440.48655
3440.87444
3444.39511
3445.56645
3445.95720
3447.52628
3447.91680
3449.08674
3452.60617
3454.17269
3457.69509
3458.08507
3459.65567
3461.21384
3463.16692
3470.20840
3470.60389
3473.73309
3475.29247
3478.80794
3483.89880
3486.24441
3487.81016
3489.37476
3492.89638
3495.24714
3496.42445
3499.94022
3506.98011
3510.49981
3512.06609
3512.45159
3514.02492
3514.41309
3550.78811
3564.48042
3566.04379
3567.99822
3576.60427
3587.16582
3604.76676
3636.06413
3672.82875
