3326.00460
3327.11758
3328.23438
3329.34982
3330.46582
3331.58476
3332.69526
3333.81299
3336.04444
3337.16046
3340.50863
3341.62668
3342.73851
3343.85661
3344.96981
3346.08660
3347.19806
3350.54847
3351.65962
3352.77777
3355.01108
3356.13259
3357.24363
3358.35839
3359.47363
3360.58910
3361.70717
3362.82386
3363.93617
3365.05190
3366.16864
3369.51519
3370.63270
3371.74788
3372.86194
3373.97850
3375.09271
3376.20923
3377.32295
3379.55793
3380.67257
3386.25001
3387.36464
3388.48053
3389.59816
3390.71324
3391.82893
3392.94525
3394.05821
3397.40797
3398.52360
3399.64106
3400.75734
3401.87115
3402.98627
3404.10148
3405.21773
