3326.45220
3328.42921
3336.33967
3346.23734
3350.19454
3352.17871
3360.09388
3362.07779
3364.05629
3371.96968
3373.95296
3379.88840
3389.79133
3391.76587
3393.74522
3397.70873
3399.68653
3401.66334
3403.64675
3439.27589
3441.24403
3443.24169
3445.21600
3447.20111
3449.17895
3453.13705
3455.11029
3457.09733
3459.07502
3461.05147
3463.03702
3468.97417
3470.95348
3472.93329
3474.91266
3478.86548
3480.85511
3482.83073
3484.81470
3486.78728
3488.76857
3492.73028
3494.70903
3496.68720
3498.66786
3500.64988
3502.62857
3506.58370
3508.56623
3510.54508
3512.52546
3514.50519
3546.17428
3548.16344
3550.13932
3552.11683
3554.09707
3558.05956
3562.01601
3563.99459
3565.97612
3567.95255
3571.90220
3573.88656
3575.87194
3577.85174
3579.82434
3585.78378
3587.74898
3589.74539
3591.69613
3593.69081
3601.60165
3605.55354
3607.54484
3613.52102
3615.47215
3617.45256
3619.42050
3621.38868
3623.40380
3629.31912
3633.28001
3635.26513
3637.23681
3641.22366
3643.16038
3647.14886
3649.11000
3651.10665
3655.05494
3657.03312
3659.01218
3662.96724
3664.95156
3666.92947
3672.87551
3674.85498
3676.82274
3678.80944
3680.78864
