3684.14296
3685.14512
3686.14093
3687.13871
3688.14097
3689.13554
3690.13371
3691.13122
3692.13002
3693.13076
3694.12780
3695.12313
3698.11748
3699.11988
3700.11606
3701.11531
3702.11327
3703.11135
3704.10933
3705.10896
3707.10472
3708.10869
3709.09856
3712.09282
3713.09256
3714.09244
3715.09104
3716.08808
3717.08603
3718.08379
3719.08244
3720.08257
3721.07847
3722.07904
3723.07522
3726.06911
3727.06765
3728.06403
3729.06369
3730.06155
3731.06047
3732.05717
3733.05726
3734.05688
3735.05487
3736.05216
3737.05048
