3469.01624
3469.78225
3470.54628
3471.31255
3472.07642
3472.84468
3473.60868
3474.37122
3475.13691
3475.90538
3476.66968
3478.96757
3479.73040
3480.49652
3481.26285
3482.02767
3482.79327
3483.55842
3484.32636
3485.09108
3485.85576
3486.62029
3487.38738
3488.15299
3488.91538
3489.68216
3492.74346
3493.50804
3494.27347
3495.03766
3495.80416
3496.57197
3497.33695
3498.09933
3498.86483
3499.63077
3500.39524
3501.16112
3501.92823
3502.69048
3505.75333
3506.51626
3507.28439
3508.05010
3508.81439
3509.57816
3510.34664
3511.10965
3511.87531
3512.64130
3513.40545
3514.17393
3514.93647
3515.70146
3654.23164
3654.99648
3655.75953
3656.52741
3657.28848
3658.81926
3659.58504
3660.35011
3661.11863
3661.88481
3662.64839
3663.41470
3665.71004
3666.47653
3667.24130
3670.30360
3671.06679
3671.83331
3673.36442
3674.12923
3674.89245
3675.65645
3676.42602
3677.19086
3677.95471
3678.71613
3679.48666
3680.25120
3681.01864
3681.78289
