3325.80975
3327.09066
3328.36781
3330.93125
3332.21322
3333.49385
3334.77331
3336.05779
3337.33919
3341.17942
3342.46022
3343.74118
3345.02250
3346.30394
3350.14761
3351.43172
3352.71308
3355.27294
3356.55327
3357.83345
3359.11324
3360.39525
3361.67652
3362.95540
3364.23913
3365.52181
3366.80400
3369.36373
3370.64119
3371.92619
3373.20869
3374.48893
3375.77022
3377.05088
3378.33087
3379.61310
3380.88896
3387.29857
3388.57980
3389.86709
3391.14159
3392.41760
3393.70201
3397.54706
3398.82797
3400.10941
3401.39062
3402.67273
3403.95754
3405.23439
3438.53504
3439.82126
3441.10256
3442.38282
3443.66632
3444.94533
3446.22697
3447.50907
3448.79004
3452.63238
3453.91385
3455.19643
3456.47640
3457.75635
3459.03781
3460.31883
3461.60080
3462.88106
3469.28586
3470.56817
3471.84929
3473.13128
3474.41102
3475.69159
3479.53547
3480.81487
3482.09890
3483.37829
3484.66042
3485.94002
3487.22205
3488.50360
3489.78329
3492.34498
3493.62430
3494.90914
3496.18795
3497.46789
3498.75042
3500.03177
3501.31245
3502.59499
3505.15621
3506.43854
3507.71874
3509.00334
3510.27931
3511.56268
3512.84195
3514.12291
3515.40605
3544.87055
3546.15065
3547.43177
3548.71336
3549.99452
3551.27519
3552.55608
3553.83616
3555.11841
3557.68269
3560.24188
3561.52407
3562.80365
3564.08373
3565.36584
3566.64818
3567.92735
3571.76970
3573.05425
3574.33256
3575.61552
3576.89643
3578.17703
3579.46197
3580.74147
3584.58398
3585.86605
3587.14609
3588.42489
3589.70732
3590.98757
3592.26757
3593.54857
3594.83218
3601.23635
3602.52147
3603.79907
3605.07925
3606.35905
3607.64239
3608.92168
3611.48360
3612.76754
3614.04638
3615.32720
3616.60921
3617.89066
3619.17218
3620.45193
3621.73400
3623.01478
3626.85821
3629.41991
3630.70259
3631.98365
3633.26390
3634.54242
3635.82463
3637.10526
3638.38700
3640.94851
3642.23012
3643.51142
3644.79441
3646.07344
3647.35608
3648.63565
3649.91791
3651.19687
3652.47920
3655.04021
3656.32212
3657.60246
3658.88410
3660.16392
3661.44644
3662.72736
3664.00839
3666.57056
3669.12966
3670.41399
3671.69705
3672.97610
3674.25717
3676.82016
3678.10087
3679.38286
3680.66254
3681.94257
