3601.91027
3602.73779
3605.24574
3611.92473
3612.75686
3613.59169
3614.42700
3615.26179
3616.09656
3616.93222
3617.76670
3618.60111
3619.43656
3620.27159
3621.10488
3621.94012
3622.77552
3623.60951
3626.11388
3626.94935
3627.78451
3629.45667
3630.28987
3631.12754
3631.96147
3632.79422
3633.62911
3634.46415
3635.29950
3636.13377
3636.96945
3638.63959
3641.14420
3641.97894
3642.81423
3643.64935
3644.48327
3645.31939
3646.15404
3646.99010
3647.82466
3648.65967
3649.49531
3650.32943
3651.16559
3651.99903
3654.50602
3655.34106
3656.17827
3657.01183
3658.68136
3659.51611
3660.35304
3661.18927
3662.02182
3662.85746
3663.69237
3665.36236
3666.19640
3667.03082
3670.36956
3671.20472
3672.87291
3673.70874
3674.54265
