3325.76023
3326.35047
3326.96782
3328.15858
3328.76777
3330.57589
3333.00030
3333.60160
3334.82540
3336.02121
3337.23524
3340.24702
3340.85127
3342.06458
3342.66267
3343.27206
3343.87311
3345.09208
3345.68693
3346.28357
3349.91753
3350.52331
3351.12381
3352.33115
3352.93805
3354.75147
3355.35529
3355.95846
3356.56187
3357.16684
3357.77182
3358.37863
3358.97041
3359.58274
3360.18795
3360.79158
3361.39571
3361.99961
3362.60530
3363.21147
3364.41686
3365.01974
3365.62656
3366.22970
3366.83462
3369.25147
3370.45881
3371.06812
3371.66839
3372.27183
3372.87598
3374.08462
3374.68876
3375.29289
3376.50242
3377.10101
3377.70774
3378.31836
3378.91938
3379.52299
3380.12735
