3684.20666
3685.14791
3686.09288
3687.03644
3688.92491
3689.86969
3690.81360
3692.70321
3693.64841
3694.59114
3695.53322
3698.36775
3699.31177
3700.25607
3701.19937
3702.14442
3703.09071
3704.03424
3704.97768
3705.92385
3706.86524
3707.80933
3708.75566
3709.69847
3711.58617
3712.53120
3713.47594
3714.41973
3715.36420
3716.31078
3717.25219
3718.19650
3719.13989
3720.08558
3721.02906
3721.97549
3722.92321
3725.75101
3726.69551
3727.64108
3728.58625
3729.52868
3730.47266
3731.41792
3732.36331
3733.30596
3734.24959
3735.19286
3736.13864
3737.07888
3738.97400
3739.91702
3740.85976
3741.80357
3742.75091
3743.69326
3744.63790
3745.58145
3746.52557
3747.47192
3748.41490
3749.35837
3752.19267
3753.13417
3754.08049
3755.02534
3755.96833
3756.91482
3757.85761
3758.80080
3759.74541
3760.69070
3761.63449
3762.57812
3818.28841
3819.23398
3820.17882
3821.12361
3822.06675
3823.01186
3823.95604
3824.89922
3825.84443
3826.78846
3829.62062
3830.56478
3831.50947
3832.45527
3833.39749
3834.34195
3835.28720
3836.23325
3837.17512
3838.11989
3839.06470
3840.00977
3840.95586
