3354.97813
3356.90095
3360.74485
3362.66698
3364.58949
3366.50984
3370.35418
3372.27648
3374.19817
3376.11942
3379.96527
3387.65369
3389.57340
3391.49662
3393.41886
3397.26202
3399.18392
3401.10620
3403.02810
3404.94890
3439.54507
3441.46644
3443.38881
3445.31036
3447.23286
3449.15424
3452.99875
3454.92035
3456.84172
3458.76395
3460.68665
3462.60779
3470.29587
3472.21721
3474.13991
3476.06170
3479.90573
3481.82731
3483.74981
3485.67174
3487.59322
3489.51543
3545.25181
3547.17384
3549.09573
3551.01755
3552.93949
3554.86176
3560.62741
3562.54923
3564.47157
3566.39314
3572.15871
3574.08149
3576.00323
3577.92481
3579.84643
3583.69063
3585.61316
3587.53409
3589.45542
3591.37757
3593.30018
3595.22233
3600.99241
3602.91040
3604.83150
3606.75517
3608.67683
3612.52065
3614.44205
3616.36350
3618.28573
3620.20846
3622.12887
3625.97400
3627.89599
3629.81757
3631.73922
3633.66150
3635.58237
3641.34854
3643.26736
3645.19347
3647.11465
3649.03751
3650.95865
3654.80322
3656.72545
3658.64517
3660.56863
3662.49002
3664.41296
3666.33475
3670.17771
3674.02273
3675.94424
3677.86504
3679.78872
3681.70969
