3354.87396
3356.88057
3358.89039
3360.89791
3362.90572
3364.91265
3366.91950
3368.92746
3370.93609
3372.94214
3374.94885
3376.96418
3378.96894
3380.98555
3387.00305
3389.00642
3391.01247
3393.01868
3395.05321
3397.03991
3399.04758
3401.05575
3403.06315
3405.07152
3439.21026
3441.21612
3443.22480
3445.23361
3447.23986
3449.24845
3453.26126
3455.27035
3457.27918
3459.28854
3461.29378
3463.30238
3469.33345
3471.33572
3473.33650
3475.35645
3479.37023
3481.37668
3483.38046
3485.39563
3487.40089
3489.40810
3493.42371
3495.42998
3497.44138
3499.44979
3501.45753
3505.46839
3507.47826
3509.48447
3511.49209
3513.49390
3515.51253
3545.62951
3547.63969
3549.64232
3551.65555
3553.66222
3557.68219
3559.69209
3561.69361
3563.70590
3565.70829
3567.71965
3601.84478
3603.85928
3605.86355
3607.88185
3611.89540
3613.92138
3615.91705
3617.92265
3619.92264
3621.92275
3625.95587
3627.95972
3629.96505
3631.97656
3633.98189
3635.99113
3638.01739
3642.01439
3644.02268
3646.02803
3648.03772
3650.04817
3652.05417
3656.07374
3658.07695
3660.08750
3662.08954
3664.09362
3666.11374
3670.13389
3674.14210
3676.15143
3678.16069
3680.16802
