3544.71870
3545.73499
3546.74835
3547.76437
3548.78056
3549.79450
3550.80810
3551.82633
3552.83725
3553.85253
3554.86810
3557.91253
3559.93840
3560.95725
3561.97053
3562.98968
3564.00089
3565.01523
3566.03129
3567.04447
3568.06016
3571.11240
3572.11671
3573.13260
3574.14908
3575.16295
3576.18000
3577.18826
3578.20712
3579.22840
3580.23825
3581.25290
3586.32785
3587.33985
3588.35802
3589.36754
3590.38565
3591.39980
3592.42041
3593.43152
3594.44460
3595.45759
3600.53169
3601.54521
3602.57113
3604.59335
3605.61393
3606.62219
3607.63535
3608.65004
3611.69934
3612.71154
3613.72644
3614.74298
3615.75228
3616.76759
3617.78267
3618.79842
3619.81133
3620.83089
3621.84319
3622.85566
