3684.63205
3685.95788
3686.63130
3687.32271
3689.29473
3690.63291
3691.30132
3694.64601
3695.28625
3695.94300
3699.27899
3703.95093
3704.61118
3705.27784
3707.29239
3707.94517
3709.90732
3712.58989
3723.31091
3731.96997
3733.26097
3736.63179
3817.81579
3819.16360
3819.80765
3820.50745
3821.83726
3822.48272
3823.12393
3823.81935
3824.48179
3825.14370
3825.85054
3826.50752
3827.15191
3829.82385
3830.49896
3831.13417
3831.84574
3833.13085
3833.80282
3835.14769
3835.81181
3836.47902
3837.12943
3837.80820
3838.46301
3839.12787
3840.51388
