3354.73442
3355.35819
3355.99263
3356.62638
3357.24874
3357.87696
3358.50615
3359.13460
3359.76215
3360.38600
3362.27708
3363.53420
3364.79339
3365.42071
3366.67610
3369.19054
3369.82195
3370.44642
3371.09032
3371.70597
3372.33517
3372.96054
3374.21802
3374.84978
3375.47517
3376.73083
3377.35983
3379.24585
3379.87438
3386.15898
3386.79013
3388.04420
3388.67177
3389.30240
3390.55523
3391.18628
3392.44597
3393.07191
3393.70044
3394.33070
3397.47242
3398.10008
3399.35641
3399.98368
3401.24509
3401.87781
3402.49937
3403.12677
3404.38329
3405.01318
3438.32005
3438.94882
3439.57682
3440.20445
3440.83297
3441.46591
3442.09060
3442.71871
3443.34788
3443.97865
3444.60342
3445.23277
3445.86141
3446.48913
3447.11911
3447.74852
3448.37813
3449.00317
3449.63230
3452.14525
3452.77475
3453.40325
3454.03165
3454.65993
3455.29022
3455.91995
3456.54511
3457.17381
3457.80249
3458.43139
3459.06105
3459.69147
3460.31588
3460.94500
3461.57313
3462.20180
3462.83182
3463.46180
3544.53068
3545.15964
3545.78707
3547.04451
3547.67270
3548.30117
3548.93042
3549.55815
3550.18702
3550.81536
3551.44348
3552.07184
3552.70077
3553.32883
3553.95751
3554.58610
3555.21401
3557.72977
3558.35709
3559.61413
3560.24272
3560.87025
3561.49883
3562.12855
3562.75596
3563.38885
3564.01429
3564.64174
3565.27081
3565.89827
3566.52682
3567.15457
3567.78477
3625.60360
3626.23012
3626.85823
3627.48715
3629.37164
3630.00010
3630.62946
3631.25480
3632.51577
3633.14217
3633.77048
3635.02607
3635.65740
3636.28702
3636.91261
3640.68767
3641.31195
3641.94152
3642.56969
3643.82618
3644.45677
3645.08343
3645.71173
3646.33985
3646.96909
3647.59858
3648.22906
3648.85595
3649.48303
3650.11135
3650.73998
3651.36926
3651.99919
3652.62504
