3325.68272
3326.17365
3328.16884
3328.67235
3330.65951
3333.15203
3333.65163
3334.14857
3336.15413
3337.13800
3337.63359
3338.13442
3341.12136
3342.61811
3343.11461
3344.11108
3345.10990
3350.08873
3350.58657
3351.08528
3352.58701
3354.57243
3355.07124
3355.56688
3356.56511
3357.06414
3358.55880
3359.05645
3359.55362
3360.05346
3360.55108
3362.04481
3362.54341
3363.53925
3364.03637
3364.54200
3365.03333
3365.53221
3366.52788
3369.01862
3369.53091
3370.51439
3371.00996
3371.50786
3372.00659
3373.00326
3374.00189
3374.53312
3375.49744
3376.49035
3376.98693
3377.48745
3378.98176
3379.48116
3379.99971
3386.95409
3387.44585
3388.44280
3390.43967
3390.93927
3394.42574
3398.40782
3399.40520
3400.89933
3403.38967
3403.88366
3404.38248
3405.38037
3468.64715
3470.63416
3471.13074
3472.63092
3473.13146
3475.63751
3476.11004
3476.61375
3479.11419
3480.59833
3481.10051
3481.59297
3482.08909
3482.58781
3483.58929
3484.08657
3488.56989
3489.06734
3492.55022
3493.05112
3493.55503
3494.05049
3495.04539
3496.03696
3498.03315
3498.52825
3499.02545
3500.03607
3500.52320
3502.51491
3505.51414
3507.49341
3507.99743
3509.49212
3509.99047
3510.48318
3511.49500
3511.97887
3512.47653
3514.47708
3514.97769
3515.46515
3544.85603
3545.35550
3545.85283
3546.38325
3546.85325
3547.34965
3547.84363
3548.34187
3548.84029
3549.33783
3549.83603
3550.33550
3550.83466
3551.84553
3552.33909
3552.82667
3553.32541
3553.82041
3554.31893
3554.81719
3558.30975
3559.29979
3559.79703
3560.29646
3560.79450
3561.29430
3561.79583
3562.29342
3562.81190
3563.29432
3563.79533
3564.28682
3564.78213
3565.27844
3565.77906
3566.27524
3566.77432
3567.27279
3567.77143
3570.76035
3571.25742
3571.75447
3573.74962
3574.27092
3574.74485
3575.24451
3576.23947
3576.73662
3577.23362
3577.73255
3578.73019
3580.24399
3580.72774
3581.21955
3586.70017
3587.19915
3587.69596
3588.19511
3588.69489
3589.19234
3590.19017
3590.68394
3591.68721
3593.17393
3593.67273
3594.16960
3594.67077
3595.16905
3601.64237
3602.14254
3602.64668
3604.13469
3604.63330
3605.13177
3605.62884
3606.12690
3606.62579
3607.62066
3608.12388
3608.61791
3609.11425
3613.10105
3613.59722
3615.09182
3615.58807
3618.58314
3619.07797
3619.57868
3620.07508
3620.56860
3621.06886
3621.56878
3622.06687
3622.56604
3623.06503
3623.56441
3626.54741
3627.04508
3627.54674
3631.03530
3632.52555
3633.02476
3633.52472
3634.02212
3634.52027
3635.52943
3636.01464
3636.51078
3641.49609
3641.99080
3642.49120
3642.98560
3643.48389
3643.98264
3644.48204
3644.98113
3645.47884
3645.97789
3646.49928
3646.97129
3647.47090
3647.97027
3648.46480
3648.96415
3649.96245
3650.45907
3651.95436
3652.48879
3655.44320
3655.93762
3656.43742
3656.93722
3658.43584
3659.42309
3670.38509
3670.88402
3671.38271
3671.87856
