3326.41974
3327.48402
3328.55209
3329.62343
3330.68765
3333.89080
3336.02533
3337.09093
3338.15825
3340.29583
3341.36117
3342.43172
3344.56131
3345.63267
3346.68934
3349.89960
3350.97317
3352.03324
3355.23527
3357.37311
3358.43724
3359.50509
3360.57261
3362.70714
3363.77851
3364.84182
3365.90972
3369.11177
3370.17811
3371.24653
3372.31802
3374.44744
3375.52005
3376.58497
3377.65041
3378.71953
3379.78414
3380.85046
3386.18698
3387.26178
3388.32271
3390.45709
3391.53032
3392.59137
3393.65875
3397.92837
3398.99038
3400.06732
3401.13173
3402.20241
3403.26599
3404.33584
3405.40143
3438.48862
3439.55399
3440.62343
3441.68826
3442.75590
3443.82363
3444.89196
3445.95868
3447.02621
3448.09344
3449.15948
3452.36480
3453.43029
3454.49924
3455.56448
3456.63119
3457.69783
3458.76450
3459.83271
3460.90027
3461.96875
3463.03557
3492.91951
3493.98791
3495.05637
3496.12029
3497.19049
3498.25764
3499.32341
3500.39136
3501.45790
3502.52597
3505.72960
3506.79449
3507.86027
3508.93201
3509.99942
3511.06434
3512.13216
3513.20248
3514.26895
3515.33518
3570.83740
3571.90355
3572.97139
3574.03501
3575.10478
3576.17120
3577.23901
3578.31059
3579.37223
3580.44044
3584.70868
3585.77841
3586.84387
3587.91204
3588.97952
3590.04694
3591.11304
3592.18158
3593.24741
3594.31651
3595.38334
3600.72455
3601.78949
3602.85474
3603.92066
3604.98898
3606.05550
3607.12322
3608.19138
3609.26015
3612.46038
3613.53007
3614.59457
3615.66341
3616.72931
3617.79595
3618.86411
3619.93279
3620.99782
3622.06603
3623.13186
