3325.79422
3326.85473
3328.45416
3328.97661
3330.57149
3331.10264
3333.22883
3333.75944
3334.81891
3335.88137
3336.41154
3336.94065
3338.00384
3340.66006
3341.19123
3342.78327
3343.31333
3343.84461
3344.90714
3345.43718
3345.96756
3346.49650
3350.21776
3350.74510
3352.33914
3352.86936
3654.44099
3654.97803
3655.50621
3656.03663
3656.56835
3657.09509
3658.15963
3658.68963
3659.22353
3659.75595
3660.28346
3661.34911
3661.87428
3662.40869
3662.93447
3663.47322
3663.99987
3665.05789
3665.59016
3666.12455
3666.65501
3667.18711
3669.30508
3669.83970
3670.36901
3670.90190
3671.43355
3671.97019
3673.55987
3674.09050
3674.61797
3675.14772
3675.68256
3676.21300
3676.74634
3677.27457
3677.80591
3678.33604
3678.86699
3679.39902
3679.92595
3680.45723
3680.98754
3681.51897
3682.05086
