3326.51431
3327.59783
3328.66875
3329.71721
3330.71540
3331.78015
3333.84769
3334.85210
3335.93337
3338.04135
3341.11096
3342.17453
3343.27724
3344.27871
3345.35055
3346.36674
3350.54980
3351.55164
3352.56937
3354.70343
3356.76121
3357.81185
3358.89287
3359.91305
3360.94319
3361.96694
3363.03696
3364.12196
3365.09222
3369.31567
3371.38018
3372.38968
3373.47650
3374.46026
3375.53176
3376.58549
3377.58024
3379.71579
3380.72492
3386.99686
3388.06975
3389.08813
3390.13385
3391.19210
3392.23729
3393.24677
3394.31103
3397.42308
3398.45050
3401.55614
3404.72759
3405.74501
3439.08546
3440.18819
3441.20353
3442.23747
3443.28929
3444.33102
3445.36826
3446.45430
3447.45459
3448.49037
3449.54185
3452.67780
3453.72712
3454.75074
3455.78478
3456.86425
3457.87290
3458.92152
3459.93909
3461.00129
3462.02052
3463.08344
3469.34812
3470.36642
3473.48855
3474.59804
3475.58457
3476.61197
3478.70268
3479.75854
3480.84780
3481.88834
3483.94617
3486.03152
3487.08037
3488.09879
3489.16108
3492.23954
3493.30126
3499.55945
3501.62596
3513.08846
3515.19699
3546.52298
3548.61135
3549.60180
3550.60686
3552.76505
3554.81820
3560.05973
3561.03866
3563.17464
3565.26945
3566.28942
3567.28150
3600.69534
3601.69830
3602.76206
3603.82269
3604.88950
3605.87408
3609.02700
3614.22230
3615.23627
3616.31570
3617.36773
3618.42289
3619.42927
3620.51325
3621.50634
3622.58274
3623.64441
3627.78432
3629.84139
3631.94815
3634.03550
3635.10823
3636.11529
3637.16853
3638.24517
3642.35152
3643.41637
3644.48417
3645.49432
3646.57778
3648.63502
3649.66239
3650.69180
3651.72693
3655.88311
3656.93670
3658.00043
3660.09229
3661.11084
3662.16448
3663.21157
3664.22630
3665.30748
3671.53653
3672.58697
3674.67055
3675.73722
3676.74933
3677.80649
3679.88368
3681.96330
