3438.58335
3439.14911
3439.71444
3440.27905
3440.84526
3441.41138
3441.97419
3442.53926
3443.10524
3443.67013
3444.23624
3444.80130
3445.36637
3445.93186
3446.49616
3447.06312
3447.62675
3448.19194
3448.75728
3449.32282
3452.14806
3452.71326
3453.27902
3453.84474
3454.41009
3454.97506
3455.53987
3456.10407
3456.67046
3457.23543
3457.80088
3458.36609
3458.93133
3459.49638
3460.06100
3460.62809
3461.19053
3461.75517
3462.32237
3462.88780
3463.45301
3469.10537
3469.66927
3470.23288
3470.79646
3471.35932
3471.92610
3472.49546
3473.06042
3473.62494
3474.18924
3475.31836
3475.88339
3476.44562
3478.70872
3479.27615
3479.84259
3480.40778
3481.53604
3482.10329
3482.66124
3483.23397
3483.80050
3484.92219
3485.49099
3486.06049
3486.62492
3487.18978
3487.75101
3488.32203
3488.88216
3489.44986
