3388.23671
3390.83428
3391.69077
3393.41858
3394.27999
3396.87389
3397.73524
3399.46825
3400.32584
3402.91542
3405.50579
3468.50189
3469.35661
3470.22761
3471.09835
3471.95398
3472.81766
3473.67912
3474.55116
3475.41236
3476.27519
3478.86089
3479.71359
3480.58408
3481.44905
3482.31302
3483.17855
3484.04205
3484.90347
3485.76301
3486.62742
3488.34956
3489.21414
3492.66342
3493.53557
3494.38994
3495.25960
3496.11647
3498.70659
3499.56777
3500.43302
3501.29009
3505.61508
3506.47391
3508.19977
3509.06858
3509.92940
3510.79558
3511.65107
3512.52894
3513.37693
3514.24849
3515.10788
3552.21454
3553.94232
3554.81321
3560.84939
3562.57636
3563.43457
3564.30284
3565.17209
3566.02116
3566.89091
3567.75041
3659.23365
3660.09278
3660.96211
3663.54968
3666.13656
3667.00379
3670.45370
3671.32062
3673.04133
3673.91032
3674.76843
3679.94635
3681.66975
