3325.53522
3326.39079
3328.10925
3328.96535
3329.82223
3330.68005
3331.53784
3333.25528
3334.11751
3334.97209
3335.83094
3336.68577
3337.54969
3340.11680
3340.98162
3341.83297
3342.69855
3343.54502
3345.26986
3346.12717
3346.98856
3350.41493
3351.27833
3352.14630
3352.99635
3354.71133
3355.56690
3356.43458
3357.28974
3358.14883
3359.00751
3359.86727
3360.72251
3361.58417
3362.43915
3363.29734
3364.15828
3365.01367
3365.88117
3366.73281
3369.30900
3370.17070
3371.02594
3371.88130
3372.74275
3373.60209
3374.45749
3375.31493
3377.02755
3378.74175
3379.60759
3381.32313
3386.47873
3388.18856
3389.04620
3390.76572
3391.61381
3392.48503
3393.33689
3394.20139
3397.62750
3398.49135
3399.34602
3400.20356
3401.07195
3401.92220
3402.77681
3404.49383
3405.35661
3468.86546
3469.72368
3470.58218
3471.45349
3472.30121
3473.15595
3474.02139
3474.87323
3475.73147
3476.58878
3479.16390
3480.02794
3480.87927
3481.74023
3482.59929
3483.45524
3484.31309
3485.18486
3486.03319
3486.89359
3487.75039
3488.60634
3489.46336
3492.05112
3492.89600
3493.75481
3494.62260
3495.47131
3496.33808
3497.18299
3498.05807
3498.91643
3499.76600
3500.63201
3501.48742
3502.34466
3505.78360
3506.63726
3507.49611
3508.34460
3509.21184
3510.07258
3510.92998
3511.78564
3512.63948
3513.50252
3514.35919
3515.21517
3544.38818
3545.25589
3546.11757
3546.97740
3547.83498
3548.69311
3549.55254
3550.40254
3551.26843
3552.12546
3552.98151
3553.84024
3554.69255
3558.12718
3559.84676
3560.70177
3561.56233
3562.42144
3563.27814
3564.13590
3564.99418
3565.85059
3566.71145
3567.57094
3571.00698
3571.86188
3572.72079
3573.57864
3574.43795
3575.30044
3576.15781
3577.01005
3577.87501
3578.73264
3579.58979
3580.45439
3581.31441
3583.88697
3585.59659
3586.46118
3587.31618
3588.17622
3589.03515
3589.89309
3590.74835
3591.61086
3592.46202
3593.32603
3594.17756
3595.04522
3601.05912
3601.91088
3602.76535
3604.48549
3605.33982
3606.19849
3607.05026
3607.91497
3608.77122
3612.20347
3613.04873
3613.91877
3614.78329
3615.64114
3616.49554
3617.35796
3618.21101
3619.07099
3619.93054
3620.78886
3621.63989
3626.78322
3627.65326
3629.36805
3630.21987
3631.08212
3632.80085
3634.52013
3636.22586
3637.08943
3641.37833
3642.23950
3643.09513
3643.94806
3644.81467
3645.67588
3646.54056
3648.25107
3649.10231
3649.98030
3655.10760
3656.83983
3659.41080
3660.26958
3661.12751
3661.98098
3662.84311
3666.27736
3667.13067
3669.70499
3670.56477
3671.41669
3673.14203
3673.99765
3674.85612
3675.71941
3676.57643
3677.43342
3678.29133
3679.15153
3680.00886
3680.86353
3681.72456
