3355.59190
3359.11671
3362.63952
3366.16895
3369.69269
3376.75209
3380.27617
3387.33981
3390.85864
3394.38776
3397.91149
3401.44112
3404.96523
3440.23404
3443.75924
3447.29007
3454.33655
3457.86540
3461.39197
3471.97408
3475.49725
3479.01839
3482.55966
3486.08000
3489.60456
3493.13918
3496.65962
3500.18544
3507.23925
3510.76542
3514.29801
3546.03364
3549.56161
3553.08846
3560.13988
3563.67319
3567.19307
3574.24845
3577.77899
3581.29638
3584.82860
3588.35138
3591.88226
3595.40949
3602.46013
3605.98926
3613.03713
3627.15105
3630.67617
3634.20100
3637.72393
3641.25952
3644.78586
3648.31021
3651.83867
3655.37502
3658.89107
3662.41635
3665.94306
3669.46839
3672.99460
3676.52235
3680.05064
