3326.10799
3327.36089
3328.61175
3329.86652
3331.11363
3332.36212
3333.61795
3334.87124
3336.12136
3337.37451
3341.13006
3342.38088
3343.63137
3344.88306
3346.13601
3347.39217
3349.89067
3351.14150
3352.39323
3354.89827
3357.40013
3358.65450
3359.90414
3362.40701
3364.91051
3366.18019
3369.91741
3371.16384
3372.42393
3373.67041
3374.92420
3376.17984
3377.42669
3379.93188
3381.18607
3386.19253
3387.43999
3388.69470
3391.20006
3392.44830
3393.70205
3397.45790
3398.70456
3399.96069
3401.21312
3402.46136
3403.72290
3404.96546
3438.76434
3440.01639
3441.26399
3442.51855
3443.77298
3445.02262
3446.27533
3447.52598
3448.77858
3452.53266
3453.78534
3455.03656
3456.28883
3457.53971
3458.79259
3460.04379
3461.29627
3462.54675
3468.80666
3470.05760
3471.30865
3472.56197
3473.81571
3475.06566
3476.31679
3478.81643
3480.06984
3481.32231
3482.57200
3483.82502
3485.07740
3486.33179
3487.57801
3488.83147
3492.58784
3493.84073
3495.09041
3496.34331
3497.59369
3498.84784
3500.09773
3501.35006
3502.60197
3505.10537
3506.35283
3507.60792
3508.86218
3510.11208
3511.36212
3512.61396
3513.87128
3515.12038
3545.16326
3546.41391
3547.66661
3548.91649
3550.17004
3551.42026
3552.67189
3553.92324
3555.17513
3557.67666
3560.18124
3561.43410
3562.68553
3563.93782
3565.18994
3566.43868
3567.69448
3571.44987
3572.70103
3573.95320
3575.20521
3576.45502
3577.70734
3578.95853
3580.20999
3581.46596
3583.96590
3585.21662
3586.46970
3587.71969
3588.97439
3590.22133
3591.47673
3592.72691
3593.97986
3595.23109
3601.48990
3602.74022
3603.99435
3605.24475
3606.49685
3607.74834
3609.00036
3611.49670
3612.75603
3614.00767
3615.25959
3616.51084
3617.76357
3619.01431
3620.26727
3621.51825
3622.77029
3625.26733
3626.52544
3627.77799
3629.02649
3630.28208
3631.53106
3632.78616
3634.03460
3635.28827
3636.53677
3641.54515
3642.79788
3644.04792
3645.30379
3646.55383
3647.80700
3649.05085
3650.31115
3651.55818
3655.31507
3656.56589
3659.06927
3660.32337
3661.57422
3662.82721
3664.07493
3665.33024
3666.58051
3669.09243
3670.33796
3671.58801
3672.84247
3674.09079
3675.34543
3676.59554
3677.84763
3679.09780
3680.35074
3681.60161
