3352.31501
3390.44544
3401.56428
3404.34657
3438.50149
3439.69217
3440.88146
3443.66646
3445.64839
3446.04208
3456.77164
3457.16889
3458.35689
3463.12438
3468.69105
3475.43839
3476.63175
3480.99913
3481.39908
3482.58781
3482.98398
3483.77581
3488.54495
3488.93955
3493.70557
3494.10668
3495.29797
3495.69346
3496.09554
3500.06627
3501.25470
3506.01956
3506.42129
3507.60766
3511.97816
3513.17240
3513.56457
3545.34417
3550.10458
3550.50646
3560.83386
3561.62681
3562.81901
3563.21044
3563.61231
3572.74405
3573.93759
3574.33323
3574.73166
3575.12965
3575.52592
3580.29385
3580.69484
3581.08715
3586.64816
3587.04315
3587.44006
3587.84062
3588.63447
3594.19288
3604.91751
3618.42052
3618.81890
3623.58580
3655.75599
3679.98445
3680.38058
