3354.70285
3356.77488
3360.94588
3363.02889
3365.11393
3369.28380
3371.36718
3373.45315
3375.53931
3377.62076
3379.70861
3388.04580
3390.13463
3392.21572
3394.29715
3398.46061
3400.54429
3440.16095
3442.24551
3444.33056
3446.41475
3448.49941
3452.66858
3454.75372
3456.83856
3458.92203
3461.00708
3463.09191
3469.34587
3471.43196
3473.51451
3475.59941
3479.77099
3481.85509
3483.93633
3486.02239
3488.10477
3546.48004
3548.56163
3550.64771
3552.73188
3554.81629
3561.06925
3563.15686
3565.24129
3567.32528
3600.67936
3602.76326
3604.84871
3606.93257
3609.01728
3611.10439
3613.18522
3615.27087
3617.35648
3619.44135
3621.52428
3623.60926
3625.69294
3627.77946
3629.86357
3631.94657
3634.03244
3636.11746
3638.20439
3640.30342
3642.37052
3644.45715
3646.54208
3648.62493
3650.71073
3654.87885
3656.96396
3659.04847
3661.13334
3663.21751
3665.30283
3667.38707
3669.47047
3671.55692
3673.64015
3675.72532
3677.80927
3679.89431
3681.97930
