3356.39521
3358.65275
3360.89642
3363.14745
3365.38777
3369.89239
3372.13526
3374.39338
3376.63241
3378.88391
3381.12937
3387.87170
3390.12484
3392.37536
3396.86409
3399.11400
3401.36577
3403.61280
3405.86244
3439.58519
3441.83464
3444.07760
3446.32910
3448.57446
3453.07148
3455.32122
3457.56720
3459.81824
3462.06636
3468.81096
3471.06110
3473.30668
3475.55593
3480.05225
3482.30181
3484.55065
3486.79709
3489.04463
3493.54178
3495.79242
3498.03717
3500.28590
3502.53682
3507.03063
3509.28234
3511.52767
3513.77632
3545.25214
3547.49735
3549.74786
3551.99485
3554.23970
3560.98762
3563.24151
3565.48327
3567.73434
3572.23197
3574.47706
3576.72477
3578.97484
3581.22126
3583.47205
3585.71883
3587.96845
3590.21495
3592.46465
3594.71320
3601.45582
3603.70558
3605.95402
3608.20425
3612.69979
3614.94387
3617.19593
3619.44232
3621.69343
3626.18683
3630.68373
3632.93205
3635.18038
3637.42767
3641.92523
3644.17274
3646.42231
3648.67044
3650.91704
3655.41428
3657.66166
3659.91199
3662.15905
3664.40852
3666.65513
3668.90200
3671.15133
3673.39989
3675.64926
3677.89500
3680.14592
