3325.77081
3326.34555
3326.91801
3327.49541
3328.06837
3328.64265
3330.94894
3333.24234
3333.82460
3334.39363
3336.11490
3336.68988
3337.26456
3340.14313
3340.71301
3341.28457
3342.44207
3343.01339
3344.16845
3345.31143
3345.88198
3346.46745
3349.91252
3350.48462
3351.05915
3352.78247
3354.50715
3355.08235
3355.65837
3356.80730
3357.38296
3357.96669
3358.53622
3359.10803
3359.68339
3360.25401
3360.83736
3361.40528
3361.97895
3362.55515
3363.13034
3364.28298
3364.85716
3365.42725
3366.57844
3368.87611
3369.45086
3371.75212
3372.32603
3372.90471
3374.04999
3374.62224
3375.20073
3376.35096
3376.92669
3377.50682
3379.22417
3379.80221
3386.69434
3388.42567
3389.00963
3389.56920
3390.14377
3390.72688
3393.01693
3394.16394
3397.61789
3398.18972
3399.33823
3399.92899
3400.48846
3401.06722
3401.63316
3402.21979
3403.36231
3405.09611
3438.42256
3438.99879
3439.57835
3440.14780
3440.72110
3441.29682
3441.87268
3442.44611
3443.02553
3443.60259
3444.17093
3444.74448
3445.31896
3445.89351
3446.46946
3447.04395
3447.61978
3448.19475
3448.76726
3449.34609
3452.21628
3452.78872
3453.36288
3453.93980
3454.51753
3455.08824
3455.66296
3456.24337
3456.81312
3457.38818
3457.96401
3458.54152
3459.11521
3459.68558
3460.25987
3460.83627
3461.41079
3461.98582
3462.55941
3463.13620
3463.71575
3468.88951
3469.45749
3470.03159
3470.60784
3471.18159
3472.33707
3472.91281
3473.48163
3474.05670
3475.20691
3475.78347
3476.36032
3478.65482
3479.23162
3479.80365
3480.37663
3480.95330
3481.52648
3482.10154
3482.67443
3483.25264
3483.82627
3484.40283
3484.97509
3485.55421
3486.12485
3486.70027
3487.27737
3487.84821
3488.42893
3488.99777
3489.57262
3491.87860
3492.45432
3493.02240
3493.59871
3494.17467
3494.75082
3495.32315
3495.89727
3496.47161
3497.04521
3497.62077
3498.19481
3498.76870
3499.34776
3499.91828
3500.49278
3501.07218
3501.64050
3502.22502
3505.09878
3505.66683
3506.24218
3506.81578
3507.39193
3507.96685
3508.54689
3509.11906
3509.68938
3510.26341
3510.84421
3511.41907
3511.99298
3512.56361
3513.13946
3513.71431
3514.28679
3514.86383
3515.44297
3545.32112
3545.90631
3546.47435
3547.05390
3547.62969
3548.20298
3548.77927
3549.35062
3549.92914
3550.50334
3551.07190
3551.64879
3552.22274
3552.79484
3553.37406
3553.94782
3554.52389
3555.09375
3559.69833
3560.27066
3560.84706
3561.41398
3561.99233
3562.57365
3563.14051
3563.71650
3564.28896
3564.86585
3565.44857
3566.01529
3566.58880
3567.16698
3567.74377
3571.18856
3571.75899
3572.33820
3572.91225
3573.48929
3574.05991
3574.64386
3575.20355
3575.77934
3576.36019
3576.93417
3577.51070
3578.08934
3578.65613
3579.23621
3580.37987
3580.95631
3583.82992
3584.40641
3584.98808
3585.55542
3586.70338
3587.28244
3587.86168
3588.42941
3589.00938
3589.57978
3590.15883
3590.72595
3591.30171
3591.88571
3593.02680
3593.60409
3594.17702
3594.75612
3595.32333
3601.65275
3602.22418
3602.79546
3603.95202
3604.52591
3605.09692
3605.67514
3606.24326
3607.39824
3607.96769
3608.54934
3609.11955
3611.99507
3612.57117
3613.14181
3613.71904
3614.28832
3614.86938
3615.44414
3616.01433
3617.74255
3618.32041
3618.89434
3619.47024
3620.04030
3620.61580
3621.19177
3621.76747
3622.33442
3622.91450
3623.48421
3625.78974
3626.36730
3627.51841
3629.23640
3629.80543
3633.25905
3633.83706
3636.13767
3637.28571
3641.88654
3643.03198
3644.17653
3644.74915
3647.63272
3648.78129
3649.92776
3652.22645
3655.10295
3656.82354
3659.12393
3667.17378
3675.21674
3682.11941
