3325.68816
3326.35189
3327.01693
3328.33762
3328.99974
3329.66286
3330.98770
3332.97532
3333.63824
3334.29951
3335.62471
3336.28594
3336.94933
3337.61129
3340.26100
3340.92314
3342.24921
3342.91168
3344.89783
3345.56025
3346.22312
3346.88575
3350.19747
3350.85903
3351.52157
3352.18393
3352.84587
3354.83390
3355.49631
3356.82053
3357.48410
3358.14597
3359.47085
3360.13090
3360.79431
3361.45855
3362.11964
3362.78151
3363.44475
3364.10620
3364.77012
3365.43319
3366.75826
3369.40627
3371.39388
3372.05602
3372.71868
3373.38289
3374.04413
3374.70591
3375.36778
3376.69172
3377.35495
3379.34132
3380.00398
3380.66390
3381.33005
3386.62986
3387.95179
3388.61726
3389.27876
3390.60188
3391.26308
3393.25169
3393.91475
3397.22295
3398.55341
3399.21121
3399.87775
3401.20387
3402.52630
3403.19079
3405.17685
3405.83807
3438.29469
3438.95678
3439.61864
3440.28126
3440.94453
3441.60775
3442.27021
3442.93282
3443.59505
3444.25557
3444.91858
3445.58158
3446.24281
3446.90760
3447.56898
3448.23155
3448.89440
3449.55703
3452.20515
3452.86928
3453.53012
3454.19151
3454.85402
3455.51764
3456.18004
3456.84182
3457.50415
3458.16647
3458.83056
3459.49094
3460.15444
3460.81682
3461.47938
3462.14283
3462.80398
3463.46610
3468.76603
3469.42620
3470.09033
3470.75234
3471.41537
3472.07825
3472.73931
3473.40163
3474.06415
3475.38931
3476.05148
3478.69971
3479.36519
3480.02674
3480.68690
3481.34608
3482.01515
3482.67307
3483.34232
3484.00082
3484.66332
3485.32603
3485.98796
3486.64991
3487.31434
3487.97594
3488.63749
3489.29882
3492.60977
3493.27399
3493.93726
3494.59882
3495.25964
3495.92299
3496.58712
3497.24742
3497.91020
3498.57418
3499.23648
3499.89831
3500.56089
3501.22281
3501.88612
3502.54692
3505.19873
3505.85950
3506.52252
3507.18389
3507.84600
3508.50836
3509.17033
3509.83275
3510.49479
3511.15802
3511.82118
3512.48283
3513.14668
3513.80572
3514.46770
3515.13433
3515.79520
3544.27903
3544.94068
3545.60340
3546.26530
3546.92786
3547.59004
3548.25379
3548.91569
3549.57708
3550.23966
3550.90141
3551.56528
3552.22671
3552.88995
3553.55271
3554.21443
3554.87679
3557.52620
3558.18852
3559.51357
3560.17582
3560.83831
3561.50084
3562.16399
3562.82478
3563.48805
3564.15010
3564.81231
3565.47451
3566.13628
3566.79928
3567.46223
3568.12490
3570.77431
3571.43655
3572.09935
3572.76110
3573.42368
3574.08635
3574.74773
3575.41078
3576.07286
3576.73586
3577.39799
3578.06053
3578.72234
3579.38542
3580.04989
3580.71031
3581.37133
3583.36089
3584.02173
3584.68376
3585.34606
3586.01049
3586.67086
3587.33444
3587.99641
3588.65902
3589.32065
3589.98368
3590.64625
3591.30814
3591.97063
3592.63231
3593.29469
3593.95764
3594.62015
3595.28329
3601.90483
3602.56925
3603.22904
3603.89475
3604.55741
3605.21771
3605.87836
3606.53837
3607.20539
3607.86764
3608.52953
3609.19228
3611.84386
3612.50447
3613.16754
3613.82974
3614.49293
3615.15330
3615.81762
3616.47862
3617.14046
3617.80520
3618.46626
3619.12909
3619.78999
3620.45339
3621.11552
3621.77819
3622.44051
3623.10297
3625.74916
3626.41387
3627.07898
3627.73952
3629.72659
3630.38886
3631.05148
3632.37519
3633.03890
3633.69990
3634.36377
3635.68913
3636.35188
3637.01215
3641.64965
3642.31354
3642.97501
3643.63659
3644.29846
3644.96215
3645.62396
3646.28647
3646.94849
3647.61157
3648.27438
3648.93601
3649.59774
3650.26059
3650.92342
3651.58673
3652.24727
3654.23629
3654.89713
3655.55984
3656.22283
3656.88595
3658.20933
3658.87275
3659.53371
3660.19722
3661.52097
3662.18387
3662.84583
3663.50938
3664.83437
3665.49635
3666.15902
3666.82096
3669.47168
3670.13296
3670.79491
3671.45688
3672.78311
3673.44371
3674.10673
3674.76953
3676.09388
3676.75715
3677.41881
3678.08142
3678.74477
3679.40685
3680.06831
3680.73119
3681.39447
3682.05480
