3326.16966
3326.83923
3327.50905
3328.17924
3328.85135
3330.86087
3333.54100
3334.21037
3335.55338
3336.22042
3336.89183
3338.23236
3340.24147
3340.91288
3341.58429
3342.25277
3342.92336
3343.58899
3344.26523
3344.93323
3345.60267
3346.27378
3346.94326
3350.29469
3350.96453
3352.30327
3352.97366
3654.52323
3655.19243
3655.86027
3656.53337
3657.20407
3658.54430
3659.21509
3659.88306
3660.55397
3661.89388
3662.56418
3663.23343
3663.90407
3665.24586
3665.91471
3666.58514
3667.25499
3669.93494
3670.60631
3671.27455
3671.94476
3673.28571
3673.95684
3674.62595
3675.29547
3675.96463
3676.63688
3677.30717
3677.97619
3678.64727
3679.31654
3679.98554
3680.65685
3681.32698
3681.99752
