3325.94433
3327.42309
3328.90478
3330.38765
3331.87129
3333.35245
3334.82893
3336.31100
3340.76161
3342.24535
3343.72320
3345.20993
3346.68539
3349.64382
3351.13656
3352.61338
3355.57813
3357.05962
3358.54172
3360.02372
3361.50877
3362.98729
3364.46877
3365.95684
3368.91554
3370.39759
3371.87889
3373.35983
3374.84393
3376.32389
3377.81013
3379.28882
3380.76580
3386.69663
3388.17947
3389.66081
3391.14238
3392.62401
3394.10623
3397.06947
3398.55308
3400.03238
3401.51484
3402.99762
3404.48037
3405.96022
3440.04241
3441.52761
3443.00712
3444.48864
3445.97026
3447.45203
3448.93366
3451.89973
3453.37971
3454.86186
3456.34245
3457.82458
3459.30594
3460.78939
3462.26992
3463.75023
3469.67780
3471.15992
3472.64366
3474.12843
3475.60398
3480.05295
3481.53419
3483.01665
3484.49819
3485.98076
3487.46356
3488.94387
3493.38989
3494.86857
3496.35097
3497.83605
3499.31510
3500.79706
3502.28089
3505.24358
3506.72574
3508.20796
3509.69134
3511.17291
3512.65142
3514.13276
3515.61673
3545.25353
3546.73823
3548.21777
3549.69758
3551.18145
3552.66022
3554.14462
3560.07112
3561.55058
3563.03480
3564.51665
3566.00195
3567.48113
3571.92721
3573.40878
3574.89062
3576.37254
3577.85602
3579.33671
3580.81863
3583.78386
3585.26259
3586.74533
3588.22676
3589.70873
3591.19129
3592.67195
3594.15341
3601.56377
3604.52691
3606.00990
3607.49068
3608.97229
3611.93849
3613.41890
3614.90018
3616.38053
3617.86378
3619.34524
3620.82733
3622.30846
3626.75727
3629.71706
3631.20119
3632.68025
3634.16401
3635.64519
3637.13375
3638.61055
3641.57274
3643.05808
3644.53583
3646.01801
3647.50256
3648.98254
3650.46351
3651.94390
3654.91044
3656.39305
3657.87298
3659.35733
3662.32146
3663.80194
3665.28899
3666.76440
3669.72759
3671.21118
3672.69332
3674.17275
3675.65474
3677.13629
3678.61915
3680.10190
3681.58164
