3326.12984
3326.82350
3327.51152
3328.19245
3330.96589
3333.02397
3333.70873
3334.39611
3335.78331
3337.15528
3341.97479
3342.67514
3343.35673
3345.42250
3346.11016
3346.80361
3350.92946
3354.37625
3356.44812
3357.13559
3357.83701
3358.51127
3359.20742
3360.58767
3361.96050
3363.33832
3364.72412
3366.78387
3369.54779
3370.22860
3370.91495
3371.60942
3372.29636
3372.98278
3374.36713
3375.04598
3375.74509
3376.43588
3377.12282
3379.18917
3379.87452
3380.56484
3381.25411
3386.76477
3387.45419
3388.14460
3390.90013
3391.59108
3392.97298
3393.65172
3394.34456
3397.10228
3397.79044
3398.48183
3399.16381
3399.85716
3401.24359
3401.93027
3403.30246
3403.99655
3405.36715
3438.44060
3439.13226
3439.82280
3440.51148
3441.19450
3441.88785
3442.57740
3445.33430
3446.02506
3446.71423
3449.46554
3454.97972
3456.35676
3457.73403
3458.43584
3459.11382
3460.48762
3468.76625
3472.21115
3476.33758
3487.36200
3544.55977
3553.50854
3562.46696
3565.24288
3607.25668
3618.97313
3629.32304
3635.50584
3636.19826
3643.77565
3645.15376
3646.54843
3652.04505
3655.49135
3662.38156
3663.06922
3665.13725
3669.27311
3670.65015
3671.33947
3672.72466
3673.40963
3674.09566
3674.78598
3678.91915
3679.61390
3680.29594
3680.98704
3681.67664
