3355.09556
3356.02280
3356.94596
3357.87718
3359.72616
3360.65575
3362.50751
3363.43484
3364.36556
3365.28878
3366.21285
3368.99294
3370.84747
3371.77415
3372.70001
3373.63247
3374.55371
3375.47757
3376.40754
3377.33114
3378.25864
3379.18511
3380.11077
3386.59897
3387.52479
3388.45133
3390.30499
3393.08420
3394.00982
3397.71680
3399.56944
3400.49581
3401.42230
3402.35023
3403.27462
3404.20266
3405.12893
3438.48315
3439.41037
3440.33789
3441.26314
3442.19220
3443.11535
3444.04057
3444.97088
3445.89690
3446.82252
3447.74792
3448.67660
3449.60220
3452.38234
3453.31087
3454.23512
3455.16262
3456.08806
3457.01511
3457.94421
3458.86813
3459.79454
3460.72122
3461.64698
3462.57431
3463.50132
3492.22338
3493.15030
3494.07640
3495.00440
3495.92970
3496.85606
3497.78304
3498.70949
3499.63631
3500.56205
3501.48974
3502.41554
3505.19510
3506.12142
3507.04828
3507.97526
3508.90165
3509.82818
3510.75399
3511.68073
3512.60838
3513.53473
3514.46201
3515.38670
3544.11251
3545.03725
3545.96458
3546.89037
3547.81733
3548.74260
3549.66991
3550.59667
3551.52236
3552.44910
3553.37548
3554.30192
3555.22873
3558.00936
3559.86630
3560.78836
3561.71435
3562.64144
3563.56894
3564.49482
3565.42179
3566.34694
3567.27402
3568.20063
3570.98005
3571.90631
3572.83313
3573.75996
3574.68649
3575.61290
3576.53974
3577.46598
3578.39253
3579.31913
3580.24589
3581.17299
3583.02577
3583.95176
3584.87881
3585.80474
3586.73221
3587.65813
3588.58455
3589.51094
3590.43752
3591.36404
3592.29077
3593.21737
3594.14398
3595.07035
3600.62905
3601.55709
3602.48236
3604.33660
3605.26203
3606.18827
3607.11551
3608.04316
3608.96796
3611.75007
3612.67850
3613.60155
3614.53128
3615.45335
3616.37940
3617.30800
3618.23419
3619.16157
3620.08734
3621.01353
3621.94202
3622.86733
3625.64683
3626.57301
3627.49979
3629.35290
3630.27974
3631.20807
3633.05884
3633.98578
3634.91231
3635.83898
3636.76535
3638.61975
3640.47484
3641.39787
3642.32478
3644.17746
3645.10465
3646.03084
3646.95746
3647.88370
3648.81088
3649.73668
3650.66360
3651.59010
3652.51717
3654.37065
3655.29406
3656.22292
3657.14978
3658.07720
3659.00244
3659.92875
3661.78154
3662.70878
3663.63459
3665.48855
3666.41510
3667.34150
3669.19539
3670.12107
3671.04793
3671.97722
3672.90116
3673.82750
3674.75365
3675.68048
3676.60776
3677.53377
3678.46070
3679.38628
3680.31312
3681.23969
