3354.69879
3356.04255
3357.38761
3360.07760
3362.76476
3365.46191
3366.80438
3372.18432
3376.22501
3377.57279
3378.91403
3386.98739
3388.33075
3389.67599
3391.02208
3392.36179
3393.71048
3397.74821
3399.09486
3400.44301
3401.78444
3403.12993
3404.47571
3439.45171
3440.79936
3442.14334
3443.48913
3444.83483
3446.17988
3447.52581
3448.87013
3452.90812
3454.25331
3455.59787
3456.94108
3458.28994
3459.63417
3460.97838
3462.32521
3463.66887
3469.04842
3470.39554
3471.74230
3473.08781
3474.43289
3475.77862
3479.81561
3481.15938
3482.50387
3483.84997
3485.19437
3486.54123
3487.88501
3489.23057
3491.92240
3493.26831
3494.61314
3495.95902
3497.30606
3498.65023
3499.99499
3501.33988
3502.68647
3505.37499
3506.72171
3508.06690
3509.41130
3510.75828
3512.10242
3513.45144
3514.79345
3544.39299
3545.73582
3547.08197
3548.42610
3549.77310
3551.11885
3552.46310
3553.80917
3555.15333
3557.84594
3559.19049
3560.53611
3561.88102
3563.22589
3564.57152
3565.91754
3567.26253
3571.29838
3572.64298
3573.98663
3575.33552
3576.67901
3578.02301
3579.37403
3580.71558
3583.40874
3586.09492
3587.44159
3588.78534
3590.13245
3591.47841
3592.82480
3594.16898
3600.89906
3602.24172
3604.93066
3606.27675
3607.61893
3608.96729
3611.65695
3613.00245
3614.34834
3615.69423
3617.04142
3618.38487
3619.73086
3621.07532
3622.42169
3626.45725
3627.80260
3629.14763
3630.49336
3633.18314
3634.52674
3635.86845
3637.21714
3638.56091
3641.25385
3642.60536
3643.95437
3645.29812
3646.63679
3647.97614
3649.32312
3650.66931
3652.02497
3654.70738
3656.04885
3658.74143
3660.08176
3662.78226
3665.47230
3666.81875
3670.85316
3673.54437
3674.88915
3676.23519
3677.58180
3678.92695
3680.26980
3681.61581
