3326.09205
3328.45317
3330.81596
3333.17771
3335.53920
3337.90292
3340.26513
3342.62620
3344.98872
3347.35174
3349.70986
3352.07369
3356.79990
3359.16346
3363.88332
3366.23863
3370.97461
3373.32615
3375.69844
3387.50684
3392.22995
3394.59096
3396.95378
3399.31998
3401.67901
3404.04434
3439.47630
3441.83801
3444.19927
3446.56173
3448.92456
3453.64928
3456.01067
3458.37237
3460.73520
3463.09595
3493.80589
3496.16818
3498.53067
3500.89195
3505.61707
3507.97672
3510.33902
3512.70142
3515.06316
3545.77202
3548.13526
3550.49767
3552.86049
3555.22344
3557.58593
3559.94699
3562.30990
3564.66963
3567.03358
3571.75664
3574.11987
3576.48336
3578.84399
3581.20718
3585.93027
3588.29206
3590.65678
3593.01743
3595.38165
3602.46553
3604.82885
3607.18935
3611.91679
3614.28363
3616.64010
3619.00186
3621.36324
3626.08885
3630.81184
3633.17288
3635.53633
3637.89833
3642.62280
3644.98570
3647.34688
3649.70948
3652.07115
3654.43217
3656.79565
3659.15726
3661.51906
3663.88500
3666.24560
3670.96822
3673.33042
3675.69380
3678.05576
3680.41797
