3326.08054
3326.51278
3326.94953
3328.68983
3330.86378
3334.77883
3339.99839
3340.43501
3341.30657
3342.60958
3343.04416
3345.22118
3345.65397
3346.08955
3346.52555
3350.00508
3352.61563
3356.53033
3357.40272
3357.83615
3358.27150
3359.57674
3360.01044
3360.88215
3362.62061
3363.49176
3363.92565
3364.79682
3365.66743
3369.14739
3369.58245
3370.88861
3371.32277
3371.75609
3372.19273
3372.62690
3374.36845
3374.80369
3375.23631
3376.54300
3376.97920
3377.41376
3379.15333
3379.58772
3393.07393
3393.50949
3394.37905
3397.86067
3398.29430
3400.46841
3400.90208
3404.38586
3404.81829
3405.25265
3438.31803
3438.75474
3439.18713
3440.92786
3441.36426
3441.80066
3442.23208
3444.41002
3444.84315
3445.27873
3445.71392
3446.14727
3446.58376
3447.89113
3448.32429
3448.75998
3449.19533
3449.62865
3452.24069
3452.67264
3453.10925
3453.54351
3454.84979
3455.28346
3455.72084
3456.15543
3456.58835
3457.02475
3457.45962
3457.89557
3458.76577
3459.20034
3459.63508
3460.06907
3460.50474
3460.93997
3461.37519
3462.24611
3462.68112
3463.11652
3469.64179
3470.07768
3470.51273
3470.94572
3471.38075
3473.99214
3474.42688
3474.86090
3475.29635
3475.73157
3476.16717
3478.77750
3479.21164
3479.64654
3480.95509
3481.38827
3481.82176
3482.25619
3482.69113
3483.12689
3484.86820
3485.30155
3485.73668
3486.17191
3486.60854
3487.04252
3488.34836
3488.78312
3489.21803
3489.65321
3544.46978
3544.90158
3545.33671
3545.77272
3547.51388
3547.94743
3548.38218
3548.81745
3549.25257
3549.68791
3550.99393
3551.42839
3551.86297
3552.29804
3552.73267
3554.90863
3558.38903
3559.25804
3559.69331
3560.12841
3560.56360
3562.30531
3562.73888
3563.17357
3563.60824
3564.04364
3565.78532
3566.65405
3567.08899
3567.52409
3567.95915
3571.87474
3573.61479
3574.48478
3575.35550
3577.09672
3577.52942
3577.96521
3578.39855
3580.14250
3581.00998
3581.44579
3584.49181
3585.79593
3586.66622
3591.88697
3592.31964
3593.19165
3595.36835
3602.76273
3604.50389
3607.54771
3614.94192
3615.37785
3617.98854
3618.85880
3619.29479
3619.72894
3621.03224
3621.46838
3621.90405
3622.34023
3622.77425
3623.20828
3626.25418
3626.69028
3629.73443
3630.60543
3632.77897
3633.21447
3633.65121
3634.08506
3635.82429
3636.26110
3636.69194
3644.09028
3644.52567
3644.96038
3645.39616
3647.13566
3647.57059
3648.00573
3648.44035
3648.87689
3650.61529
3651.05099
3651.48548
3651.92156
3655.83621
3658.88363
3659.75261
3661.92884
3662.36214
3662.79654
3663.23313
3665.84268
3666.27724
3667.14825
3669.32446
3669.75876
3670.19419
3670.62827
3673.67408
3674.10800
3674.54481
3676.72020
3677.15348
3677.58787
3678.02385
3678.45906
3680.19814
3680.63374
3681.06892
3681.50519
3681.94031
