3355.04396
3357.28917
3358.41236
3359.53492
3360.65835
3361.78068
3362.90390
3364.02736
3365.15015
3366.27239
3369.64177
3371.88831
3373.01051
3374.13297
3375.25631
3376.37962
3377.50209
3379.75235
3380.87019
3386.48573
3387.60871
3388.73135
3390.97819
3393.22275
3394.34630
3397.71494
3398.83811
3399.96106
3401.08380
3402.21101
3403.32964
3404.45510
3405.57440
3439.26390
3440.38643
3441.50954
3442.63227
3443.75531
3444.87803
3446.00259
3447.12348
3448.24760
3449.37033
3452.73878
3453.86114
3454.98441
3456.10756
3457.23105
3458.35243
3459.47662
3460.59951
3461.72235
3462.84449
3469.58279
3470.70631
3471.82791
3472.95137
3474.07387
3475.19656
3476.31980
3478.56582
3479.68889
3480.81249
3481.93437
3483.05771
3484.18016
3485.30316
3486.42583
3487.54899
3488.67203
3489.79476
3492.04166
3493.16436
3494.28746
3495.40981
3496.53259
3497.65526
3498.77827
3499.90159
3501.02500
3502.14742
3505.51632
3506.63901
3507.76182
3508.88495
3510.00764
3511.13101
3512.25396
3513.37694
3514.49964
3515.62208
3544.81871
3545.94199
3547.06499
3548.18711
3549.31085
3550.43366
3551.55605
3552.67846
3553.80251
3554.92492
3558.29491
3559.41685
3560.53977
3561.66264
3562.78542
3563.90846
3565.03129
3566.15423
3567.27703
3570.64923
3571.77010
3572.89269
3574.01396
3575.13700
3576.26121
3577.38342
3578.50670
3579.63061
3580.75289
3584.12239
3585.24435
3586.36798
3587.48937
3588.61333
3589.73594
3590.85872
3591.98181
3593.10416
3594.22751
3595.35089
3625.66995
3626.79329
3627.91513
3630.16137
3631.28252
3632.40736
3633.52992
3634.65272
3635.77571
3636.89902
3638.01808
3641.39122
3642.51338
3643.63618
3644.75958
3645.88200
3647.00525
3648.12825
3649.25150
3650.37411
3651.49730
3652.62034
3654.86770
3655.98837
3657.11131
3658.23408
3659.35783
3660.48095
3661.60425
3662.72665
3663.84901
3664.97208
3666.09450
3667.21806
3669.46404
3670.58670
3671.70953
3672.83264
3673.95582
3675.07883
3676.20125
3677.32434
3678.44715
3679.56999
3680.69292
3681.81598
