3357.12972
3360.23635
3363.34150
3366.45008
3369.55658
3372.66323
3375.77392
3378.87558
3388.19436
3391.30043
3394.40736
3397.51115
3441.00618
3444.10710
3447.21318
3453.42655
3456.53281
3459.63762
3462.74565
3472.06383
3475.17196
3481.38307
3484.48871
3487.59584
3493.80891
3496.91397
3500.02072
3506.23563
3509.34107
3512.44735
3515.55351
3546.61305
3549.72251
3552.83184
3562.15261
3565.25293
3571.46334
3574.57465
3577.68046
3580.78698
3583.89402
3586.99784
3590.10393
3593.21447
3602.52905
3605.64218
3608.74422
3611.84934
3614.95830
3618.05683
3621.17152
3627.37624
3630.48681
3633.59588
3636.69958
3642.91326
3646.02079
3649.12686
3652.23462
3655.33686
3658.44517
3661.55167
3664.65475
3670.87012
3673.97594
3677.08379
3680.18976
