3354.64687
3357.87552
3361.10832
3364.34197
3370.80578
3374.03670
3377.26845
3380.50395
3386.96531
3390.20538
3393.43009
3399.89712
3403.12690
3438.68999
3441.91241
3445.14257
3448.37626
3454.84125
3458.07420
3461.30727
3471.00324
3474.23674
3480.69661
3483.93407
3487.16004
3493.62633
3496.85945
3500.09142
3506.55024
3509.79170
3513.01961
3545.33773
3548.57255
3551.80261
3555.03829
3558.27035
3561.50243
3564.73462
3567.96653
3603.51923
3606.75864
3613.21651
3616.44947
3619.68127
3622.91206
3626.14893
3629.37637
3632.60713
3635.84102
3642.30424
3645.53694
3648.76804
3652.00005
3655.23523
3658.46812
3661.69903
3664.93076
3671.39399
3674.62651
3677.85857
3681.09154
