3355.01468
3356.61846
3358.22463
3359.83041
3361.43581
3363.04019
3364.64737
3366.25198
3369.46379
3371.06736
3372.67358
3374.27869
3375.88510
3377.49046
3379.09546
3380.70244
3387.12364
3388.72849
3390.33377
3391.95887
3393.53986
3398.35553
3399.96009
3401.56911
3403.18351
3404.78030
3470.57817
3472.19087
3473.81244
3475.42585
3478.63881
3481.85148
3483.47235
3485.04511
3486.64664
3488.27365
3489.86272
3493.07438
3494.68284
3496.29300
3497.89625
3499.50132
3501.10441
3502.70883
3505.92113
3507.52975
3509.13638
3510.73469
3512.34216
3513.95268
3515.55244
3544.45315
3546.05622
3547.66298
3549.26762
3550.87454
3552.47845
3554.08517
3557.29761
3560.50567
3562.11085
3563.71585
3565.32140
3566.92507
3571.74358
3573.34882
3574.95434
3576.56127
3578.16219
3579.77335
3581.37410
3582.96733
3584.59311
3586.18984
3587.79674
3589.40195
3591.00716
3592.61255
3594.21687
3600.63969
3602.24617
3603.85300
3605.45814
3607.06207
3608.66959
3611.88226
3613.47857
3615.09109
3616.69896
3618.30213
3619.90866
3621.51341
3623.11771
3626.32474
3627.94004
3629.55500
3631.13949
3632.75399
3634.36039
3635.96045
3637.59946
3642.37949
3643.98621
3645.59411
3647.19356
3648.80468
3650.41061
3652.01309
