3438.22345
3438.82967
3439.43236
3440.03581
3440.63887
3441.24158
3441.84636
3442.44673
3443.05249
3443.65575
3444.26108
3444.86046
3445.46551
3446.06897
3446.67129
3447.27553
3447.87571
3448.49159
3449.08056
3449.69002
3452.09927
3452.70466
3453.30792
3453.90473
3454.51495
3455.11925
3455.72257
3456.32651
3456.92756
3457.53084
3458.13421
3458.73810
3459.34425
3459.94523
3461.15165
3461.75387
3462.35956
3462.95924
3469.59683
3470.20264
3470.80559
3471.40629
3472.01129
3472.61233
3473.21949
3473.82130
3474.42575
3475.63097
3476.23422
3479.25290
3479.86224
3480.46269
3481.06102
3481.66510
3482.26790
3482.87488
3483.47394
3484.08624
3485.89723
3486.48969
3487.09677
3487.69818
3488.30131
3488.90197
3489.50876
3491.91956
3492.52427
3493.12621
3493.73066
3494.33647
3494.93821
3495.54032
3496.14402
3496.74721
3497.35093
3498.55848
3499.16048
3499.76339
3500.36738
3500.97009
3501.57488
3502.17742
3502.78110
3505.19347
3505.79749
3506.40052
3507.00400
3507.60680
3508.21224
3508.81311
3509.41835
3510.02420
3510.62395
3511.22837
3511.83328
3512.43343
3513.03799
3513.64120
3514.23415
3514.84945
3515.44974
3571.55856
3572.16330
3572.76683
3573.36833
3573.97189
3574.57564
3575.17850
3576.38506
3576.98936
3577.59145
3578.19444
3579.40235
3580.60852
3581.21177
3583.02013
3583.62472
3584.83179
3585.43649
3586.03768
3586.64255
3587.24591
3587.84929
3588.45225
3589.05508
3589.65867
3590.26135
3590.86590
3591.46767
3592.07199
3593.27777
3593.88158
3594.48533
3595.08820
3601.72694
3602.32795
3602.92283
3604.13328
3604.74571
3605.34607
3605.94773
3606.55351
3607.15500
3607.75682
3608.36105
3608.96448
3611.98174
3612.58469
3613.18695
3613.79138
3614.39512
3614.99950
3615.60136
3616.20386
3616.80818
3617.41088
3618.01435
3618.61792
3619.22109
3619.82397
3620.42760
3621.03186
3621.63440
3622.23704
3622.84077
