3356.39893
3359.70515
3362.95214
3366.41662
3369.73019
3372.95931
3376.31834
3379.67591
3386.20751
3389.56547
3392.94089
3399.60801
3402.82411
3439.50778
3442.82173
3446.15206
3449.46318
3452.72742
3456.11759
3459.42759
3462.73239
3492.73100
3495.99821
3499.18289
3502.51698
3506.01705
3509.23384
3512.55227
3515.90092
3545.84270
3549.19745
3552.51674
3562.47005
3565.81674
3572.45327
3575.76399
3579.11230
3585.73081
3589.07853
3592.38214
3602.36780
3605.68531
3609.01464
3612.31159
3615.67437
3618.98950
3622.29483
3625.49010
3628.95623
3632.25432
3635.60785
3642.23785
3645.57426
3648.89315
3652.18434
3655.40164
3658.77354
3662.09655
3665.50566
3668.88775
3672.07448
3675.50904
3678.80594
3682.02568
