3328.85056
3331.05549
3333.26473
3337.67937
3346.50758
3350.92079
3355.33617
3357.54608
3359.74983
3361.95736
3364.16261
3370.78436
3372.99436
3375.20088
3377.40637
3379.61115
3386.23952
3388.44274
3390.64720
3392.85429
3397.26907
3399.47537
3401.68469
3403.89695
3439.19749
3441.43234
3443.61857
3445.82317
3448.03596
3452.44234
3454.66227
3456.86029
3459.05102
3461.27082
3463.48893
3470.10254
3472.30576
3474.51366
3478.92976
3481.13576
3483.34294
3485.54967
3487.76056
3492.17737
3494.37630
3496.59666
3498.80245
3501.00379
3505.42849
3507.62632
3509.82850
3512.02455
3514.23971
3545.14143
3547.35017
3549.55091
3551.77304
3553.97150
3558.38487
3560.59472
3562.79803
3565.00392
3567.21613
3602.52419
3604.73135
3606.93762
3609.14611
3613.54452
3615.76823
3617.98241
3626.80430
3629.01253
3633.43079
3637.84524
3642.27000
3646.68517
3651.10163
3655.49349
3659.90714
3664.34445
3670.94226
3673.12117
3677.57063
3679.77866
3681.97978
