3545.42333
3546.17292
3546.92655
3547.68279
3548.44121
3549.18901
3549.94772
3550.69457
3551.45014
3552.20477
3552.95752
3553.71279
3554.46424
3555.21732
3558.24070
3559.73914
3560.49406
3561.25019
3562.00338
3562.75495
3563.50825
3564.26301
3565.76969
3566.52245
3567.27909
3568.02940
3571.04618
3571.80036
3572.55498
3573.30930
3574.06126
3574.81850
3575.56832
3576.32135
3577.07910
3577.83273
3578.58410
3579.33803
3580.09124
3580.84497
3583.10848
3583.86141
3584.61360
3585.36854
3586.12537
3586.87493
3587.62817
3588.38202
3589.13451
3589.89221
3590.64491
3591.39845
3593.65734
3594.41374
3595.16798
3601.94964
3602.70454
3604.20875
3604.96395
3605.71885
3606.47166
3607.23159
3607.98212
3608.73359
3609.48489
3611.74464
3613.26741
3614.76325
3615.52197
3618.52890
3619.28940
3620.04184
3620.79381
3621.54671
3622.30419
3623.05355
3626.06934
3626.82283
3627.57548
3629.84291
3630.59867
3632.85357
3633.60739
3636.62054
3637.37591
3641.14202
3641.89876
3642.65520
3644.15916
3644.91839
3645.66915
3646.42023
3647.17178
3647.92663
3648.68242
3649.43329
3650.19071
3650.94491
3651.69464
3652.45100
