3492.12685
3492.55849
3492.98724
3493.41912
3493.84523
3494.27415
3494.70548
3495.13406
3495.56515
3495.99007
3496.42217
3497.27840
3497.71202
3498.13557
3498.56737
3498.99516
3499.42333
3499.85506
3500.28122
3500.71194
3501.56971
3502.00065
3502.42684
3505.43006
3505.85796
3506.29063
3506.71904
3507.14878
3507.57463
3508.00380
3508.43570
3508.86358
3509.29336
3509.72138
3510.15142
3510.58054
3511.44074
3511.86636
3512.29429
3512.72441
3513.15381
3513.58420
3514.01334
3514.44155
3514.87083
3515.29941
3515.72769
