3326.23521
3328.49521
3330.76259
3333.02876
3334.15914
3336.42619
3337.55676
3342.08250
3343.21527
3344.34824
3345.48231
3346.61211
3350.00887
3351.14288
3352.27677
3354.54234
3355.67467
3356.80417
3357.93678
3359.06743
3360.20110
3361.33384
3362.46356
3363.60002
3364.73118
3365.86470
3369.25714
3370.39150
3371.52450
3372.65389
3373.78776
3374.91225
3378.32027
3379.45784
3386.24492
3390.77259
3393.03680
3394.16993
3397.56692
3399.82993
3400.96411
3402.09350
3404.35766
3405.49132
3438.32696
3439.46014
3440.58954
3441.72382
3442.85695
3443.98662
3445.12061
3446.25393
3447.38319
3448.51691
3449.65117
3451.91444
3453.04828
3454.17789
3455.31109
3456.44538
3458.70753
3459.84275
3460.97341
3462.10492
3463.23975
3468.90107
3470.02774
3471.16324
3472.29738
3473.42580
3474.55938
3475.69383
3479.08676
3480.22018
3481.35371
3482.48332
3483.61757
3484.74968
3485.88428
3487.01455
3488.14662
3489.28210
3492.67315
3493.81292
3494.94095
3496.06993
3497.20439
3498.33829
3499.46732
3500.60131
3501.73538
3505.13248
3506.26173
3507.39522
3508.52540
3509.65917
3510.79179
3511.92205
3513.05697
3514.18879
3515.31850
3544.75722
3545.89597
3547.02502
3548.15429
3549.28834
3550.42113
3551.55090
3552.68499
3553.81901
3554.94799
3558.34525
3559.47857
3560.60917
3561.74269
3562.87554
3564.00613
3565.14108
3566.27287
3567.40230
3569.65886
3570.79918
3571.93827
3573.06645
3574.19639
3575.33070
3576.46407
3577.59304
3578.72714
3579.86098
3580.99310
3583.25939
3584.38779
3585.52066
3586.65105
3587.78537
3588.91784
3590.04782
3591.18395
3592.31502
3593.44449
3594.58183
3601.37245
3602.50634
3604.76903
3605.90353
3607.03236
3608.16608
3609.29661
3611.55998
3612.69332
3613.82813
3614.96025
3616.08997
3617.22413
3618.35732
3619.48684
3620.62596
3621.75432
3622.88338
3625.15447
3626.28076
3627.41456
3629.67800
3630.81141
3631.95893
3633.07535
3634.20849
3636.47284
3640.99407
3642.13206
3644.39891
3645.52882
3646.66312
3647.79594
3648.92537
3650.05980
3651.19364
3652.32293
3654.59126
3655.72024
3656.85359
3659.11775
3660.25087
3662.51556
3663.64730
3665.91139
3667.04434
3669.30807
3670.44172
3671.57087
3673.83924
3674.96824
3676.10181
3677.23621
3678.36558
3679.49917
3680.62938
3681.76352
