3684.65203
3686.46796
3688.28374
3690.10331
3691.92003
3693.73858
3695.55412
3699.18964
3701.00648
3702.82385
3704.64130
3706.46035
3708.27536
3711.91001
3713.72695
3715.54426
3717.36207
3719.17921
3720.99749
3722.81342
3726.44877
3728.26450
3730.08210
3731.89940
3733.71631
3735.53437
3739.16838
3740.98596
3742.80262
3744.61924
3746.43723
3748.25453
3753.70586
3755.52337
3757.34076
3759.16005
3760.97677
3762.79037
3817.31255
3819.12693
3822.76128
3824.57883
3826.39603
3830.03103
3831.84782
3833.66501
3835.48228
3837.29924
3839.11697
3840.93647
