3354.58186
3355.27949
3355.98459
3357.38538
3359.49095
3360.19336
3360.89615
3362.29777
3365.10655
3365.80754
3369.31654
3371.42145
3372.13864
3372.82440
3374.22838
3374.92923
3376.33725
3377.73649
3379.14267
3379.84210
3381.25280
3386.15835
3386.85981
3387.56272
3388.26374
3388.96554
3390.36973
3391.06985
3393.17594
3393.87891
3399.49155
3400.19341
3400.89763
3401.59835
3402.29858
3403.00358
3404.40303
3469.66808
3470.37298
3471.07042
3472.47944
3473.17465
3473.87809
3474.59319
3475.28071
3475.98290
3476.68603
3478.79053
3479.49353
3480.19307
3480.89894
3481.60111
3482.29756
3483.00260
3483.70449
3485.10935
3485.81282
3486.50838
3487.21073
3487.92382
3488.61288
3489.31600
3492.13302
3492.83020
3493.52766
3494.22914
3495.62994
3496.33770
3497.03963
3497.73507
3498.43901
3499.84233
3500.54447
3501.25257
3501.94711
3502.65083
3506.15982
3506.85901
3507.56210
3508.26437
3508.96280
3509.66745
3510.37698
3511.06927
3511.77233
3512.47957
3513.17349
3513.87691
3515.28025
3544.75309
3545.45668
3546.15828
3546.85785
3547.56101
3548.26336
3548.96345
3549.66917
3550.36877
3551.06876
3551.77480
3552.47785
3553.17382
3553.88140
3554.58778
3555.27943
3558.08678
3559.49182
3560.19171
3560.89575
3561.59675
3562.29682
3563.70346
3564.40211
3565.10765
3565.81135
3566.50684
3567.21013
3567.91753
3571.42037
3572.14098
3572.82233
3573.52558
3574.22968
3574.93156
3575.63081
3576.33568
3577.03252
3577.73472
3578.43883
3579.14421
3579.83998
3580.54356
3581.24867
3583.34737
3584.05032
3585.46741
3586.15731
3587.57493
3588.26413
3588.96387
3590.36912
3591.06902
3591.77464
3593.17299
3593.87671
3594.58016
3595.27899
3655.63023
3657.03474
3659.13878
3659.84086
3660.54373
3661.94466
3662.64905
3665.46113
3666.15629
3666.85877
3670.36918
3671.06802
3673.87751
3674.58023
3675.27928
3675.98179
3676.68563
3677.38352
3678.08736
3679.48932
3680.19189
3680.90839
3681.59479
