3625.71736
3626.59624
3627.45603
3629.20456
3630.07200
3630.92694
3632.66971
3633.54163
3636.14794
3641.36644
3642.22783
3643.10183
3643.96856
3644.83827
3645.70070
3646.57962
3647.44303
3648.31029
3649.18021
3650.04969
3650.91764
3651.78638
3652.65418
3654.38959
3655.25936
3656.13405
3656.99898
3658.74073
3659.60572
3660.47773
3661.34523
3662.21428
3663.08307
3663.95168
3665.68911
3666.55816
3669.15515
3670.03127
3670.90529
3671.76957
3672.63817
3673.51029
3674.37900
3675.24614
3676.12011
3676.98462
3677.85229
3678.72145
3679.59417
3680.45961
3681.32909
