3600.98530
3601.95439
3602.93231
3603.90653
3604.88463
3605.85524
3606.82387
3607.80557
3608.77878
3611.70459
3612.68787
3613.65506
3614.63100
3615.61258
3616.57892
3617.55459
3618.53123
3619.50503
3620.48054
3621.45449
3622.42985
3623.40555
3626.32877
3627.30355
3629.25589
3630.23082
3631.21114
3632.17625
3633.15637
3634.12906
3635.10314
3636.08097
3637.06259
3640.95597
3641.93149
3642.90549
3643.87958
3644.85710
3645.83045
3646.80526
3647.77903
3648.75514
3649.72590
3650.70997
3651.68197
3652.65568
3654.60425
3655.57908
3656.55759
3658.50272
3659.48095
3660.45488
3661.43927
3662.40565
3663.38382
3664.35651
3665.32854
3666.30470
3667.27843
3669.23095
3670.21123
3671.17991
3673.13093
3674.10685
3675.08170
3676.05502
3677.02928
3678.00388
3678.97998
3679.95519
3680.92998
3681.90494
