3325.71467
3326.40118
3328.46063
3329.83198
3330.51665
3331.20269
3333.25951
3333.94609
3334.63085
3335.31993
3336.00409
3336.69055
3337.37474
3338.06092
3340.11856
3340.80430
3341.49068
3342.17448
3342.86253
3343.54353
3344.91961
3345.60595
3346.29177
3346.97814
3350.40538
3351.09383
3352.46507
3354.52139
3355.20795
3355.89389
3356.58319
3357.26731
3357.95510
3358.64258
3359.32316
3360.00909
3360.69569
3361.37877
3362.06706
3362.75239
3363.43910
3364.12523
3364.81161
3365.49701
3366.18591
3368.92477
3369.61322
3370.29802
3370.98363
3371.66919
3372.35641
3373.04123
3374.41305
3375.09878
3375.78926
3376.47049
3379.21501
3379.89949
3381.27148
3387.44518
3388.13052
3388.81664
3389.50271
3390.19085
3390.87364
3391.56040
3392.24509
3392.93129
3393.61651
3394.30337
3397.04363
3397.73009
3398.41648
3399.78773
3401.15871
3401.84770
3402.52637
3403.22078
3403.90009
3405.27543
3405.96705
