3325.86355
3326.45359
3328.22793
3328.81840
3330.59257
3332.96013
3333.55054
3334.14214
3334.73221
3335.32204
3335.91490
3336.50711
3337.09875
3340.05440
3340.64607
3341.23845
3343.01171
3345.37615
3345.96838
3346.56024
3350.10801
3350.69878
3352.47352
3354.83946
3356.02207
3357.20337
3357.79597
3358.38736
3358.97798
3359.56935
3360.16101
3360.75144
3361.34415
3361.93437
3362.52599
3363.11736
3364.30028
3364.89104
3365.48339
3366.66462
3369.03060
3369.62205
3370.21334
3370.80249
3371.39596
3371.98799
3373.76108
3374.35301
3374.94418
3376.71833
3377.30807
3379.08362
3379.67603
3380.85710
3438.21952
3438.80920
3439.40186
3439.99230
3440.58354
3441.17494
3441.76586
3442.35700
3442.94913
3443.53977
3444.72213
3445.31505
3445.90499
3446.49609
3447.08584
3447.67799
3448.26973
3448.86131
3449.45272
3452.40954
3453.00118
3453.59486
3454.18447
3454.77446
3455.36662
3455.95858
3456.54968
3457.14035
3457.73233
3458.32366
3458.91442
3459.50549
3460.09697
3460.68758
3461.27929
3461.87059
3462.46229
3463.05307
3463.64713
3469.55766
3470.14886
3470.74166
3471.33279
3471.92287
3472.51622
3473.10403
3473.69950
3474.28953
3474.88023
3475.47165
3476.06290
3476.65445
3479.01830
3479.60986
3480.20248
3480.79282
3481.38798
3481.97806
3482.57118
3483.16064
3483.74804
3484.34272
3484.93310
3485.52308
3486.11614
3486.70520
3487.29878
3487.88724
3488.48242
3489.07161
3489.66494
3492.02956
3492.62058
3493.21063
3493.80377
3494.39530
3494.98556
3495.57482
3496.76153
3497.35138
3497.94097
3498.53320
3499.12303
3499.71416
3500.30920
3500.89984
3501.49229
3502.08368
3502.67284
3505.63030
3506.22150
3506.81534
3507.40499
3507.99502
3508.58817
3509.17801
3509.76988
3510.35994
3510.95141
3511.54270
3512.13161
3512.72738
3513.31877
3513.90840
3514.49983
3515.09333
3515.68261
3544.65916
3545.24967
3545.84136
3546.43305
3547.02496
3547.61459
3548.20736
3548.79777
3549.38917
3549.98081
3550.57172
3551.16348
3551.75542
3552.34596
3552.93846
3553.53091
3554.11983
3554.71294
3557.66820
3558.26056
3559.44196
3560.62479
3561.21582
3561.80744
3562.39939
3562.99181
3563.58129
3564.17248
3564.76432
3565.35522
3565.94750
3566.53843
3567.13036
3567.72066
3571.26827
3571.85931
3572.45096
3573.04360
3573.63607
3574.22721
3574.81643
3575.41019
3575.99974
3576.59260
3577.18195
3577.77535
3578.36348
3579.55059
3580.13988
3580.72991
3581.31971
3583.09364
3583.68676
3584.27738
3584.86894
3585.46058
3586.05418
3586.64314
3587.23438
3587.82626
3588.41768
3589.60103
3590.19087
3590.78154
3591.37426
3591.96412
3593.14854
3593.74126
3594.33113
3594.92349
3601.42836
3602.01824
3602.60916
3603.79263
3604.38418
3604.97622
3605.56688
3606.74975
3607.34217
3607.93161
3608.52538
3609.11365
3612.07195
3612.66225
3613.25335
3613.84427
3614.43600
3615.02983
3615.61908
3616.21018
3616.80164
3617.39454
3617.98505
3618.57604
3619.16735
3619.75788
3620.35017
3620.94127
3621.53504
3622.12435
3622.71793
3623.30625
3626.26057
3626.85195
3627.44566
3628.03940
3629.22134
3629.81067
3630.40587
3630.99484
3632.76916
3633.36176
3633.95143
3634.54067
3635.72453
3636.31578
3636.90777
3641.04690
3641.64228
3642.22886
3642.82470
3644.00458
3645.18653
3645.77844
3646.36916
3646.95955
3647.55072
3648.14410
3648.73444
3649.32491
3649.91952
3650.50944
3651.09941
3651.69280
3652.28189
