3439.48506
3441.41637
3443.34987
3445.27575
3447.19435
3449.15366
3452.97499
3454.91121
3456.84522
3458.75665
3460.71117
3462.59923
3570.63950
3572.57443
3574.50392
3576.43345
3578.34913
3580.28943
3584.12350
3586.07410
3588.01028
3589.94019
3591.86255
3593.79724
3601.48197
3603.44434
3605.36781
3607.30173
3613.10037
3615.01993
3618.86558
3620.84201
3622.72724
3626.58257
3630.43912
3632.36451
3634.28999
3636.22369
3638.15774
3642.01478
3643.94094
3645.90346
3647.80447
3649.72912
3651.66203
3655.51682
3657.34558
3659.36362
3663.26497
3665.17734
3667.04569
3669.01474
3670.95877
3672.87194
3676.72544
3678.67031
3680.63775
