3386.74282
3387.90119
3389.05675
3391.36858
3392.52494
3393.68100
3397.15156
3398.31102
3399.46567
3401.77825
3402.93405
3404.09096
3405.24811
3468.85820
3470.01591
3471.17127
3472.33072
3473.48758
3475.80141
3479.26995
3480.42565
3481.58084
3482.74076
3483.89894
3485.05459
3486.20408
3487.36470
3488.52405
3489.68411
3491.98802
3493.14776
3494.30400
3495.46109
3496.62152
3497.77732
3498.93196
3500.08975
3501.24466
3502.40229
3505.87142
3507.02897
3508.17941
3509.33975
3510.49650
3511.65376
3512.81182
3513.96725
3515.12541
3545.19445
3546.35257
3547.50723
3548.66495
3549.82136
3550.97782
3552.13408
3553.29063
3554.44834
3557.91661
3560.23106
3561.38819
3562.54359
3563.70101
3564.85666
3566.01413
3567.17105
3571.79467
3572.95238
3574.10983
3575.26631
3576.42387
3577.57922
3578.73681
3579.89419
3581.04844
3583.35634
3584.51842
3585.68375
3586.82942
3587.99039
3589.14532
3590.30203
3591.45851
3592.61470
3593.77270
3594.92774
3655.06960
3656.22406
3658.54327
3659.69382
3662.01154
3663.17042
3664.32575
3665.48400
3666.63631
3668.94736
3670.10371
3671.25934
3672.42242
3673.57543
3674.73259
3675.89192
3677.04359
3678.20486
3679.36009
3680.51939
3681.67328
