3354.77369
3356.24664
3357.70671
3359.17030
3360.62862
3362.09119
3363.55114
3365.01512
3366.47916
3369.40190
3370.85619
3372.32140
3373.78361
3375.24193
3376.70643
3378.17905
3379.62568
3386.93402
3388.39679
3389.82664
3391.32818
3392.78981
3394.24046
3397.16748
3398.60571
3400.08651
3403.01162
3404.46905
3405.92612
3439.54837
3441.00479
3442.47201
3443.93400
3445.39313
3446.85580
3448.31662
3449.77713
3452.70023
3454.16710
3455.62549
3457.08476
3458.54782
3460.00813
3461.43742
3462.93244
3492.16359
3493.62484
3495.07288
3496.54589
3497.97739
3499.45980
3500.93171
3502.38303
3505.33361
3506.77095
3508.23372
3509.69999
3511.16189
3512.61798
3514.08400
3515.54450
3544.78095
3546.23474
3547.68499
3549.16248
3550.62176
3552.07967
3553.54396
3555.00389
3557.92629
3559.38813
3560.84904
3562.31026
3563.77287
3565.23393
3566.69680
3568.15588
3571.07265
3572.54280
3574.00171
3575.46073
3576.88726
3578.38902
3579.85069
3581.31203
3584.23573
3585.69576
3587.15700
3588.61865
3590.08063
3591.54009
3593.00363
3594.46387
3601.77336
3603.23262
3604.69485
3606.15211
3607.62024
3609.07721
3611.99052
3613.43849
3614.91156
3616.38503
3617.80765
3619.30820
3620.77040
3622.23065
3623.71222
3626.61673
3629.52633
3630.99964
3632.46044
3633.92242
3635.38305
3636.84641
3638.31190
3641.22908
3642.69209
3644.15420
3645.57562
3647.07759
3648.53785
3650.00030
3651.45949
3654.37996
3655.84315
3657.29894
3658.76926
3660.22793
3661.68952
3663.15242
3666.07399
3669.00769
3670.45919
3671.92005
3673.36713
3674.84376
3676.30737
3677.76680
3679.22916
3680.69023
3682.12482
