3325.80670
3326.72112
3327.65491
3328.59195
3329.52210
3330.45349
3331.38191
3333.24425
3334.17474
3336.04167
3336.97209
3340.69805
3342.55913
3343.49984
3345.34969
3346.28590
3347.20955
3350.01600
3350.94442
3351.87161
3352.80586
3354.66433
3355.59951
3356.53009
3357.45888
3358.39042
3359.32230
3360.25705
3362.11813
3363.04783
3363.97709
3364.91206
3365.84332
3366.77427
3369.57410
3370.50460
3371.43458
3372.35902
3373.29344
3374.22093
3375.15501
3377.02126
3378.88205
3379.81546
3380.74289
3386.32731
3387.26239
3388.20167
3389.12857
3390.99321
3391.91719
3392.84859
3393.78988
3397.51374
3398.44324
3399.36898
3400.30828
3401.23890
3402.16941
3403.09057
3404.02416
3404.95721
3405.88231
3438.48281
3439.41698
3440.34815
3441.27296
3442.21925
3443.14786
3445.00257
3445.93725
3446.86408
3447.79487
3448.72742
3449.66246
3452.45281
3453.38654
3454.31600
3455.24498
3456.18191
3457.10608
3458.04340
3458.97282
3459.90531
3460.83802
3461.76519
3462.69760
3463.62670
3469.21246
3470.16024
3471.07961
3472.01396
3472.94416
3473.87651
3474.80042
3475.73190
3476.67075
3479.45754
3480.39423
3481.32080
3482.26014
3483.18809
3484.12949
3485.04954
3485.99282
3486.91571
3487.84393
3488.77674
3489.71028
3492.50036
3493.43074
3494.36478
3495.29414
3496.22870
3497.15607
3498.08794
3499.02493
3499.95173
3500.88557
3501.80977
3505.54111
3506.47018
3507.40202
3508.33062
3509.26794
3510.19625
3511.13038
3512.05702
3512.98900
3513.92883
3514.85246
3515.78314
3544.65008
3545.58685
3546.51461
3547.44712
3548.38230
3549.30770
3550.24016
3551.17077
3552.10403
3553.03254
3553.96916
3554.90367
3557.68770
3559.55516
3560.48414
3561.41787
3562.35114
3563.27940
3564.21081
3565.14209
3566.07686
3567.00747
3567.93532
3570.73989
3571.66293
3573.52815
3574.45683
3575.38944
3576.32282
3577.24912
3578.17994
3579.11855
3580.04356
3583.76921
3585.63532
3586.55646
3587.49240
3588.42497
3589.35760
3590.28003
3591.22361
3592.14945
3593.08266
3594.01607
3594.94736
3601.45919
3602.39009
3603.32777
3604.26227
3605.19560
3606.11981
3607.05630
3607.98814
3608.91318
3611.71745
3612.64620
3613.56927
3614.50998
3615.44498
3616.36086
3617.29334
3619.15613
3620.09437
3621.01808
3621.94502
3622.88610
3625.67833
3626.61119
3627.53987
3629.40322
3630.33592
3631.26431
3633.12711
3634.06088
3634.99694
3635.92775
3636.85618
3640.57786
3641.50882
3642.44772
3643.36856
3644.31206
3645.23165
3646.16632
3647.09795
3648.03192
3648.96106
3649.89166
3650.82309
3651.75311
3652.68518
3654.54497
3655.48736
3656.40864
3657.34467
3658.28626
3659.21164
3660.13677
3661.07662
3661.99782
3662.92891
3663.86019
3664.80155
3665.72539
3666.65858
3669.45158
3670.39126
3671.30972
3673.17432
3674.10661
3675.03003
3675.96885
3676.90016
3677.83608
3678.76042
3679.70269
3680.62284
3681.55344
