3325.69214
3326.21506
3328.30417
3330.91452
3333.00306
3333.52551
3334.04799
3334.57104
3336.13717
3337.18065
3338.22737
3340.31376
3340.83585
3341.35742
3341.88054
3342.92483
3343.44623
3343.96885
3345.01379
3345.53641
3346.05809
3346.58224
3350.23509
3350.75737
3352.32400
3352.84656
3386.26455
3386.78933
3388.35460
3388.87653
3389.39921
3390.44648
3390.96573
3391.48761
3393.05504
3393.57630
3397.23065
3398.27750
3399.32146
3400.88773
3401.41188
3405.06621
3438.48468
3439.00632
3439.52850
3440.05174
3440.57458
3442.14055
3442.66289
3443.18502
3443.70727
3444.22922
3444.75089
3445.27348
3445.79528
3446.31738
3446.83988
3447.36175
3447.88381
3448.40654
3448.92862
3449.45107
3452.06229
3452.58469
3453.10544
3453.62899
3454.15075
3454.67342
3455.19463
3455.71610
3456.23914
3456.76105
3457.28427
3457.80672
3458.32826
3458.85100
3459.37257
3459.89524
3460.41719
3460.93866
3461.46179
3461.98376
3462.50503
3463.02693
3463.55203
3468.77156
3469.29392
3469.81668
3470.33850
3470.86018
3471.38246
3471.90542
3472.42676
3472.94924
3473.47192
3473.99402
3474.51596
3475.03851
3475.56044
3476.08289
3476.60478
3478.69035
3479.21674
3479.73769
3480.78270
3481.30434
3481.82468
3482.34732
3482.87476
3483.39171
3483.91726
3484.43972
3484.96168
3485.48360
3486.00391
3486.52539
3487.05069
3487.56772
3488.09197
3488.61384
3489.13974
3489.66066
3492.26819
3492.79195
3493.31764
3493.83495
3494.35980
3495.40286
3495.92508
3496.44792
3496.96817
3497.49500
3498.53661
3499.05945
3499.58247
3500.10558
3501.66958
3502.71568
3505.32320
3505.84588
3506.36867
3506.88901
3507.41399
3508.45689
3508.97971
3509.50192
3510.02527
3510.54599
3511.07047
3511.58909
3512.11271
3512.63692
3513.16091
3513.68278
3514.72415
3515.24555
3515.76843
3544.48802
3545.01227
3545.53460
3546.05731
3546.57762
3547.10097
3547.62184
3548.14473
3548.66651
3549.18942
3549.70981
3550.23302
3550.75482
3551.27670
3551.79898
3552.32076
3552.84444
3553.36753
3553.88915
3554.41023
3554.93316
3558.06569
3559.63244
3560.15449
3560.67647
3561.19907
3561.72167
3562.24336
3562.76672
3563.28889
3563.81022
3564.33196
3564.85459
3565.37696
3565.89874
3566.42132
3566.94310
3567.46533
3567.98729
3571.12188
3571.64307
3572.16557
3573.20978
3573.73193
3574.25356
3574.77595
3575.29790
3575.82087
3576.34290
3576.86486
3577.38723
3577.90989
3578.43190
3579.47652
3580.52057
3581.04265
3583.13087
3583.65331
3584.17527
3584.69930
3585.22034
3585.74237
3586.26711
3586.78668
3587.30941
3587.83171
3588.35370
3588.87527
3589.39749
3589.91938
3590.44141
3590.96340
3591.48602
3592.00899
3592.52971
3593.05272
3593.57471
3594.09801
3594.61942
3595.14204
3601.40877
3601.93024
3602.45225
3602.97464
3604.01850
3604.54103
3605.06309
3605.58590
3606.10694
3606.62921
3607.15242
3607.67343
3608.19589
3608.71845
3609.24085
3611.85291
3612.37315
3612.89671
3613.41896
3614.46075
3614.98550
3615.50673
3616.02863
3616.55065
3617.07330
3617.59634
3618.11768
3618.64104
3619.16197
3619.68522
3620.20880
3620.72920
3621.25107
3621.77336
3622.29503
3622.81715
3623.34148
3625.95202
3626.47445
3626.99690
3627.51650
3628.04176
3630.12886
3630.65071
3632.74039
3633.26110
3633.78382
3634.82784
3635.87058
3636.39543
3636.91727
3640.57259
3641.09394
3641.61506
3642.14003
3642.66144
3643.70498
3644.22816
3644.74915
3645.27172
3645.79406
3646.31759
3646.83792
3647.36074
3647.88163
3648.40577
3648.92673
3649.45241
3649.97189
3650.49384
3651.01549
3651.53895
3652.06079
3652.58249
3654.67016
3655.71406
3656.23645
3656.75954
3657.28344
3658.32562
3658.84849
3659.36971
3659.89435
3660.41594
3661.98174
3662.50368
3663.02625
3663.54815
3665.11620
3665.63733
3666.15929
3666.68199
3667.20497
3669.29171
3669.81622
3670.33672
3670.85915
3671.38063
3671.90378
3673.46999
3673.99305
3674.51292
3675.03705
3676.08294
3676.60524
3677.12712
3677.64843
3678.16907
3678.69098
3679.21392
3679.73559
3680.25858
3680.78116
3681.30275
3681.82377
