3684.15603
3685.54709
3686.89077
3688.22382
3690.90881
3692.29274
3693.65107
3703.08969
3704.38609
3707.11096
3708.46921
3712.49585
3713.84429
3716.54959
3717.86293
3719.24827
3730.05147
3731.35387
3734.07914
3735.42293
3736.77876
3739.47220
3742.16774
3743.47016
3744.85984
3748.87737
3754.26703
3755.64203
3757.00439
3761.04487
3762.36765
3816.30678
3817.68614
3819.03178
3820.36087
3821.75403
3823.06351
3824.42707
3825.77616
3827.16889
3829.81732
3832.50360
3833.85825
3835.22144
3836.56344
3837.90554
3839.23623
3840.59240
