3545.21098
3546.28142
3547.35427
3548.42077
3550.55978
3551.62671
3552.69557
3553.76899
3554.83516
3558.04591
3560.18024
3561.24959
3562.31746
3564.46162
3565.52561
3566.59704
3567.66844
3571.94183
3573.01005
3574.08295
3575.14959
3576.21787
3577.28977
3578.35840
3579.42505
3580.49652
3581.56410
3583.70404
3585.84044
3586.91102
3587.98046
3590.11762
3591.18722
3592.25538
3593.32423
3594.39455
3595.46308
3601.87966
3602.94675
3604.02044
3605.08641
3606.15463
3607.22630
3608.29412
3609.36213
3612.56930
3613.64054
3614.70931
3615.77720
3616.84730
3617.91768
3618.98682
3620.05413
3621.12448
3622.19436
3623.26164
