3355.24893
3356.46054
3357.67281
3360.09831
3361.30882
3362.52037
3364.94491
3366.15874
3369.79543
3371.00599
3372.21865
3374.64126
3377.06806
3378.28052
3379.49122
3386.76991
3387.97604
3390.40027
3391.61407
3392.82495
3397.67281
3398.88341
3400.09719
3402.51892
3404.94535
3438.88748
3440.09731
3441.31513
3442.52213
3443.73253
3444.94639
3446.15819
3447.37146
3448.58291
3449.79285
3452.21737
3453.43212
3455.85634
3457.06777
3458.28033
3459.49206
3460.70383
3461.91462
3463.12811
3469.19019
3470.40320
3472.82431
3474.03667
3475.25015
3476.46195
3478.88572
3480.09786
3482.52144
3483.73376
3484.94528
3486.15701
3487.36984
3488.58155
3489.79491
3492.22067
3493.42826
3494.64341
3495.85750
3497.06650
3498.27649
3499.49105
3500.70302
3501.91994
3505.54923
3506.76302
3507.97693
3509.18574
3510.40307
3511.61285
3512.82237
3514.03511
3515.24737
3571.00378
3572.21901
3573.43035
3574.64065
3575.85471
3577.06624
3578.27809
3579.49335
3580.70295
3583.12562
3585.55256
3586.76290
3587.97505
3589.18705
3590.40050
3591.61240
3592.82320
3594.03350
3595.24673
3602.52028
3603.73231
3606.15587
3607.36925
3608.58049
3611.00581
3613.42769
3615.85405
3617.06335
3619.48936
3620.70276
3621.91481
3625.54300
3626.76213
3627.97622
3629.18607
3630.39626
3631.60662
3632.82373
3634.03502
3636.45794
3641.30649
3642.51911
3643.73173
3644.94417
3646.15511
3647.36783
3648.58121
3649.79086
3651.00257
3652.21641
3654.63939
3655.84998
3657.06081
3658.28476
3659.48883
3660.70018
3661.91376
3663.12279
3664.33692
3665.54689
3666.76068
3669.18433
3670.39967
3671.60922
3672.81986
3674.03323
3675.24652
3676.46184
3677.66915
3678.87957
3680.09484
3681.30575
