3327.41409
3329.34231
3331.26695
3333.19257
3335.11796
3337.04488
3340.89977
3342.82415
3344.74769
3346.67687
3350.52857
3352.45388
3354.35965
3356.30562
3358.23216
3360.16014
3362.08551
3364.00669
3365.93869
3369.79015
3371.71454
3373.63898
3375.57149
3377.49381
3379.41772
3387.12330
3389.05425
3390.97634
3392.90211
3398.68149
3402.52256
3404.45677
3439.12726
3441.05340
3442.97948
3444.90562
3446.83173
3448.75770
3452.61075
3454.53619
3456.46243
3458.38763
3460.31544
3462.24063
3493.05794
3494.98434
3496.90742
3498.83566
3500.76162
3502.69205
3506.54079
3508.46556
3510.39365
3512.31898
3514.24448
3545.06122
3546.98613
3548.91316
3550.84003
3552.76344
3554.69379
3560.46812
3562.39621
3564.32294
3566.25106
3568.17466
3572.02651
3573.95295
3575.87883
3577.80463
3579.73086
3583.58310
3585.52458
3587.43462
3589.36219
3591.28751
3593.21384
3595.13912
3600.92664
3602.84166
3604.76979
3606.69681
3608.62200
3614.40032
3616.32675
3618.25228
3620.18016
3622.10399
3625.95581
3627.88698
3629.80855
3631.74653
3633.65982
3635.58676
3641.36436
3643.28420
3645.21838
3647.14352
3649.06804
3650.99553
3654.85176
3656.77140
3658.70182
3660.62745
3662.55253
3664.48209
3666.40298
3670.25559
3674.10871
3676.03087
3677.96010
3679.88584
3681.81085
