3325.97896
3326.72927
3328.21534
3328.95859
3330.44497
3333.41438
3334.14929
3336.37891
3337.13173
3340.08920
3340.84362
3341.57039
3342.31793
3343.05206
3343.79933
3345.28014
3346.02412
3349.70726
3350.47980
3351.21529
3351.97010
3355.67051
3356.41167
3357.15077
3357.89058
3358.63633
3359.39595
3360.86181
3362.34646
3363.08800
3364.57500
3369.02453
3369.77375
3370.51676
3371.25256
3372.00078
3372.73419
3374.22534
3375.70569
3376.44139
3379.40776
3387.57615
3389.07339
3392.02810
3393.51131
3397.21312
3397.97913
3399.45662
3400.92786
3401.67150
3403.15646
3403.90103
3405.38626
