3438.32520
3439.01151
3439.69963
3440.38701
3441.08242
3441.76217
3442.44870
3443.13553
3443.82301
3444.51074
3445.19716
3445.88418
3446.57136
3447.25856
3447.94726
3448.63394
3449.32021
3452.06826
3452.75536
3453.44378
3454.13110
3454.81914
3455.50645
3456.19422
3456.88005
3457.57508
3458.25453
3458.94178
3459.62885
3460.31728
3461.00318
3461.69050
3462.37771
3463.06497
3463.75630
3468.56334
3469.24926
3469.93730
3470.62483
3471.31161
3471.99826
3472.68716
3473.37355
3474.06002
3475.43473
3476.12205
3478.86946
3479.55814
3480.24248
3480.93478
3481.61876
3482.30695
3483.00164
3483.68352
3484.36255
3485.05414
3485.73903
3486.42711
3487.11840
3487.80504
3488.49545
3489.17710
3489.86913
3492.61149
3493.29718
3493.98894
3494.67229
3496.73362
3497.41430
3498.10762
3498.79838
3499.47770
3500.16716
3500.86284
3501.54430
3502.24256
3506.35630
3507.03576
3507.72774
3508.42020
3509.10310
3509.79025
3510.47864
3511.16365
3511.84864
3512.53878
3513.22636
3513.91726
3514.59908
3515.29322
