3325.91051
3326.46447
3327.01954
3327.57259
3328.12497
3328.67868
3330.89339
3331.44695
3333.10851
3333.66212
3334.21575
3334.77037
3335.32312
3335.87707
3336.43092
3336.98409
3338.09124
3340.30608
3340.85981
3341.41322
3341.96722
3342.52010
3343.07493
3344.18257
3345.28852
3345.84287
3346.39584
3350.27251
3350.82501
3351.93258
3352.48505
3354.69946
3355.25260
3355.80760
3356.91380
3357.46872
3358.57560
3359.12991
3359.68247
3360.23610
3360.78968
3361.34171
3361.89768
3362.45076
3363.55948
3364.11459
3364.66480
3365.22008
3365.77265
3366.32667
3369.09474
3369.64841
3370.20201
3371.30910
3371.86350
3372.97008
3374.07809
3374.63073
3375.18478
3375.73743
3376.29237
3376.84564
3377.39932
3379.05995
3379.61329
3381.27490
3386.25796
3386.80987
3388.47307
3389.02519
3389.57974
3390.13292
3390.68517
3392.90067
3393.45485
3394.56167
3397.33383
3397.88367
3398.43790
3399.54542
3400.09920
3401.20597
3401.76053
3402.86835
3403.42314
3403.97313
3405.08431
