3326.88435
3328.37911
3329.86326
3331.36340
3332.84754
3334.33632
3335.82967
3337.32245
3340.30480
3341.79386
3343.28367
3344.77554
3346.27347
3350.74602
3352.23232
3355.21166
3356.70651
3358.20405
3359.69409
3361.17644
3362.67957
3364.16430
3365.65592
3370.13437
3371.62272
3373.11334
3374.60593
3376.09931
3377.58770
3379.08034
3380.56853
3654.97228
3656.46752
3657.94199
3659.44263
3660.92942
3662.43055
3663.91605
3665.40189
3666.89705
3669.90252
3671.37249
3672.85416
3674.35903
3675.84838
3677.33571
3678.82651
3680.32059
3681.81116
