3684.20510
3685.12171
3686.03943
3686.95905
3688.79624
3689.71360
3690.63236
3691.55224
3692.46731
3693.39116
3694.30552
3695.22347
3697.97873
3698.89844
3699.81614
3700.73559
3701.65256
3702.57523
3703.49084
3704.40936
3705.32697
3707.16473
3708.08272
3709.00094
3709.91919
3711.76040
3712.67460
3713.59316
3714.51214
3715.43409
3716.34983
3717.26691
3718.18497
3719.10544
3720.02335
3720.94063
3721.85756
3722.77768
3726.45084
3727.37008
3728.28888
3729.20568
3730.12409
3731.04466
3731.96180
3732.88091
3733.79854
3734.71647
3735.63549
3736.55637
