3326.39780
3327.89669
3329.39927
3330.89217
3333.88827
3335.39725
3336.88438
3341.38103
3342.87732
3345.87376
3347.37125
3350.36886
3351.86492
3354.86483
3356.35626
3357.85906
3359.35703
3360.85654
3362.35339
3363.85213
3365.34914
3366.85226
3369.85110
3371.34350
3372.84153
3374.33788
3375.83860
3377.33702
3378.83374
3386.34117
3387.82329
3389.31739
3390.82004
3393.81502
3398.31152
3399.80860
3401.30701
3402.80310
3404.30359
3405.81384
3438.76042
3440.25984
3441.75524
3443.25569
3444.75484
3446.25187
3447.75019
3449.24979
3452.24440
3453.74278
3455.24088
3456.73965
3458.23752
3459.73537
3461.23396
3462.73213
3468.72464
3470.22395
3471.72144
3473.21922
3474.71794
3476.21542
3479.21169
3480.70979
3482.20656
3483.70691
3485.20431
3486.70273
3488.20162
3489.70070
3492.69621
3494.19296
3495.69214
3497.18968
3498.68826
3500.18552
3501.68447
3506.17890
3507.67700
3509.17593
3510.67343
3512.17137
3513.66976
3515.16727
3545.13189
3546.62949
3548.12890
3549.62428
3551.12362
3552.62213
3554.12086
3560.11325
3561.61205
3563.11049
3564.60782
3566.10709
3567.60397
3570.60171
3572.09910
3573.59653
3575.09481
3576.59288
3578.09227
3579.58332
3581.08687
3584.08432
3585.58469
3587.08950
3588.57869
3590.07875
3591.57461
3593.07499
3594.57159
3603.55455
3605.05784
3606.55815
3608.05481
3617.04462
3618.54481
3620.04111
3621.54006
3623.03822
3626.03415
3627.53199
3629.02751
3630.52877
3632.03150
3633.52327
3635.02381
3636.52184
3641.01389
3642.51311
3644.01054
3645.50965
3647.00789
3648.50550
3650.00453
3651.50220
3654.50369
3655.99823
3658.99374
3660.49032
3661.99024
3663.48701
3664.98642
3666.48397
3669.48081
3670.97866
3672.47408
3673.97367
3675.47305
3676.97150
3678.46845
3679.96786
3681.46567
