3355.95738
3357.73013
3359.50918
3361.28276
3363.06107
3364.83296
3366.61622
3370.16535
3371.93824
3373.71711
3375.49142
3377.27076
3379.04361
3380.82487
3386.15016
3387.93038
3389.70251
3391.48440
3393.25574
3398.58519
3400.35713
3402.14090
3403.91458
3405.68918
3439.42589
3441.20525
3442.97776
3444.75711
3446.53038
3448.30996
3451.86257
3453.63544
3455.41446
3457.18794
3458.96759
3460.74118
3462.52148
3469.62845
3471.40203
3473.18193
3474.95210
3478.50820
3480.28396
3482.05698
3483.83510
3485.60727
3487.38664
3489.15709
3545.99301
3547.77228
3549.54705
3551.32494
3553.09729
3554.87635
3558.42782
3560.20241
3561.97963
3563.75123
3565.53035
3567.30347
3625.91565
3627.68974
3629.46882
3631.24179
3633.02121
3634.79540
3636.57269
3638.35094
3641.89514
3643.67435
3645.44745
3647.22557
3648.99863
3650.77684
3652.54979
