3325.94231
3326.80474
3327.67543
3328.53594
3329.40491
3331.13745
3333.73104
3334.59699
3335.46329
3336.32976
3337.19502
3338.06108
3340.65866
3341.52430
3342.39014
3343.25533
3344.12227
3344.98720
3345.85374
3350.18229
3351.04849
3351.91425
3352.77887
3354.50909
3355.37613
3357.10939
3357.97724
3359.70748
3360.57306
3362.30459
3363.17038
3364.03567
3364.90215
3365.76643
3366.63478
3369.23068
3370.09786
3370.96275
3371.82924
3372.69362
3373.56075
3374.42559
3375.29304
3377.02629
3378.75651
3379.61948
