3387.88624
3390.30489
3395.10426
3397.52456
3399.94437
3402.34401
3404.76347
3438.49913
3440.91136
3443.31781
3445.72936
3448.14272
3452.96020
3455.37082
3457.78198
3460.19147
3462.60224
3469.83722
3472.24820
3474.63951
3479.47386
3481.88058
3484.29076
3486.70539
3489.11401
3493.93175
3496.34279
3498.75686
3501.16908
3505.98261
3508.39830
3510.80798
3513.21566
3515.62623
3571.06385
3573.47472
3575.88472
3578.29484
3580.70447
3583.12318
3585.52233
3587.93718
3590.34374
3592.75818
3595.16334
3602.39391
3604.80820
3607.21764
3612.04026
3614.44998
3616.85748
3619.26805
3621.68110
3655.42605
3657.82936
3660.24494
3662.64866
3665.06324
3667.47495
3669.88721
3672.28776
3674.70659
3677.11825
3679.52552
3681.93103
